0.1220083601200862,26.250394743712125,0.006865539759713085,0.0012325425619509841,1.5345609242958829e+29,53868791.57712796,5.2812891706612905e+36
0.11735284139820662,29.015063432413985,0.005974354933143231,0.0008525082834708088,1.7511334605804975e+29,74671048.11821324,5.185657437894949e+36
0.11322369349168329,32.35576022777883,0.0051690013400448615,0.0005930215771746928,2.1005428961865154e+29,107138611.25195877,5.138108784376658e+36
0.10959116333919841,36.43580649853175,0.004442915825997261,0.0004207049793760984,2.698501131170693e+29,162011546.11361548,5.1422681686788784e+36
0.10641165127501277,41.44488373398722,0.0037926187875941225,0.0003112492683933541,3.801596199214341e+29,264436329.15648803,5.2055813357842194e+36
0.12721460860363135,23.95652305246929,0.007843937681717768,0.0017690783990018612,1.3943411038986803e+29,39717796.600367054,5.42339070643511e+36
0.10363946273881224,47.73556375379557,0.0032070374561069823,0.00024367217074563072,6.032804185641983e+29,478844509.3723632,5.343208497329882e+36
0.13934064237697152,20.45891312290526,0.010060421702027339,0.003461376302383543,1.2392662549685827e+29,22391161.893386137,5.8456269039028e+36
0.13298912178036817,22.048193405957743,0.008909719742601834,0.0025002763428258507,1.3012360248729176e+29,29687698.82628641,5.611480299640272e+36
0.14626759820882332,19.12760857734939,0.011295576192862193,0.004688916032320875,1.1991647462979317e+29,16999621.4112161,6.12602556150467e+36
0.10123952231520486,55.80422838638508,0.002679809454939147,0.00020455603696928166,1.1057344885573664e+30,986737121.2480496,5.584603167483031e+36
0.15375711314864332,18.007403158854302,0.012612612809110376,0.006213849739209852,1.1752200814794986e+29,12979087.783342008,6.452699257662319e+36
0.16178453829890774,17.06565754910389,0.014003446048566941,0.008048502990434699,1.1636791680635602e+29,9964356.064022057,6.825274165193702e+36
0.170313535497328,16.26713969639705,0.015465319742772038,0.010211968501265553,1.1618992332197391e+29,7695266.956345273,7.242777500276942e+36
0.09918827445482568,66.43420681367608,0.00220541089697529,0.00018507959371154002,2.3923258084297867e+30,2364937663.952243,5.987957372854225e+36
0.17929749602709252,15.595383398475137,0.016982401476554707,0.012674242376018286,1.1678990501011415e+29,5981846.032814072,7.703612801241568e+36
0.19848159297891968,14.547001605832882,0.02015429844305538,0.01840171843144689,1.1973712671938312e+29,3689170.2332583303,8.749844665807127e+36
0.18869618262474636,15.036137885454394,0.01853735427069036,0.015372546501617613,1.1801313052892657e+29,4681831.797836772,8.206333636496031e+36
0.20862733074435608,14.137519403284813,0.02179811416276169,0.021603112336781506,1.2186680104417442e+29,2926378.187832723,9.333368278456329e+36
0.21910807180793462,13.778725262439053,0.023489310645902695,0.025061452723703078,1.2432385345669765e+29,2336488.379748477,9.955819126768645e+36
0.22989956419346727,13.479600934975503,0.025193125385392232,0.028580014450723376,1.2704296956255765e+29,1877417.8567778307,1.0616457049454626e+37
0.25232299194754987,12.986007819204724,0.028701335204821047,0.036071348416651675,1.3305882832308198e+29,1234697.62852895,1.2047776526089581e+37
0.2639117556479698,12.785950007039595,0.030489244918898633,0.039923316615738454,1.3626823799000353e+29,1010187.5435741359,1.2816497549035495e+37
0.2757244612433306,12.616690587689387,0.032281282427297484,0.04370644308867524,1.3956475071091007e+29,831189.9967084002,1.3619346622872045e+37
0.2877416455642915,12.45650433207665,0.03412144971841463,0.04770858381489205,1.4291587064079507e+29,687650.7044884941,1.4454609451142433e+37
0.24097863864158142,13.21957045449829,0.026926638387474545,0.03222955550397417,1.2997027928073064e+29,1517932.1758428544,1.1314169446481036e+37
0.2999447636573324,12.327516658474678,0.03594070747081519,0.05144686169203196,1.462985073678227e+29,571918.993922857,1.532204482665995e+37
0.3123159141985277,12.208335049385626,0.03778840923551559,0.05525745170122621,1.4968423719630617e+29,478086.56979388226,1.6219736978930112e+37
0.33749462505856104,12.016812957561738,0.04148570687496918,0.06248449070266576,1.5639460180074161e+29,338991.2614860808,1.810222664508153e+37
0.3248380226766663,12.108771293599318,0.039626682658234005,0.05886398328600348,1.5305694717444373e+29,401624.1351164373,1.714706644851017e+37
0.3631499165322771,11.867398373835782,0.045201345496629956,0.06928861419868881,1.6290803277779766e+29,244801.34726588408,2.0092158959928234e+37
0.3502703789431197,11.938747507867708,0.043337672167146686,0.06591054596633553,1.5968045574981916e+29,287432.41916600545,1.9084503761057007e+37
0.3891644520969402,11.738875682762304,0.048969717085566154,0.0759563860305848,1.691218914725824e+29,179818.78511173002,2.217803660150212e+37
0.3761192639670958,11.799545472368347,0.047084854691811916,0.07268245790048408,1.6605769833676997e+29,209378.54327347313,2.1123656436404296e+37
0.4022725912329088,11.69868495441399,0.05079305475690972,0.07862392646507178,1.7208498321437735e+29,155039.3027076702,2.3255840783139e+37
0.41543118732292084,11.64897027509598,0.05267839021206025,0.08165466285198611,1.7495312031761387e+29,134192.19477053423,2.4352181040582017e+37
0.46834125925410053,11.519102215849294,0.06005715047965877,0.0914579496785638,1.8527534839018507e+29,78038.08250542458,2.891968669202789e+37
0.4418527569395711,11.577752140317916,0.05637340358763079,0.08679536395020242,1.8035192619951134e+29,101632.82258756635,2.660293238024738e+37
0.455093792973095,11.5482637675489,0.058211012404722325,0.0891405140376685,1.8287806819237505e+29,88911.53582407726,2.775393103867491e+37
0.4286283603774166,11.608988386091745,0.0545390365113928,0.08437771180905589,1.7770622639368794e+29,116573.32332480319,2.5468257285475293e+37
0.4815853091105827,11.488433844661586,0.06192034075310557,0.09382469427117723,1.8755312894941464e+29,68716.21196612467,3.0098425601331165e+37
0.49481762088000886,11.467531990595264,0.06373766242156448,0.0957708973011476,1.897083188547403e+29,60696.21913066267,3.129165744217934e+37
0.5080315169211095,11.449000173775072,0.06554567327411343,0.09757887320798268,1.917328932785149e+29,53770.539708380435,3.249687941318347e+37
0.5212205233700853,11.429211017141112,0.06736374016373084,0.09940318169766113,1.9363531153167028e+29,47772.51069830881,3.3712090133366257e+37
0.5736149545200955,11.377153243038004,0.07447453367534608,0.10504382093110773,2.0000532884297394e+29,30566.11824760882,3.8666472298575903e+37
0.5605809530800058,11.388296985539865,0.07271106211643252,0.1037986836980086,1.9860436277302112e+29,34048.51256265861,3.741618009168337e+37
0.5865980821868395,11.366147160970367,0.076233928287983,0.1062322589596941,2.012916720046705e+29,27505.76075142015,3.9922735751990283e+37
0.5475006263237476,11.399418469901823,0.07094517408721597,0.10249522026160812,1.9706981747443336e+29,38018.76983437817,3.617269203977269e+37
0.5343787858768982,11.410280709186566,0.06917892599243175,0.10115024009251354,1.9541215732409224e+29,42560.48638864293,3.4936851582718166e+37
0.6123953858393555,11.346577684846455,0.0797237932298874,0.1083399199370502,2.035241652013627e+29,22426.29242388234,4.245081266205571e+37
0.5995264532122339,11.359645153453497,0.07795868777399811,0.10715976688245486,2.0246903086834366e+29,24809.493586298562,4.1186148772723204e+37
0.6252019207924232,11.337486528382113,0.08145625791281115,0.10928058565137304,2.0447016676647945e+29,20315.5919307326,4.372085300451201e+37
0.6506138132741096,11.328454801612766,0.08483470198664174,0.1105587217858573,2.0603898772605803e+29,16773.9002923969,4.627380455299023e+37
0.6632131504959682,11.31976757871587,0.08654391834727614,0.11131971845367396,2.0666296972387884e+29,15286.14829445217,4.75505113219921e+37
0.6757377491616339,11.320473986539874,0.08817277413303928,0.11156814398681605,2.071888028444723e+29,13956.496929799794,4.883396674399644e+37
0.6881849972437228,11.309074814174451,0.0898874496807594,0.11236475515115821,2.076196777537929e+29,12765.668354999993,5.010980659289953e+37
0.6379425713088115,11.329601751851508,0.08317405505763836,0.11010995379269768,2.053065564019183e+29,18441.487291313355,4.499434207335731e+37
0.7005529190892725,11.30852676072653,0.09150732335249467,0.11257342499247597,2.079548469565957e+29,11696.754095731736,5.139267218483562e+37
0.7128392877328121,11.308829684650197,0.09310969398595896,0.1126892419512348,2.081966763282899e+29,10735.36220559653,5.2675564277215415e+37
0.7250422814779499,11.299469983123219,0.09478207146241738,0.11323839547551313,2.083469217408219e+29,9868.961803586011,5.394969330339749e+37
0.7371600861578655,11.297991249982973,0.0963787996927347,0.1133513967912506,2.0841840294862062e+29,9087.157403340874,5.522801655853289e+37
0.7611343775550211,11.289138948337229,0.09959131219434281,0.11374174859033331,2.0831810197344706e+29,7739.650836840858,5.777201101209805e+37
0.7729882892400927,11.292689094815833,0.10111055123875654,0.11347018499995025,2.0814771025107116e+29,7158.270626771772,5.904671646619688e+37
0.7847511368027243,11.289376867971583,0.10267930432327144,0.11350977873917989,2.0791515677811557e+29,6630.212231047748,6.03112622599216e+37
0.7491916730201983,11.293532823108213,0.09799051913654976,0.11357682013395402,2.084211628921628e+29,8380.658687717665,5.650154126329437e+37
0.7964231294771553,11.282124431298241,0.10427349110942573,0.11370071648160952,2.075967953494187e+29,6148.969966655953,6.156760311603028e+37
0.8080024111353183,11.28298494002608,0.10578146647717585,0.11345806393358389,2.0723276807452965e+29,5710.790021893707,6.282774039045892e+37
0.8194882067554156,11.280483773265882,0.10730894325134209,0.11334356015074555,2.067942661687689e+29,5310.384902676774,6.407941368720443e+37
0.8421784015736254,11.28027721012151,0.11028215959914635,0.11276134123186358,2.0571317752222008e+29,4608.320368562368,6.657258364547162e+37
0.8533818441477182,11.279686696376565,0.11175508603513383,0.11245935875883814,2.0510856896252945e+29,4300.984303754342,6.781022873099581e+37
0.8755046386946186,11.273203153493466,0.11471812845826783,0.1120174838760289,2.0371616783837443e+29,3758.6707854005977,7.026020318552916e+37
0.8644906798622205,11.271857476557031,0.11328848311901209,0.11247337577842904,2.044232044088792e+29,4018.1825385630386,6.9032419870869075e+37
0.8308806902281749,11.282859154633732,0.10877784090485271,0.11293899879927993,2.0627318992458727e+29,4943.6817173754625,6.533163561438969e+37
0.8864232990746397,11.27177037236968,0.11616357389896755,0.11165658334089106,2.0293082249752268e+29,3519.1943348918253,7.147772787968824e+37
0.8972474763896429,11.27274714270387,0.11757186713116088,0.11116672576870618,2.0212808400769625e+29,3298.87970771896,7.2692082865605e+37
0.90797668772444,11.262199387440939,0.11908921196943946,0.11120643415967016,2.012560719308037e+29,3095.1132812625915,7.388228470712506e+37
0.9291522377570743,11.262994883279553,0.12185796621425292,0.11015164583223583,1.9941758012650096e+29,2732.940041355029,7.6273693366748245e+37
0.9186118329847232,11.265140039847383,0.12045265461338171,0.11057107578188707,2.0036761413922554e+29,2907.156404994733,7.508556354758348e+37
0.9395993986883727,11.255484613502492,0.12331033191426902,0.10997952671875835,1.984430332965995e+29,2571.717461438107,7.744549102173521e+37
0.9499527813685416,11.2552084756397,0.12467213884112863,0.10943628331841361,1.97438603576989e+29,2422.2726476426783,7.862142882692806e+37
0.9602130749855667,11.253138097840955,0.12604188860857743,0.1089542568768002,1.963882331458789e+29,2283.381267427506,7.978659510997892e+37
0.9804573840092724,11.246213569196987,0.12877849051386017,0.10808149773483619,1.9421644695920168e+29,2034.4332461859074,8.208807834052313e+37
0.9703810546608488,11.253477990238439,0.12737273617488198,0.1083481621265708,1.9532525302832044e+29,2154.5069458608546,8.094829821894047e+37
0.9904417787345636,11.243054614077012,0.13012644533987333,0.10760008576492433,1.9307997603181925e+29,1922.6203143489654,8.322705693405831e+37
1.0003359885410092,11.245009273932421,0.13140352350285808,0.10686722555110464,1.9193166973861097e+29,1818.5205868398082,8.43680298179096e+37
1.0101399319510715,11.244515867616082,0.1326971859728353,0.10623018666143118,1.9074570600120094e+29,1721.2665134162733,8.549622063590897e+37
1.0198546096463477,11.236564312291852,0.13406816233996438,0.10593449237689558,1.8954315975272256e+29,1630.4889048532546,8.660073865324785e+37
1.0390176327463785,11.233404746434207,0.13662571444648172,0.10470960389121677,1.8708827438731752e+29,1466.3344152631712,8.881082806198837e+37
1.0294801292428453,11.235589542221637,0.1353452561593602,0.1052934254588555,1.8831442907320144e+29,1545.5917952053699,8.771122307012755e+37
1.0484680492090064,11.234159813694024,0.1378591314125325,0.10396719445759503,1.8582422518927035e+29,1391.9619901909161,8.990873097510828e+37
1.0578323295676566,11.226358821718255,0.13918705690105326,0.10361577866752766,1.8455401951397e+29,1322.3316013691501,9.097879568378735e+37
1.067110283763752,11.225242862274438,0.14042178667127245,0.10293274566330043,1.8324633790818398e+29,1256.868453153132,9.205558708103828e+37
1.0763030776801226,11.224101496796727,0.14164587517108745,0.10225159312700562,1.8194118827821063e+29,1195.526380781443,9.31239713068119e+37
1.0854119753377762,11.21527429230047,0.14295707197226593,0.10191012123741251,1.8062166175099777e+29,1137.8835972663378,9.41649320274603e+37
1.0944376506252933,11.218314404765366,0.14410675968303882,0.10102451796413149,1.7929486070001893e+29,1083.7117024314243,9.522702378046344e+37
1.1122411233506277,11.206286542803296,0.14660816583535125,0.10004360321799226,1.766041716042116e+29,984.7075407127505,9.727925953089042e+37
1.1033801689600395,11.206522021079381,0.14543711817432617,0.10079794699576038,1.7795448920960962e+29,1032.723656296637,9.624245077977644e+37
1.1210213059776402,11.20792344451767,0.14774392967811822,0.09920319851659713,1.7524856539293253e+29,939.4770709200136,9.831302834330697e+37
1.1297211607430153,11.204740098726147,0.14893281955492996,0.09857658390135797,1.7389444844220787e+29,896.8719618302446,9.932538325178645e+37
1.1383424583506883,11.196040277681098,0.15018598860954122,0.09817589230338705,1.725163000648767e+29,856.5771989169363,1.0031366027897944e+38
1.1468854744489787,11.19535418022116,0.1513223753461002,0.09742275224971957,1.71140422537519e+29,818.5654045691022,1.0131618741293806e+38
1.155351519872395,11.18640498917226,0.15256135483622882,0.0970229212284622,1.697579239885525e+29,782.6370493985696,1.0228613595728744e+38
1.1637413225763389,11.187059255761287,0.1536602206276401,0.09620476155189885,1.6837564683052803e+29,748.6831283364495,1.0327624522228602e+38
1.1720553106959521,11.176176432025636,0.15490869421183062,0.09587831022287845,1.6698968067944128e+29,716.5560162577874,1.042227394022559e+38
1.18029500545025,11.17510449180576,0.15601268525740247,0.09512407088176329,1.6559659722828314e+29,686.1192580246445,1.0519114124089007e+38
1.1884613147240928,11.166786865503509,0.1572091276503523,0.09467884895157153,1.6420906265259793e+29,657.3140589150908,1.061283265348627e+38
1.196554821615206,11.167911452666889,0.15826379463397525,0.09383333524343884,1.6282458504015544e+29,630.0253467719623,1.070878064313471e+38
1.2045760341470781,11.166083435990222,0.15935081346789806,0.09310142171971222,1.614223530576934e+29,604.0788489647871,1.0802980878354997e+38
1.2125267383941514,11.156503328264382,0.1605403332730396,0.09270204398507693,1.60041577671059e+29,579.5317711317667,1.0893766632804936e+38
1.2282181059738426,11.145171619812034,0.16278323317592777,0.09154502459143564,1.572430882962212e+29,533.9432935075844,1.1075486372097944e+38
1.220407151096385,11.155872136227417,0.1615928538705241,0.09191620592779738,1.5864001650384275e+29,556.1476100110565,1.0986786553137229e+38
1.2359612514410925,11.147220994005734,0.16377936369934304,0.09065222358377234,1.5585277310048463e+29,512.8511157543013,1.1167918447711736e+38
1.243636105851544,11.134736542910739,0.16498114435773065,0.09034922153418974,1.544639586433794e+29,492.78967236837514,1.1254302637878675e+38
1.2512449087248316,11.138476360807596,0.16593479803275565,0.08939713780267765,1.5309308302768625e+29,473.7453933489956,1.134586947830412e+38
1.2587867772851988,11.125431711216144,0.16713070114972484,0.08911503144834707,1.5171843131486177e+29,455.594560159908,1.14303779712914e+38
1.2662640875585232,11.126436737329463,0.16810828680758128,0.08825555369336639,1.5032304902432722e+29,438.2330964815035,1.1519443001122751e+38
1.2736770123279542,11.116731010555235,0.1692400514009647,0.0878305069107757,1.4894773135360003e+29,421.73377894858277,1.1603612762639667e+38
1.2810264375811804,11.10849679121685,0.17034278130824915,0.08735466419882819,1.4759294054647372e+29,406.04687225393604,1.1687546970006302e+38
1.2883123209315686,11.105367518431882,0.1713598841473493,0.08666854556175778,1.4622754999372235e+29,391.04294056933753,1.1772743231489529e+38
1.29553686113476,11.105903706630567,0.17231250886560312,0.08583263289114614,1.4485215809115494e+29,376.6839765999985,1.1858741006735114e+38
1.3026999127864458,11.095830488017826,0.17342252528792035,0.08541783921824465,1.4349959162406869e+29,363.01936476033126,1.193962389659012e+38
1.3168452431018123,11.087656366976203,0.17543486895972904,0.08412353758232886,1.4080540723661404e+29,337.47894623369956,1.2104170177261208e+38
1.309803117060823,11.091290309073724,0.17443951958391415,0.08478511939604487,1.4214546803082274e+29,349.94836386475487,1.2022073257886449e+38
1.3238281756756771,11.083892358155321,0.17642505272168627,0.08346927799078581,1.3947333044810568e+29,325.56230779256794,1.2185506730933286e+38
1.3307534924552231,11.076230967057866,0.17747065268688844,0.0829579475684116,1.3814050284311747e+29,314.1477887749469,1.2264428023898165e+38
1.3376206183906452,11.06970722812503,0.17849158860494088,0.08240706726981402,1.3681954753966448e+29,303.23855975517023,1.2343116745720737e+38
1.3511796083784535,11.058107408277444,0.18049002853321192,0.08124841061779711,1.3419054327379845e+29,282.7857669977453,1.2498952092248751e+38
1.3444291144514973,11.059439800665853,0.1795666642659942,0.08199394409333378,1.355034771269627e+29,292.79384526354994,1.241934471016049e+38
1.3578722465653583,11.047159696078554,0.18156377964346845,0.08085412834574791,1.328796200259324e+29,273.19004252648773,1.2573353673373476e+38
1.364507444988611,11.047635004937039,0.1824431354325925,0.0800582426125882,1.3159992964223263e+29,264.04451893825654,1.2652444460585378e+38
1.3710854603315248,11.037972084667006,0.18348314230880483,0.0796203507924118,1.3030874463166132e+29,255.2419075375445,1.272598087966665e+38
1.3776058811752296,11.037103065777831,0.1843702418182798,0.07886657671655806,1.290242959272127e+29,246.80139189715143,1.2803072534555837e+38
1.38406912667031,11.026457117490905,0.1854140855917423,0.07847197837157403,1.2776078841403359e+29,238.7314986770218,1.287463133915551e+38
1.3904757819994236,11.017275945746288,0.18642756929729506,0.078023800131717,1.2650312439558945e+29,230.98573179894674,1.2946155251713532e+38
1.3968254094181893,11.0156276986054,0.18730691562170412,0.0773092541236073,1.2525086894500262e+29,223.5481922076322,1.3020782193779867e+38
1.4031190776721845,11.00906829045964,0.18826296711191215,0.07676877028759246,1.2400535209165832e+29,216.40576667819766,1.3092209506128293e+38
1.4093561307843498,11.007368120688687,0.1891290292065636,0.07606759683646122,1.2277789061597909e+29,209.56438165038924,1.3165471073179266e+38
1.415536839537683,10.99690877825213,0.19013912417262466,0.07567485650975855,1.2156477089710084e+29,203.0032082502933,1.3233403811638739e+38
1.4216619256504044,10.987641443934699,0.19112292743133083,0.0752256191042999,1.2033478376504315e+29,196.65752411972414,1.330121515749703e+38
1.4277308428575322,10.985732267950596,0.19197216647193663,0.0745426636271679,1.1913873320310784e+29,190.5997461354201,1.3372293555623363e+38
1.433745127355003,10.978348511771081,0.19291050442519625,0.07404014682021184,1.1793843378872375e+29,184.75518232709413,1.3439706547452076e+38
1.4397034029708766,10.965784077014977,0.19393414340517928,0.07371887796635854,1.1675626249756935e+29,179.14969621733746,1.3503474305817832e+38
1.4456069078648939,10.965977526444574,0.19472593531073745,0.07297436296719824,1.155872915206053e+29,173.76410219928607,1.357370642275254e+38
1.4514552167903132,10.954438207570885,0.19571966598942922,0.07261914699570425,1.144207289155441e+29,168.572820971933,1.3636570777468837e+38
1.4572500287419528,10.947641527417975,0.19662305492581006,0.07211402617769357,1.1327279114667995e+29,163.58982467865656,1.3701444721454436e+38
1.462989668659044,10.946810404337318,0.19741247716138113,0.07141207185687826,1.1212762724492104e+29,158.7842359372136,1.3769110123392036e+38
1.4686752527325546,10.936592173192022,0.19836483927057594,0.07102216550234669,1.1099591992343208e+29,154.1626536675009,1.3830565851586353e+38
1.4743072385029479,10.929355048968453,0.19925737213651176,0.07054189597947888,1.0988105446921741e+29,149.72139917368398,1.389307548735015e+38
1.4798854765622842,10.92749864990218,0.20004526754744467,0.06988399847835938,1.0876384953486721e+29,145.42701087638247,1.3958159516259482e+38
1.4854099622770307,10.916263395900563,0.20099870594013378,0.06953862827979344,1.0767110431847259e+29,141.30858695434205,1.4016830340201486e+38
1.4908816499398934,10.906770617825945,0.20191469397252704,0.06912799820861008,1.0657071896742977e+29,137.31661732372606,1.407583908204024e+38
1.4962999721907086,10.905133540709157,0.20267893561062514,0.06848347262048199,1.0549787996521952e+29,133.49083226002597,1.413906343859238e+38
1.501665993392715,10.893794265466644,0.20361750516140265,0.06814867836994389,1.044374599986591e+29,129.8047601969898,1.4195497649861892e+38
1.506980137496018,10.885688242737162,0.20449023361517168,0.06770623786650332,1.0337396195243729e+29,126.23348383984573,1.425327705813759e+38
1.512242261462312,10.877404619606951,0.20536055160060213,0.06727504152287019,1.0232539051218468e+29,122.79412944638374,1.4310243741921933e+38
1.5174518381401372,10.875932790574229,0.20609589238008416,0.06664300110800334,1.0129549690762092e+29,119.48588556249602,1.437098106143144e+38
1.5226103328854443,10.866194961063036,0.20698182650248395,0.06626419931337266,1.0026963552144537e+29,116.28578270205145,1.4425630702868771e+38
1.527717222866729,10.865831690849719,0.2076829941119774,0.06560682418735096,9.925831558238656e+28,113.20173288258331,1.4485855708918126e+38
1.5377787059771648,10.846509603591473,0.20942319109938307,0.06485444359026309,9.725070998210991e+28,107.33086122957252,1.4591839653425164e+38
1.5327731120842036,10.854801408388905,0.20858204748725487,0.06527231075165471,9.82520038662907e+28,110.21814496305552,1.4538267714149376e+38
1.542733523640172,10.835601107773247,0.21030947687886156,0.06452978046638659,9.627826369812813e+28,104.56220015901519,1.464290956506058e+38
1.5476385425962227,10.837597135362703,0.21093928476216833,0.06381486010646394,9.529933141977903e+28,101.86927538583568,1.4702294226022488e+38
1.5524934711122573,10.828393930358743,0.21178084212519852,0.06344716556471591,9.43486034845802e+28,99.28590794019402,1.4753235416518655e+38
1.5572983541111678,10.815804172649784,0.21268357135205204,0.06316772801809946,9.338827454399283e+28,96.76855947982489,1.480106761284806e+38
1.5620547744843938,10.809075657831851,0.2134659631045256,0.06273000580073226,9.245302560948173e+28,94.349778068194,1.4852405913555658e+38
1.5667608994434186,10.804833875952534,0.21419314410380486,0.06222013225362045,9.15217713840262e+28,92.00508730247509,1.4904880997272662e+38
1.5714201409975415,10.800400728499737,0.2149182922340955,0.06172199318181034,9.06029434213729e+28,89.739114208438,1.4956643430079548e+38
1.5760292580956075,10.787173191764715,0.21581297885141276,0.06147969878817448,8.969598553179356e+28,87.549299472164,1.5001258795444212e+38
1.5805912835337101,10.779558253748371,0.21659057486127253,0.061081812640182795,8.880138778353423e+28,85.432455217039,1.5049363189155585e+38
1.5851044750293257,10.776603546935043,0.21726857755431778,0.06055682012577628,8.791755671591639e+28,83.38485879218867,1.5100317088903401e+38
1.5895714387124122,10.770003334583759,0.21801438405426068,0.06013830332157964,8.704290508525273e+28,81.40183048400763,1.51479483882733e+38
1.5939901261980576,10.758346965903318,0.21885728912375216,0.059850705068671996,8.61588752628555e+28,79.4644595903415,1.5191057670963396e+38
1.598362406912348,10.759885611838996,0.21942622789476984,0.059218629887446146,8.53099415273806e+28,77.61120197417307,1.5243696819429688e+38
1.6026876665176122,10.7481813984438,0.22025959815464471,0.05894205920249746,8.445070101203008e+28,75.79836406647877,1.5285494658123635e+38
1.6069663794454425,10.73587770338781,0.22110072681344647,0.058704092069207535,8.362943659707315e+28,74.06725769600686,1.532613115961465e+38
1.6112006877433176,10.730985151446381,0.2217843921457274,0.05825460597861371,8.280017526734461e+28,72.3742557620762,1.5372000779303972e+38
1.6153876635492013,10.729526847563392,0.22239095833182462,0.05770978916121656,8.197007999690786e+28,70.72494151713143,1.5420000391864546e+38
1.6195287289206473,10.71409829650374,0.22328212930148977,0.05755249038988306,8.116060406184701e+28,69.13580698175436,1.5456186582439087e+38
1.623626876848217,10.708144133132611,0.2239716032503501,0.05714757015391142,8.03659028106931e+28,67.59922490561515,1.5499411352300571e+38
1.627678988110778,10.70617508575843,0.2245718677056253,0.056635824022535065,7.957303963321653e+28,66.10331052913823,1.554529302802357e+38
1.6316867735504685,10.69570120917269,0.2253452801436645,0.0563637358595649,7.8804151814932945e+28,64.6645382709393,1.5583617771357752e+38
1.6356508034231723,10.685843165669413,0.2261011288662125,0.05606044372268007,7.801956549703813e+28,63.248702175768784,1.5621825437235496e+38
1.6395709992676073,10.68694784205512,0.2266196024235469,0.05549382845606652,7.727093256267308e+28,61.896495682059395,1.5668613039975972e+38
1.6434478566845367,10.677080520708918,0.22736538494803193,0.0552078503483422,7.651849934187442e+28,60.574222041532344,1.5705645167584885e+38
1.647282120586704,10.669472906172919,0.22805833795680336,0.0548567066298187,7.576132695010062e+28,59.28006852689239,1.574399726918462e+38
1.651072379185782,10.657795889931581,0.22883352395786088,0.054640663134795375,7.5050911686485236e+28,58.05323948143104,1.5778245492323069e+38
1.654821329905152,10.649484996667473,0.2295321048596719,0.05431260346620929,7.430989858490859e+28,56.83189870423048,1.5814800251575075e+38
1.6585268777451894,10.645410189650303,0.23013413923269604,0.053903724446399466,7.360948726843703e+28,55.670134469260056,1.5854442355248945e+38
1.6621916484233696,10.638060586451164,0.2308020020343076,0.05356058618585923,7.2888772384644675e+28,54.520044794591676,1.5890701965857056e+38
1.6658142447346953,10.635362293847015,0.2313636983988162,0.05312152010919284,7.219962720970495e+28,53.41990917738287,1.5930499095339918e+38
1.669395816851842,10.626137522919645,0.2320624237565451,0.052832342877042235,7.1495720732353605e+28,52.33406767228543,1.5963986145374312e+38
1.6729374034695583,10.619101610411592,0.23270882320754374,0.05249246627709679,7.080091613816366e+28,51.27922689629879,1.5998875794095059e+38
1.679897523284365,10.608585573875512,0.2339086277105831,0.05176431738702705,6.9473779902168285e+28,49.284235837617864,1.6070214309373643e+38
1.6764374837925446,10.607107577946154,0.23345937816864853,0.05230834776499014,7.015504172913287e+28,50.283224668043275,1.602871822141886e+38
1.6833175449232631,10.596922080667177,0.23464280636915058,0.0515695030753199,6.883267834744015e+28,48.335416621146116,1.6099243793186524e+38
1.686698311521605,10.588150964056833,0.2353088279147283,0.05128972061426445,6.817638580745645e+28,47.39668541883116,1.6130351322630939e+38
1.6900391014376512,10.585970205765815,0.2358234673636281,0.050863268503097435,6.753993194752652e+28,46.49196505237504,1.6167008784053143e+38
1.693341307450942,10.577002353049926,0.23648458498023,0.05060082459748882,6.6907317221963105e+28,45.6091680606657,1.6196867011011741e+38
1.6966052359011983,10.56723184145111,0.2371594870479053,0.050337343440995254,6.625207550916774e+28,44.72975517777488,1.6225430785853642e+38
1.6998304589496296,10.557769905222008,0.2378232717337236,0.05011982264236096,6.567098144495776e+28,43.91840096699775,1.6253724777597914e+38
1.7030176359531861,10.557973035314848,0.2382646054742962,0.04963480499963956,6.5041729329439736e+28,43.09207433953987,1.629068170894041e+38
1.7061668231940625,10.547954266923224,0.23893192924261125,0.04941137477811308,6.444231678483927e+28,42.302372915719694,1.6317411990922815e+38
1.7123532893158606,10.535896672975213,0.24007271544241504,0.04878610040853323,6.326399837969532e+28,40.78409431179334,1.6376988067811574e+38
1.7092785200282623,10.537054039817816,0.23961530967023897,0.04921391350471526,6.385383059142932e+28,41.535919425760135,1.6342744270877886e+38
1.7153912637650333,10.52698119563755,0.24070232319344398,0.048558948092237056,6.270346249900928e+28,40.06605669888467,1.6403226160901508e+38
1.7183922949801553,10.514432996482817,0.24141118847936957,0.04838566527959813,6.2108211469692925e+28,39.34037425750594,1.642536507968051e+38
1.7213581857595766,10.509200532636799,0.24194826110496637,0.04805827249298225,6.153462646772364e+28,38.64242482418948,1.6454201353301888e+38
1.7242871519829672,10.506328476728854,0.24242619922609604,0.04769014825408233,6.097987973938012e+28,37.96991721534937,1.6484895959724492e+38
1.7271819703061118,10.499894908653317,0.2429819867192913,0.047400982226942924,6.042478585992259e+28,37.310037751494924,1.6511620859127156e+38
1.735651833168203,10.475241241118333,0.24474820375206233,0.046704733201869776,5.884154667762307e+28,35.454557616885275,1.658343918449404e+38
1.7300401801625742,10.488191619726841,0.243655664100901,0.04726427068009699,5.991548025578715e+28,36.690965814610024,1.6532544874407621e+38
1.732863611719444,10.477815425508492,0.24429499729803109,0.047041983641523885,5.933929232296108e+28,36.0430471399286,1.6554280853161364e+38
1.7384071052072436,10.46839700232981,0.24529700132896412,0.046432195927204316,5.830733106906107e+28,34.855134952177835,1.6607835662918484e+38
1.7411271166613689,10.465353047568948,0.24575226585555168,0.046103213580633226,5.781008857829469e+28,34.28879994222495,1.6635653507387695e+38
1.7464668151275897,10.452766185837914,0.24680277427095867,0.045571364293432934,5.680037819607153e+28,33.17802922015937,1.668329787959769e+38
1.7438141710441237,10.455737766564747,0.24635787840374712,0.0458829640965202,5.727009396415233e+28,33.70760765648819,1.6656275695398095e+38
1.749087730657948,10.436501297065362,0.24755836009082277,0.04551846648302173,5.629441321795545e+28,32.63686068290339,1.6696042127105389e+38
1.7542300347495066,10.425868553843454,0.24853939249437987,0.04496301754017894,5.532477965227515e+28,31.607345840119777,1.6742995670054882e+38
1.7516750909129186,10.43603479846903,0.2479356463555199,0.04510613799834005,5.577200458154985e+28,32.095897962659045,1.672483040121101e+38
1.7567531494887285,10.417622589264633,0.2490938793242004,0.04473678737049347,5.482907375512584e+28,31.09984703299995,1.6762731543688084e+38
1.7592440746283757,10.409258692709217,0.249647505152928,0.044506580681783266,5.432831760461816e+28,30.598266253184388,1.6781884301350479e+38
1.761702445579644,10.404992398147563,0.2500988675019892,0.0442278812132423,5.387756853888424e+28,30.133269074742145,1.6804971590127136e+38
1.7641306295704837,10.39753126582694,0.2506232979969833,0.043995599838154126,5.340272708637586e+28,29.662706934665202,1.6824232865980548e+38
1.7665278471225876,10.389766275046249,0.25115142418276926,0.04378914955964043,5.295395689555003e+28,29.214403652788025,1.6842735383936775e+38
1.768893619653536,10.38662187518079,0.2515639059280762,0.043485866743568316,5.250767096336365e+28,28.774992926234997,1.6865828923130471e+38
1.7735342146868947,10.374633118560958,0.2525153357721372,0.0430020090617417,5.162445757147878e+28,27.922782475049075,1.6904614974353292e+38
1.7712297569056885,10.379627489273473,0.25206588261996743,0.04325784520698808,5.205671241985524e+28,28.340224482130875,1.6884345139992065e+38
1.7758107405809815,10.366964044112974,0.2530265076777889,0.042794915745587185,5.118623123803825e+28,27.50874706023765,1.6921578423476878e+38
1.7780564664711858,10.353063982147544,0.2536866340097057,0.042727249041442976,5.076360301532519e+28,27.109764332488975,1.6931180069936917e+38
1.7802737311043668,10.352335629629572,0.25402085599074464,0.042417053007361386,5.0377339443240595e+28,26.736364726434704,1.6955021504666449e+38
1.7824630953824394,10.34557016182012,0.2544995692959218,0.042212559668202976,4.997086378541551e+28,26.35816486066245,1.6971779037271764e+38
1.7846234705420647,10.33652513011841,0.2550309981707217,0.04201864908719067,4.952425225179537e+28,25.964859270637803,1.6985569368374578e+38
1.7867555230052115,10.335419523775245,0.25536299230120657,0.04171138725790942,4.913581907116735e+28,25.607877378610908,1.7007922478481572e+38
1.788859524454177,10.324609951516631,0.2559313686628961,0.04157223209044168,4.871633729060365e+28,25.240298586728404,1.701892874076161e+38
1.7909363040068798,10.32373016716984,0.2562503283215154,0.04127493799182546,4.834734956896157e+28,24.904224227553033,1.7040842525817806e+38
1.7929858490215826,10.31282963054827,0.2568147443136376,0.041135259626157494,4.792989482524386e+28,24.548401286051035,1.705096842841494e+38
1.7950085487377412,10.302382960870025,0.25736516692023376,0.04102482838095648,4.755960484530223e+28,24.221814790521133,1.7061201576037856e+38
1.797005062287582,10.293990688775466,0.25786147625009154,0.04086686896025446,4.718383515747548e+28,23.89724207356585,1.707341324420471e+38
1.7989747275639187,10.292974265834705,0.2581696051501827,0.04053720187178363,4.67801079688001e+28,23.563345758751286,1.7093798320133655e+38
1.8009185493916329,10.281612232239498,0.25873416874069366,0.04045394552034134,4.64269341302845e+28,23.259517236006616,1.7101826007449573e+38
1.8047297323012097,10.271596989498285,0.25953452401728966,0.04002099030112084,4.5706788215183425e+28,22.657964199130845,1.71316300285755e+38
1.8028373136915408,10.275168862906249,0.2591722538607072,0.04025263851926473,4.605133341075595e+28,22.948830934151157,1.711522336766269e+38
1.808440784059572,10.254387851912902,0.260504654983425,0.039708114558704155,4.497083818086459e+28,22.065337080554666,1.7151596734649128e+38
1.806598115359261,10.265519479142535,0.25995702406891635,0.03982139160311732,4.534444673212172e+28,22.362347439041685,1.7144784107584963e+38
1.8102596603237235,10.255888223784684,0.26072851434127975,0.03939351588474239,4.46471925648929e+28,21.796704398564327,1.7173065208081928e+38
1.812053578105674,10.245205977897331,0.2612590092292884,0.03926488572400374,4.42701329539331e+28,21.505854392689827,1.71797226309793e+38
1.813823472972666,10.234573643856871,0.2617858676401212,0.03919228400620572,4.395946189634621e+28,21.25094884987818,1.7186065946288994e+38
1.8155699251863795,10.23524332296354,0.26202078512310856,0.03886080980339384,4.360193085353305e+28,20.976927113551536,1.7205648573966645e+38
1.81729235535748,10.223784038630045,0.26256332758305456,0.038797405236064626,4.328765243707216e+28,20.727221247849304,1.7210318549893315e+38
1.8223233809048665,10.205948546652175,0.2637503277686603,0.03826174325401065,4.231892654847238e+28,19.98519794073554,1.724238975046371e+38
1.8206691405183328,10.215590016482208,0.26326220310885196,0.038337378840739615,4.260324785998698e+28,20.211037160623274,1.7236502985353974e+38
1.8189916402765518,10.223071129771855,0.2628271681874551,0.038491604160262795,4.293148795388102e+28,20.46084064031397,1.722764612756759e+38
1.8239548151409306,10.20416360437806,0.26403262742341327,0.03797618134564031,4.196636709746304e+28,19.730225379416886,1.7257554498526486e+38
1.8255636290792636,10.192791658417276,0.26456035372382175,0.03792079784795157,4.167217996437735e+28,19.505738352809562,1.7260662285420508e+38
1.8271523499890285,10.186445390982191,0.26495555832149537,0.03774859619788642,4.135396248286458e+28,19.27278040316152,1.7269660474188178e+38
1.8287184484659165,10.186256753183422,0.26518756930852855,0.03747608155784353,4.10516186995883e+28,19.050093135808446,1.7285962733029447e+38
1.8302625845885425,10.17397231073603,0.26573195676074796,0.03741330189011767,4.073632175432412e+28,18.824170662889937,1.728699125725089e+38
1.8332894124459653,10.167568982930996,0.26633904483563187,0.03701920842246113,4.018054131965559e+28,18.414574128042883,1.7310774992330053e+38
1.8317865463727538,10.176152277753909,0.26589624422546865,0.037103018661997327,4.044177867865704e+28,18.610454128471925,1.7305718381492817e+38
1.8347710240104587,10.157216599940039,0.26682596837509215,0.03690364128674183,3.985160401208356e+28,18.190200656814792,1.7313295539590073e+38
1.8362328124191734,10.157393581355347,0.2670338996005918,0.03665836171220151,3.959017979799632e+28,17.999059109692492,1.732876078586794e+38
1.8390947972778204,10.145468840153212,0.2677644577968508,0.03635569241648189,3.903336965861708e+28,17.608262876618586,1.73434485191637e+38
1.8376744993000393,10.149997989808437,0.2674382783468876,0.03653686409641769,3.931552399170846e+28,17.804188011477507,1.733444695530644e+38
1.8418780713809018,10.122338671282662,0.2687824750871592,0.036239127457549807,3.846671223239614e+28,17.221926415318325,1.7342780860120036e+38
1.8404962635511215,10.134333231145586,0.26826294927478617,0.03625678537123293,3.871401508953513e+28,17.397809138942932,1.7343822045660475e+38
1.843242193778235,10.118667052250032,0.2690791409658502,0.03605853369336527,3.8205651470393424e+28,17.041846163643502,1.7352110743633546e+38
1.8459102089895638,10.105281395380553,0.2698255651553612,0.03576845198390628,3.7648286935616747e+28,16.672219096050146,1.7362202616426698e+38
1.8445855836646072,10.11740755555143,0.2693087725100774,0.035791203515793214,3.789880740162287e+28,16.843507763005977,1.7364258285603774e+38
1.8472166141044297,10.106662480817016,0.26997963064246083,0.03548258488947246,3.7372924162167176e+28,16.491835611179948,1.737728824437915e+38
1.84977367750257,10.094779767003146,0.27067159472519003,0.035205011733741326,3.6863091447614497e+28,16.154734536913942,1.7387849309576333e+38
1.8485045173930432,10.096002875553058,0.2704531137273274,0.03544856683101972,3.714060952736827e+28,16.332305438953284,1.737659208020361e+38
1.851025995332336,10.08621229864671,0.271084913013228,0.03513797661868458,3.6637032725450457e+28,16.00142832521308,1.738935991589107e+38
1.8522597303473636,10.075570335483361,0.2715521095892755,0.0350502679307913,3.635319239051559e+28,15.824652356349695,1.738787917882432e+38
1.8534759020537857,10.074951716397706,0.2717470921812148,0.03485050713279381,3.6134910793722827e+28,15.678095840429112,1.7399255240551385e+38
1.8558562986593137,10.064174901749182,0.2723874567705301,0.034565053552590756,3.564766841265411e+28,15.367755812010058,1.7408848279241025e+38
1.8546752450482114,10.067041809771025,0.2721365897872324,0.03472781590745543,3.5866570272656816e+28,15.511418682322065,1.7400866598171502e+38
1.8581695318683913,10.046277462234858,0.27321283728317003,0.03439954509340329,3.5162646877513154e+28,15.06454202464218,1.7408114579932914e+38
1.857021625534861,10.056554241706623,0.2727650334424071,0.034441854756383755,3.5386332192597587e+28,15.20728872847433,1.741036849647958e+38
1.8593007999398126,10.046818020493701,0.2733644625118139,0.03415736695258732,3.4924490744315295e+28,14.917046690827501,1.741996973382998e+38
1.8604153924474225,10.033707755132301,0.2738857341299807,0.03417034608667615,3.47104010941058e+28,14.7812464991874,1.741346315483315e+38
1.8625971680486606,10.026976637469016,0.2743910050534553,0.0338032703922342,3.4222501554185985e+28,14.488322618453292,1.742575166414382e+38
1.8615149015058547,10.028099589988779,0.2742008608899338,0.03403796126214599,3.447940387813563e+28,14.639566295753392,1.7416723892975713e+38
1.8647139362069718,10.012367349425574,0.27510366517554335,0.033636886206663136,3.3806692224043747e+28,14.231236779786755,1.742661072290862e+38
1.8636631454985046,10.023592130907804,0.27464074321431414,0.033637336892610226,3.3997075107423568e+28,14.351771706576661,1.7431548840190205e+38
1.8657502026604504,10.004527487363614,0.275472246587444,0.03352385863011667,3.3561389011661796e+28,14.08878322982019,1.7426006922026214e+38
1.8667706555450154,10.004425314714663,0.27562572816620023,0.03333166288126781,3.3367274205064963e+28,13.969052540650543,1.7435642242708323e+38
1.8677766595926448,9.99675111388858,0.275985966556956,0.03324745123602643,3.3155514662610106e+28,13.84306000456962,1.7434853780629992e+38
1.870702702105792,9.985956581046208,0.2767171240337622,0.032770697658421014,3.250401962653914e+28,13.465244741908132,1.7447842518896372e+38
1.869741756314128,9.985500322039382,0.2765876168102835,0.03300210562095976,3.2726067155439287e+28,13.592105269892686,1.7438171381616586e+38
1.8687666887630583,9.99693490192248,0.27612717847322077,0.033005413997637546,3.29171724182328e+28,13.707181061630857,1.744450614633848e+38
1.8716487196361675,9.974693589706675,0.27716967533648534,0.032759489653589983,3.2310074737344673e+28,13.351107809008209,1.7441313082112636e+38
1.8725810262244391,9.974432261459562,0.2773150046431492,0.03255903640981043,3.2108165075191624e+28,13.234679899968828,1.7449654330530883e+38
1.8744045864636028,9.960810439173688,0.27796466914927603,0.03238836058634297,3.1722350500222527e+28,13.012169614968231,1.744784165351511e+38
1.8761703012831081,9.945768408553256,0.2786473068730937,0.03220332783263205,3.1303686237698545e+28,12.780129201619452,1.7443231912772206e+38
1.8752937063905648,9.956310246092213,0.2782222190888142,0.032265795553509884,3.153098227348538e+28,12.903040711409599,1.7449797301943636e+38
1.873498709028975,9.964731468724269,0.2777210084692154,0.03251598785498162,3.19100855641521e+28,13.120851660812763,1.74448526136293e+38
1.8770332655358355,9.944846198134119,0.2788013251768239,0.03205298888226275,3.114310463265376e+28,12.685369018920813,1.7449800842234028e+38
1.8778841176472838,9.939109099585574,0.2790887087082303,0.03195803068463489,3.0961380426011114e+28,12.582803629472174,1.7449544740267853e+38
1.8787197199149062,9.92440364852324,0.2796266175856106,0.031976832788633086,3.07510933640454e+28,12.469574658214473,1.743656013882777e+38
1.8795438283918915,9.925249901961735,0.2797254248288267,0.03175780749805683,3.055348691509503e+28,12.362307508482285,1.744511623633345e+38
1.8803548865728754,9.916249355800064,0.2801001356646471,0.031740786180021706,3.0398901641958416e+28,12.273256892847302,1.743973610345031e+38
1.881938083604553,9.903877629941116,0.28068616086363396,0.031534271849562,3.0013189675462756e+28,12.066645280566624,1.743630282708459e+38
1.8811530950377975,9.916748952473379,0.28020492066995434,0.03151075162233387,3.0186195102748727e+28,12.161543993508705,1.744749629138702e+38
1.8827114628969126,9.904982916364766,0.2807701740304257,0.031335070849475816,2.984024279164183e+28,11.97249228904403,1.7444617592604896e+38
1.8834741297763198,9.90072300726697,0.28100476490772436,0.03120950582149444,2.9656811812273414e+28,11.87482483664025,1.7445254560345134e+38
1.8842218296449684,9.8961592538344,0.2812459586823168,0.031096014014541908,2.9480925848705724e+28,11.780996069426482,1.7445251104061683e+38
1.8856833774888657,9.884582551235864,0.28179376209010804,0.030942115196195857,2.916383818040198e+28,11.60918852430644,1.7441337904123593e+38
1.8849592472512495,9.88922460867974,0.28155332435284963,0.03105310542456649,2.9337240392943477e+28,11.700663271679806,1.744176445473796e+38
1.8863963233632968,9.873667268323327,0.2822119428570394,0.030906105884914797,2.8969416308035536e+28,11.51002020692292,1.7431837921690367e+38
1.8877899075765348,9.867627254552408,0.2825932989297215,0.030673617399596474,2.8663663231215634e+28,11.346565920236824,1.743489280110547e+38
1.887098656636232,9.875429639510541,0.2822666321885792,0.030719955659440013,2.8820638444087065e+28,11.42961541768944,1.744025166368448e+38
1.8884693830761143,9.859083129842729,0.28294000370038896,0.030602633409730472,2.84737363719292e+28,11.251120252261375,1.7428294937948187e+38
1.889136956452476,9.85482844695809,0.28316222143834946,0.03049948180823515,2.8316581372834526e+28,11.16926635713774,1.7427670067921304e+38
1.8897943138618818,9.856263302032461,0.2832195160274298,0.03032151516327082,2.817185214665104e+28,11.092865788109567,1.743508905813493e+38
1.8904403907220462,9.844512945460872,0.2836545070430739,0.030308909014129394,2.799268088875291e+28,11.00349377738864,1.742341708028005e+38
1.8910767722434438,9.847009267069039,0.2836780604035907,0.030120505953180488,2.7853964206842516e+28,10.93055614531717,1.7432123926891193e+38
1.8917016896261984,9.83548512847842,0.284104296034408,0.030110530540016563,2.768218427371446e+28,10.845214455760496,1.7420468302698303e+38
1.8923159707533712,9.834394532639223,0.2842280678305913,0.029990420188125946,2.7556477633860655e+28,10.77845412748102,1.7423729793161482e+38
1.8929205710736765,9.824737322599875,0.2845983502981991,0.029939321945337032,2.73747219384194e+28,10.690273336338183,1.741447024544095e+38
1.894100200182181,9.818779003575445,0.284948516261001,0.029719517948050788,2.7091447144521313e+28,10.546746370903307,1.741492095698968e+38
1.8946743211310544,9.816984100725985,0.2850870018178094,0.029607372003437268,2.6964558626001502e+28,10.48145364873078,1.7416671266292115e+38
1.8935161744080395,9.828982273299777,0.2845649472546752,0.029720731863329863,2.7233613893537883e+28,10.618452473345393,1.7425253145207716e+38
1.8952383875870278,9.806775951299478,0.2854687189559783,0.029560518944393033,2.678220550712375e+28,10.39508785621984,1.740603219546676e+38
1.8957940000689661,9.797377802963997,0.28582632417347936,0.029579686498218998,2.6671402995495187e+28,10.336920755587279,1.73964392296296e+38
1.8963386916148115,9.795931547982905,0.28595065763464245,0.029415944290520007,2.650418902085703e+28,10.257370363671114,1.7398323852934802e+38
1.8968748098541446,9.788307850433387,0.2862542771927964,0.02939991767818977,2.6386830707652114e+28,10.197528607236421,1.739105084240244e+38
1.8974013607623,9.786897212685151,0.28637500894015455,0.029236693985196852,2.622143257330145e+28,10.1195552123829,1.739277016167428e+38
1.897918703115423,9.777942623126368,0.28671542374965236,0.029233454638023532,2.6098802477640747e+28,10.058508801649133,1.7383278371298035e+38
1.898925721540702,9.775754920951524,0.2869317500274462,0.028935948169267735,2.5804310632279323e+28,9.918669583767892,1.7387085768660416e+38
1.8994160371221063,9.767008714271078,0.2872628470946076,0.02894688086146937,2.56987894941395e+28,9.865366229794327,1.7377531316816764e+38
1.8984268071629573,9.776962687787424,0.2868209270814425,0.02909141804572291,2.59589843952295e+28,9.991241489121812,1.7385404779761882e+38
1.8998972838883517,9.764943299728914,0.28739640491320284,0.02879230375936181,2.5534541394407662e+28,9.789905520099914,1.7377727661327278e+38
1.9003709053977742,9.756707072525092,0.2877107185619102,0.028797802145760925,2.5431893267471547e+28,9.738405989604185,1.7368693104012786e+38
1.90083427095434,9.753992088958531,0.2878609734029431,0.028686142623399583,2.5298056938662253e+28,9.67535583298023,1.7367698363984882e+38
1.9012899012560593,9.7436615636651,0.2882352458122974,0.028663346673040997,2.514437629663432e+28,9.605062783140822,1.735528502647289e+38
1.902607929191537,9.735810359483837,0.28866765997740335,0.028373175471890937,2.4789712518634467e+28,9.436827713773615,1.735184840293414e+38
1.9017371026008165,9.743675389206462,0.2883026323845456,0.02854827449852413,2.504360909225438e+28,9.555327263833728,1.7358152206656292e+38
1.9021769569036269,9.735433591173337,0.2886134410755632,0.028496974398378682,2.4893058672659182e+28,9.486908872537406,1.7348628876983224e+38
1.9034459623856035,9.725317363444647,0.2891063992743662,0.028238647813218505,2.453950660363138e+28,9.321034474453164,1.7341191173543307e+38
1.9030310062011577,9.725647753009875,0.2890335542451514,0.028343051129129212,2.463441752439416e+28,9.367291257366762,1.733921803213468e+38
1.9038529987438186,9.725808108589613,0.28915363145472167,0.028056710158408153,2.438755411695579e+28,9.253419089672146,1.7344302573856342e+38
1.904252214152672,9.714456474685313,0.28955221908986933,0.028097511135288866,2.428082300357761e+28,9.203268757650996,1.7329555751246256e+38
1.9046437150663211,9.71414177848954,0.2896211311660203,0.027981708780396713,2.4176834541696513e+28,9.154439233552036,1.7331275186382187e+38
1.9050278995227805,9.704539370810714,0.2899661813872102,0.02795170879434348,2.4031783996798296e+28,9.09034482238194,1.731893268268583e+38
1.9057737123023628,9.694095792459043,0.29039220901030727,0.02781904198825843,2.3789303213943844e+28,8.981029209715741,1.73071218277749e+38
1.9054054373052662,9.698531122710628,0.2902033166771072,0.02789268714920643,2.390689598212865e+28,9.034148783159228,1.7311906876602765e+38
1.9061357565297252,9.6967259096827,0.29036859522214786,0.027687720511644646,2.3709140985149955e+28,8.942268911835903,1.731294483541997e+38
1.9064905426443997,9.68556275785638,0.29075736939010766,0.027671282168030588,2.3558986195477137e+28,8.8773709794745,1.7297821902793493e+38
1.9068390825793333,9.690411067350173,0.29066502652803416,0.02747722428963002,2.345237755397102e+28,8.829125735031871,1.730686117989937e+38
1.9075119145793344,9.666510570650058,0.2914865126117729,0.02756631889605607,2.323969607718914e+28,8.73363816996504,1.727366817100698e+38
1.907178565641483,9.6767975001343,0.29112576274276647,0.02752966689142131,2.3332551792635643e+28,8.776199771812378,1.7287800381392416e+38
1.9081580321338543,9.657658011105868,0.29185252331536493,0.02742577220711921,2.301553073592027e+28,8.634761429587373,1.7262953634591016e+38
1.907837894452754,9.675710584595683,0.2912591222972606,0.02732503309282277,2.314611258325358e+28,8.691040131659253,1.7289085404395845e+38
1.908471333980098,9.65712641842711,0.29191651094026105,0.027326015747774903,2.2925505201499814e+28,8.59392891879547,1.7263422980168254e+38
1.9087773853006265,9.65616599472296,0.2919923633470644,0.02717408577841049,2.2786707302585032e+28,8.535052891389507,1.7263149713669165e+38
1.9090771330528267,9.645946514205141,0.29234761919682223,0.027214019849285124,2.269969186137476e+28,8.495787304416751,1.7248643266012155e+38
1.9093705107146055,9.648144214782363,0.2923259431760821,0.027029628170146303,2.2571583132377214e+28,8.44135207634865,1.7253057300613286e+38
1.9096570826656982,9.63714782412231,0.2927034237880064,0.027079901208300346,2.2484989872820684e+28,8.402660259477788,1.7237171213045344e+38
1.9099374472397463,9.637987876279768,0.292720880844031,0.02693629627783809,2.2375501396938715e+28,8.355608913855185,1.723935814741879e+38
1.910212213955063,9.628940349222205,0.2930380775664818,0.026948113162633985,2.2280445025595177e+28,8.31413018732836,1.7226295746225055e+38
1.910479550184669,9.626539124002948,0.2931521936354267,0.02687002398965389,2.2188194926123126e+28,8.273914971882862,1.7223345137508994e+38
1.9109962408670336,9.615326413336676,0.29357342259400254,0.0267566104659272,2.196616658545745e+28,8.180053738893857,1.7207347064184452e+38
1.9107412107698494,9.62815762503845,0.2931430580915872,0.02668919052507559,2.2057402961982727e+28,8.219512726868524,1.722651808161769e+38
1.91124725308174,9.617399247311099,0.2935487018360197,0.026611519125827376,2.18706107352312e+28,8.139122544375722,1.721111566842259e+38
1.9114897563523678,9.615360167605504,0.29364820719705104,0.026501801348761303,2.175735981275007e+28,8.091841487842816,1.7208423751425742e+38
1.9117295612009693,9.611046181060825,0.29381686928940953,0.0264426690357498,2.1660158324401536e+28,8.050639797044722,1.7202207312641063e+38
1.9119607232115705,9.5990460283088,0.29421975363694464,0.026501329315552824,2.1573025008804787e+28,8.013408130239819,1.7183964593437347e+38
1.912187142440919,9.59815932703409,0.2942817798394239,0.026418950781036184,2.1496034836255223e+28,7.980083517529536,1.7182870336345004e+38
1.9126234258785564,9.589596582651348,0.29461175308422366,0.026300180519967967,2.1304111895762637e+28,7.8998187755149205,1.7169957940713566e+38
1.9124065078326065,9.593194972294832,0.294467844232822,0.02636419775057755,2.1396066234250493e+28,7.938417153443313,1.7175360603658667e+38
1.9128314727031652,9.584220654758226,0.2948090696302106,0.026247031488222362,2.1201531259180526e+28,7.857506196157764,1.716166237723102e+38
1.9130364488685196,9.587541836361284,0.29473852636880504,0.026062054803315037,2.1088613687612444e+28,7.8114715540541875,1.716686785637192e+38
1.9132356028051458,9.579122581527852,0.2950282874084997,0.02610548318967234,2.1031168724117142e+28,7.786139592369134,1.7153744111244865e+38
1.9134291355508948,9.579760076967965,0.2950384959413944,0.025940224860130135,2.090498766839216e+28,7.735511752176972,1.7154644404985292e+38
1.9136168749594435,9.566720514983952,0.2954696248404753,0.02601385322688653,2.082203324571542e+28,7.701037227371201,1.7134150836180578e+38
1.9138002686558542,9.569275363719418,0.29541904812848935,0.025883447267570196,2.074533221629471e+28,7.668993782242655,1.7137935315651177e+38
1.913978009489143,9.559477316882056,0.2957493043990623,0.025894131791813706,2.064786283428875e+28,7.629418459619659,1.7122354923086795e+38
1.9143184230299035,9.560294737359873,0.29577661381674675,0.025650257599573255,2.0462144898062603e+28,7.55407528493838,1.7122922544557022e+38
1.914150113721437,9.558473122578496,0.29580697170448383,0.025821748874835584,2.0579332633960123e+28,7.6006785742101375,1.7120445619904204e+38
1.9144807434673163,9.548836956637668,0.29615663006498905,0.025716411541081986,2.0392279465781837e+28,7.525091930985096,1.710453431414333e+38
1.9146375346905895,9.545376738419082,0.29628825072314,0.025657410193718765,2.0308656971505207e+28,7.491165791090753,1.709859431452483e+38
1.9147911997733023,9.538723348302785,0.2965187119390485,0.025609583570324713,2.020025256512217e+28,7.448189764253641,1.70876115089364e+38
1.9149402915641123,9.542102339616507,0.2964367902573064,0.025487673483450855,2.01397262246165e+28,7.4229822976491855,1.7092334665355255e+38
1.9150831495395055,9.531514515525636,0.2967882182976318,0.025497523380601822,2.0035979744039786e+28,7.381990068395132,1.707502559360994e+38
1.9152210510872059,9.52882184646209,0.29689346236901926,0.025438787257982477,1.9961604990506336e+28,7.3519403019081055,1.7070065220221e+38
1.9153547307970982,9.526799771162729,0.2969772055224038,0.025377354507319375,1.989227945066272e+28,7.323851094769772,1.7066115096428886e+38
1.9154843127226244,9.528173143892195,0.29695448867359336,0.025226639077291575,1.9788396933388782e+28,7.283140079968239,1.7067470749820333e+38
1.9156101599154511,9.521358706431057,0.29718654288693747,0.025253406839177046,1.9738658246686791e+28,7.262447679410444,1.705588817566559e+38
1.9157289886412523,9.516768886763035,0.2973483161767526,0.025207943492882835,1.9655678830516655e+28,7.229674423160443,1.704770720894638e+38
1.915846247295421,9.510235560137552,0.29757080076376424,0.025168196702228286,1.9557416630946874e+28,7.191330889924066,1.703645062677741e+38
1.916064649357516,9.509428729263025,0.2976299735290247,0.024961969497183368,1.938893723278261e+28,7.125318147170401,1.703310481016074e+38
1.916167094664965,9.499411153000544,0.29795976836753724,0.025011843207654153,1.9325562375790655e+28,7.100129968160974,1.7016139403743383e+38
1.9159572415831152,9.498620842784906,0.29795192499560513,0.025237734201662265,1.9491988240171816e+28,7.1651968265346495,1.7017048180227916e+38
1.9162667159539941,9.50209784336288,0.2978910076261635,0.024856738680903122,1.9232894712282229e+28,7.0642477223432305,1.701926200820505e+38
1.9163607628621457,9.489597178354328,0.2982980592471402,0.024916704453125067,1.9152810245348684e+28,7.033106644512869,1.6998240832069621e+38
1.9164519343988333,9.493094459523178,0.2982023518579594,0.02480240110466111,1.910010502467932e+28,7.012084580980932,1.7002564903357867e+38
1.9165376053347456,9.489734313125624,0.29832127524153873,0.02474156148963969,1.9019556696366713e+28,6.980952967562938,1.6995937330372898e+38
1.9166187263095553,9.477884240021826,0.29870690516321463,0.024775928191139614,1.8927356019434963e+28,6.945641499361064,1.6975757410489713e+38
1.916773070701799,9.472968020551194,0.29888599334288884,0.02466177506502729,1.8791338055163035e+28,6.892952045916361,1.6965178637999649e+38
1.9168420943535056,9.468264193819525,0.29904524801949744,0.024617101166288347,1.8710774538716284e+28,6.862164474604642,1.6956202895842605e+38
1.9166980330184986,9.48040308326643,0.29863989862902807,0.02469109342721789,1.8887625121273402e+28,6.929627920354109,1.697841129112775e+38
1.9169094249508531,9.470750497667373,0.2989772427649914,0.024517630392723245,1.8659649785393896e+28,6.842212729210213,1.6958679996076972e+38
1.9169710561200146,9.46683977335176,0.29911036588916134,0.024476614571202475,1.85900047214171e+28,6.815579212669005,1.6950887976259998e+38
1.9170305449163898,9.450033067669018,0.29965162674865387,0.024589902538155944,1.8510854438011324e+28,6.785507731630883,1.692247830813197e+38
1.917085873267021,9.44891400014478,0.2996957649414418,0.024521733220458437,1.8448610500277358e+28,6.7617152037048855,1.691907157650856e+38
1.9171376626256151,9.450382851479484,0.2996572788267152,0.024377281827093165,1.835419367082481e+28,6.726201324982264,1.6919766772341905e+38
1.9171849442944189,9.447393866850057,0.2997594776491651,0.02432797536561669,1.8288121280877313e+28,6.701161610019239,1.6913275556760424e+38
1.9172700562425558,9.43774680406012,0.3000792065652962,0.024254635118476194,1.8140087283800333e+28,6.645443536760811,1.6894315193332512e+38
1.9172298999140232,9.450000102014878,0.2996838334110054,0.02420982618268088,1.8224421638967968e+28,6.677037810797668,1.6915717240638988e+38
1.9173410561304562,9.426986171384957,0.3004328634662806,0.0242505664828591,1.8033883314607787e+28,6.605313628907479,1.6873388674413467e+38
1.9173080214599363,9.430869444365097,0.3003039824993525,0.024291846074187134,1.8101818316209551e+28,6.630767546279418,1.6881485067919088e+38
1.9173713709298217,9.428005354239273,0.30040513576722216,0.024104119594083966,1.7934670131222015e+28,6.568455297778104,1.6873140275866865e+38
1.9173997968818752,9.4222953829652,0.30059163955056306,0.0241090064596547,1.7884051238414164e+28,6.54943095360554,1.6862072957220354e+38
1.9174204608850118,9.413477202868144,0.3008764646720549,0.024135508712598865,1.7820088242014534e+28,6.525655016499118,1.6845878377660242e+38
1.9174426196381673,9.409487108205717,0.301007529956237,0.02409113941962002,1.7749663175158264e+28,6.499490032385145,1.6837495593211516e+38
1.9174585456842803,9.415539400177073,0.3008165413766263,0.023921254601738003,1.7681251269536078e+28,6.474170402562859,1.684519561140164e+38
1.9174737433570856,9.410728958094673,0.30097269395622683,0.0238796484411078,1.7605455773854005e+28,6.446161645433569,1.6835418155741962e+38
1.91748395191283,9.399161013585875,0.30134471810372304,0.02395940165892552,1.755595392866759e+28,6.4278656481140075,1.6814670036011202e+38
1.917495668174292,9.399974588386003,0.30132047761913083,0.023755681983362385,1.7414215629374833e+28,6.37577537349904,1.681169949471769e+38
1.917491527815879,9.400446564220442,0.3013046983833593,0.023876077206131784,1.7506866385676211e+28,6.409766309884604,1.681462257142598e+38
1.9174964047713066,9.388643187027851,0.3016842651501293,0.023829681129853054,1.7363425935943413e+28,6.3571677992109885,1.6791201717720056e+38
1.9174817370664132,9.378821102532704,0.30199789754523443,0.02370378450351425,1.7181535239125102e+28,6.290813842115968,1.6768552727045547e+38
1.9174949853180527,9.390659085296825,0.30161927913476694,0.02373482646003046,1.7312885223502594e+28,6.33868709042845,1.6792246144459188e+38
1.917489742854913,9.389744531473665,0.3016478319058111,0.023628014647563617,1.7226582611523338e+28,6.307175730927956,1.6788507336551834e+38
1.917471455273684,9.381560778065854,0.3019080869163946,0.023573242617946664,1.7111883926731995e+28,6.265479826169481,1.6770681886153405e+38
1.9174568867222659,9.37877964327238,0.301995318663155,0.0235166613061373,1.7045523441665628e+28,6.2414191774636505,1.676382036340015e+38
1.9174397082077332,9.377230926304804,0.30204248933101374,0.023456936815846485,1.6988200236706138e+28,6.220708262721356,1.6758927105555026e+38
1.917396760610739,9.364978588390368,0.30243088179787686,0.023485135123969207,1.6897794507222493e+28,6.188296666062643,1.6734213848622722e+38
1.9174210442737443,9.370538710601908,0.3022552587729952,0.02348198633499227,1.6945744103145304e+28,6.205463760136479,1.67456977053364e+38
1.9173141306971848,9.358313820383076,0.30263322336865567,0.023286014502216137,1.6694991575345376e+28,6.115343925418346,1.6715943017007053e+38
1.9173731391623992,9.359819436874433,0.30259385445183773,0.023456191764375113,1.6830533180488685e+28,6.164043958885082,1.672340591579012e+38
1.9173437462712946,9.355533806171698,0.30272782737056486,0.023418555978504146,1.6765093960344685e+28,6.140548035796125,1.6713928857779584e+38
1.917280242584809,9.347787739520513,0.30296864865486545,0.023335688299881557,1.663672523093716e+28,6.094539652667475,1.6696282460934322e+38
1.9172064136591513,9.34196027531123,0.3031459651312998,0.02326057083256747,1.653154588176853e+28,6.057175382336711,1.6681643694623308e+38
1.9172442254878148,9.3479675994813,0.30295712806130953,0.02329104885769047,1.6606497937210549e+28,6.084037910902902,1.6694002353622744e+38
1.917165338204767,9.341462787919324,0.30315561428390025,0.02321507443820287,1.6494818394883206e+28,6.04436585746154,1.6678211255125801e+38
1.9171204700855438,9.33988465606458,0.30319974150428985,0.023152008899152345,1.6436118451775402e+28,6.02356065885913,1.6672971493615365e+38
1.9170251566435204,9.320112167256637,0.3038278693988054,0.02322689640754539,1.631548152428524e+28,5.980835853923361,1.6635347052351846e+38
1.9169736301812157,9.32869735979947,0.3035400979847638,0.023085004050042063,1.6290634216302317e+28,5.972530085403037,1.6646632399255586e+38
1.9170742459240249,9.330602875848712,0.3034940369484849,0.023145688313828267,1.6350146404970848e+28,5.992775782904935,1.6655175086709276e+38
1.9168624508829155,9.31760180098542,0.30388393322938434,0.02299647937912783,1.6131884450856084e+28,5.916044057424377,1.6622978996891697e+38
1.9169210250637612,9.322253725119735,0.30374157249551015,0.02303244125061611,1.6197484925070837e+28,5.939194226720638,1.663339040864267e+38
1.9167437083019212,9.311098067777953,0.3040773562704446,0.02292321956363818,1.6024450118171253e+28,5.878465198397417,1.6606747470156826e+38
1.9168037649691823,9.307872323527297,0.30419226843342373,0.023073625453069894,1.610167079116391e+28,5.9058678089957635,1.660427377307474e+38
1.9166798721308547,9.300046564458032,0.30442856065260127,0.02300674476351504,1.5987619619766806e+28,5.865930913959387,1.6585808911774797e+38
1.9164019092298736,9.288978739398082,0.3047470857240907,0.022856294351605824,1.5788783951458949e+28,5.797179602326702,1.6556048018471009e+38
1.916613023018796,9.29926040117069,0.3044436785457519,0.022957664989813727,1.5946771715720059e+28,5.851964070625399,1.6581636739059586e+38
1.9164739992060382,9.306767817878477,0.3041760300022084,0.022680310042859256,1.5817811708115158e+28,5.806745491146296,1.6588102287447569e+38
1.9165457134209536,9.31088590623156,0.30405287394390773,0.022718364957011735,1.5879437484070743e+28,5.8282778692418775,1.6597773564410643e+38
1.9163274087534452,9.300763477089204,0.3043491171135647,0.022604599808871775,1.5714220433214613e+28,5.77092370099806,1.6572397086014762e+38
1.9162501288147034,9.290416436117,0.30467579350175034,0.02267641592180677,1.5676652737619218e+28,5.758288242507686,1.6552471746084801e+38
1.9161712658949015,9.292876175511589,0.30458261304665935,0.02257522337624648,1.5627367499733057e+28,5.741366304165167,1.6553503550726898e+38
1.9160886656966092,9.288848816855937,0.3047015353793571,0.02256769469976355,1.55883334622308e+28,5.7282600509474415,1.6543860615065073e+38
1.9160039574401044,9.286268901089628,0.3047727134333879,0.022517474310837796,1.553205679016719e+28,5.708841805324807,1.653656631097399e+38
1.9158299764069646,9.265815476744223,0.30541773509787135,0.02262090939138981,1.5432323322424375e+28,5.674760538827942,1.6496829319168635e+38
1.9157402299214557,9.276910477442886,0.3050381714602134,0.022416800839105373,1.5384857533103652e+28,5.658631720405313,1.651195180528084e+38
1.9159185114878916,9.268058094051288,0.3053579430031926,0.02265577334482541,1.547482139919806e+28,5.689073244894547,1.6503611278003107e+38
1.9155564402857834,9.271609047858307,0.30518330870764315,0.022321761404319275,1.5275907927585407e+28,5.621255384825123,1.6497012856163874e+38
1.9156483412311354,9.266367961535854,0.30537057111817684,0.022438589664825436,1.5312506384812385e+28,5.63337148338631,1.6491516080276731e+38
1.9154593650577971,9.259536953755099,0.30556570452027965,0.022382762567072077,1.5218191728576787e+28,5.601436061135543,1.6473993850253214e+38
1.9153599723554922,9.264636852841486,0.30538165295127706,0.022285630121510913,1.5193923656966926e+28,5.593954784340694,1.6479166550995866e+38
1.915260835698314,9.247735176385817,0.30592395042413983,0.0224145238968102,1.5142914091117153e+28,5.576617610596099,1.6448170921950292e+38
1.9151599552415484,9.251306189837276,0.3057897560924135,0.022269111789888295,1.507374582023202e+28,5.552607479212816,1.6450852712127935e+38
1.9150575560639318,9.244788176854042,0.3059889909365095,0.02231948963920425,1.505469983179003e+28,5.547074432943076,1.6436904038324273e+38
1.9149497977910006,9.239226111255698,0.30615596997039,0.022312733110117052,1.5004922843168976e+28,5.530289281164741,1.6424444253356029e+38
1.9148417028247564,9.236764414425211,0.3062202773427371,0.022276771029800704,1.4960792285434949e+28,5.515580842539606,1.6417104077391755e+38
1.914734438283701,9.233228931395637,0.3063203714832066,0.022248747189658257,1.4913397618195255e+28,5.499648104970605,1.6408019998032334e+38
1.9146206050545835,9.23709545434356,0.30617394644209156,0.022104531190887997,1.4847778619642085e+28,5.477077535371618,1.641104580232245e+38
1.914509203160753,9.231478279741008,0.3063424217988525,0.022106194737424666,1.480380206696398e+28,5.46244435118839,1.6398486549742312e+38
1.9143930677633048,9.227127571060558,0.30646827447289154,0.022117153198347388,1.4776271720649157e+28,5.453939945751127,1.6387943649339877e+38
1.914276810957092,9.227063290301006,0.3064517982361529,0.022014855890083836,1.4707415499768348e+28,5.4301736417075945,1.638448634192974e+38
1.9140386540225984,9.218306891053002,0.3067047322917269,0.02202064126645201,1.4641608527013671e+28,5.409240837038798,1.636327050613139e+38
1.914159316632742,9.219259825543183,0.3066923631591882,0.02208572294483148,1.4692473337658956e+28,5.426321873765273,1.6368242531676347e+38
1.9139164334354293,9.217215351937579,0.30672146658608046,0.021936831001566647,1.457724923933921e+28,5.387183512502123,1.635805510981672e+38
1.9137935738858671,9.207816719854149,0.30701483491062687,0.022012246536087417,1.4552939244206667e+28,5.379926024633208,1.633910802276971e+38
1.9136690420820663,9.209525753236965,0.30693788749519196,0.02192666976424568,1.4509820051884984e+28,5.365731266205895,1.633851257685277e+38
1.9135421545246942,9.210098402068645,0.3068984527377052,0.021826001289185295,1.444769434848626e+28,5.344528816038074,1.6336006712909832e+38
1.913412898092896,9.20744278631132,0.30696623212595553,0.021797151942538055,1.4407808030702616e+28,5.331574414688448,1.6328136400083086e+38
1.913283833953098,9.199992776186823,0.30719408622349254,0.021857048418315796,1.4389044751963175e+28,5.326427265968002,1.631235151998694e+38
1.9130185946779839,9.190478879717753,0.3074694601050107,0.021828405052959073,1.4296039126487524e+28,5.295668835591693,1.6289591776833694e+38
1.9131506001843608,9.195842462088546,0.3073113291351806,0.021842869949827683,1.4347304980690106e+28,5.31282592133311,1.6301960989380516e+38
1.9128828892781153,9.186579938831306,0.3075781349018966,0.021800135070437168,1.4247264733591486e+28,5.279473687919418,1.6279594658615455e+38
1.9127471948802048,9.187879978147189,0.3075127985067207,0.021748787063908294,1.4223766860890343e+28,5.272636166971136,1.6278227317497916e+38
1.9126087914523724,9.187102100661065,0.30751658276681454,0.02166085084424654,1.4160260525820012e+28,5.250994372715008,1.6273380461786644e+38
1.9124698741828472,9.178020566879757,0.3077985087335526,0.021713128816071157,1.4124417913259818e+28,5.239605543915526,1.6254772572817413e+38
1.9123296927060185,9.1796923561995,0.30771989590501264,0.021654935643690754,1.4099397291466352e+28,5.232241173939955,1.6253983559943555e+38
1.9121880521136103,9.18012277270417,0.3076826774095106,0.021540789057914723,1.4028365482084681e+28,5.207809846520508,1.625111971764731e+38
1.9120433040023639,9.169282978806692,0.3080230970418109,0.021626706204256222,1.40013617833069e+28,5.199752895476402,1.6229524687750883e+38
1.911750561343299,9.167812327267189,0.3080253411399799,0.021550362010087868,1.3940750640242294e+28,5.181208564941251,1.6219834369393875e+38
1.9118978572352918,9.169153135430523,0.3080040276557786,0.02159195886178004,1.3977876256810616e+28,5.193005789972186,1.6225694852336336e+38
1.9116010512896733,9.16364767333836,0.3081412308022985,0.02153434975800289,1.3898780446030788e+28,5.167630333382982,1.6209260076626756e+38
1.9114535901329517,9.158573749763015,0.30828816030050576,0.021516037212095527,1.3848557504403297e+28,5.150943629137144,1.6197220168442212e+38
1.9113021838177562,9.147654295398906,0.30863171182137383,0.021598043250319564,1.381866668777855e+28,5.1418619117427635,1.6175394317948235e+38
1.911149211618371,9.155664385099492,0.3083370168040815,0.02144638524361834,1.378181586436801e+28,5.130202556286407,1.6185033519953122e+38
1.9105270751330146,9.147270721379341,0.3085194861028904,0.021278923646999737,1.3611636305561519e+28,5.075109310034631,1.6156285098942895e+38
1.9106860279082991,9.149517786379713,0.308469377644878,0.021324278172129483,1.3657411191557528e+28,5.090058736504657,1.6163761427736206e+38
1.9109962129411766,9.157366339716406,0.3082550308191395,0.021320609840716955,1.371372961008625e+28,5.106901694988175,1.618418356533996e+38
1.9108416628379756,9.148227152378112,0.3085380264938632,0.02163591547757274,1.384723274493893e+28,5.158703064473212,1.616531303348605e+38
1.9102083978444402,9.128529820828543,0.30910131066012597,0.02140531633430195,1.3552794738189526e+28,5.057386657108113,1.6117641929943085e+38
1.9103685610333467,9.137566223555986,0.3088215227160021,0.021319888848203117,1.3565651029878516e+28,5.060062451534869,1.613642684984091e+38
