0.12200836062453571,26.248859943647474,0.006865941223854042,0.0012329028369854167,1.5345607901372974e+29,53868785.75404742,5.281272165064049e+36
0.1173528416862612,29.01551119014822,0.005974262753546098,0.0008524426142040736,1.7511336800302138e+29,74671056.55945082,5.185642187953982e+36
0.11322369124713635,32.36318918207223,0.005167814695861366,0.0005923555342489423,2.100593548739828e+29,107141205.41542643,5.1380939959546974e+36
0.10959116154527936,36.4358935174979,0.004442905142361717,0.00042070423992345246,2.698528612146969e+29,162013209.26575348,5.1422536842550927e+36
0.1064116527622049,41.44545148816488,0.0037925668861599157,0.0003112287282578073,3.80160570276458e+29,264436971.73804316,5.205569339464553e+36
0.10363946272949001,47.73423058530441,0.003207127025111527,0.00024370549169847115,6.032786646473763e+29,478843117.44334656,5.343195711381478e+36
0.12721460735465334,23.957637032737974,0.007843572877930707,0.0017686644527070104,1.3943389814681388e+29,39717738.09266823,5.423372305864863e+36
0.13298912249678313,22.05500265250889,0.008906969009757163,0.0024964249483094055,1.3012390955365696e+29,29687768.08383217,5.611464127804281e+36
0.13934064150949987,20.45759582584182,0.010061069445911952,0.0034624895110783845,1.2392657709283737e+29,22391153.844694734,5.845602661053148e+36
0.14626759805781578,19.127496790725903,0.011295642195814795,0.004689051924926812,1.199164458362799e+29,16999617.41713727,6.125999644536649e+36
0.10123951967017977,55.803857633567446,0.0026798271891941296,0.000204561482253324,1.105727191270535e+30,986730738.1821346,5.584588846106727e+36
0.15375711310451315,17.99994961488138,0.012617835523674095,0.0062267060044727445,1.1752163512813935e+29,12979046.605795696,6.45265684774225e+36
0.16178453812915483,17.065060269421316,0.014003936156596473,0.008049885620309253,1.1636754149307648e+29,9964323.978958854,6.825239247458458e+36
0.09918828274695668,66.43575101923808,0.002205359819669719,0.00018506043538016876,2.3923561910303864e+30,2364966710.167482,5.987954433819577e+36
0.17929749636441647,15.596235681032365,0.016981473476582125,0.012670779982782588,1.167899073592866e+29,5981846.096865841,7.70357267440634e+36
0.1703135358740666,16.265055234339723,0.015467301748257941,0.010218510152137003,1.1618988188420192e+29,7695264.126807893,7.242732318080094e+36
0.1886961825413401,15.036226762607884,0.018537244690640175,0.015377717075723107,1.1805631341950509e+29,4683544.965268859,8.206283494976462e+36
0.19848159361524642,14.54607150908562,0.02015558720252255,0.018407582990106194,1.1973700081609632e+29,3689166.2949682795,8.749779476649878e+36
0.20862733071035341,14.136473995877777,0.021799726153119765,0.02161109463472732,1.2186676297952183e+29,2926377.2761738724,9.333291149017685e+36
0.21910807190779202,13.788427300097133,0.02347278272549628,0.024973470420433935,1.2432417425644257e+29,2336494.403394997,9.955860996469198e+36
0.22989956392805352,13.479006300375548,0.02519423676642795,0.02858632346015346,1.2704298880220795e+29,1877418.1519350568,1.0616359873097575e+37
0.2523229919348039,12.985903575589843,0.028701565601734806,0.036072794627497864,1.330588223620466e+29,1234697.5735263473,1.2047659323758716e+37
0.2639117556681115,12.786064848503297,0.030488971073911672,0.03992152346678297,1.362682370636309e+29,1010187.5363212388,1.2816370089830396e+37
0.240978638655684,13.219365051440391,0.02692705677630591,0.03223205075684058,1.2997024401403466e+29,1517931.763516429,1.131406492586062e+37
0.2757244612433306,12.616690587689387,0.032281282427297484,0.04370644308867524,1.3956475071091007e+29,831189.9967084002,1.361919847634976e+37
0.28774165716157374,12.456905603540022,0.03412035194712896,0.04770093532532086,1.4291597593550304e+29,687651.0725449163,1.4454458759529103e+37
0.2999447282456499,12.326911443807107,0.035942467809201455,0.051459391635883076,1.4629822097877965e+29,571918.2119586312,1.5321824324478088e+37
0.3123159021347576,12.208134331382862,0.03778902906766817,0.05526192109966313,1.4968403870316294e+29,478086.02814796334,1.6219512527676814e+37
0.3248380164811985,12.10867751273455,0.03962698880834871,0.05886627871630641,1.530569885357783e+29,401624.2819491717,1.7146821844246851e+37
0.3374946376261243,12.01701531913926,0.04148500981760129,0.06247930650747485,1.5639479377392072e+29,338991.6144787205,1.8101976251504426e+37
0.3502703070088865,11.937541465805968,0.04334204164296252,0.0659434907358435,1.596795926033542e+29,287431.1606065995,1.9084102044555882e+37
0.3631498951716908,11.867017292486695,0.04520279437268488,0.0692995286692604,1.629075357104722e+29,244800.67232073742,2.0091792368572653e+37
0.3761192711191754,11.79967067221808,0.047084355995510106,0.0726785339824594,1.66057542898302e+29,209378.32737736322,2.1123304945351247e+37
0.3891644947531697,11.739536586647457,0.04896696559133805,0.07593504948732253,1.6912198442707883e+29,179818.78539605404,2.2177714828625725e+37
0.40227262129278596,11.689145157052511,0.050834512010268576,0.07894554563972563,1.7208555108475272e+29,155039.75640144828,2.325417063851355e+37
0.41543118097679604,11.648852843646441,0.052678920455313014,0.0816588804963577,1.7495333838110267e+29,134192.37227876802,2.4351674595522454e+37
0.455093801729105,11.548352060822177,0.0582105684706469,0.08913728244367608,1.828784292545525e+29,88911.70281173153,2.775330984603948e+37
0.44185278975584746,11.578230191329137,0.056371080185176975,0.08677796275518669,1.8035299799133307e+29,101633.38882765528,2.660243438948534e+37
0.42862839945765774,11.609522521546305,0.0545365322304361,0.08435882217781701,1.777073196937353e+29,116573.98737432384,2.5467811684174074e+37
0.4683411898908219,11.518172134255128,0.06006199114278713,0.09149594144269052,1.8527749503560006e+29,78039.04446320886,2.8918784061801997e+37
0.48158530872138666,11.488387891969571,0.06192058837979425,0.09382663331753269,1.8755325402783277e+29,68716.25807035396,3.009765913068413e+37
0.49481768015354677,11.468311175214607,0.06373333956614956,0.095737165925785,1.8970593850079046e+29,60695.421195306946,3.129104313677465e+37
0.5080315613551969,11.449522472978074,0.0655426889734377,0.09755620506108707,1.9173208035067375e+29,53770.28821217138,3.24961431082359e+37
0.5212204949943207,11.428815595795834,0.06736606718927678,0.09942098093937808,1.9363648397901383e+29,47772.812961288015,3.3711012833697887e+37
0.5343788004880922,11.410478531665664,0.06917772853486148,0.10114127297990363,1.9541177235610646e+29,42560.396724654696,3.4935887042139333e+37
0.5475004647005405,11.397381626160671,0.07095783186238133,0.10258867862023119,1.9707335254491844e+29,38019.50793837961,3.6170858121002203e+37
0.5605809502519482,11.388247332067984,0.07271137877439957,0.10380091049797706,1.986042937718644e+29,34048.50159202769,3.7414973468332093e+37
0.5865980892152266,11.366353454122859,0.07623254559690601,0.10622263607833551,2.012917043299799e+29,27505.763520737724,3.992146296677631e+37
0.5736149449850804,11.377060067451133,0.07447514236720602,0.10504795301387616,2.0000500628673345e+29,30566.071492910647,3.866516104766463e+37
0.5995264908574842,11.359889951719255,0.07795701270985259,0.10714879400098988,2.024701131244471e+29,24809.618411103325,4.118481370246926e+37
0.6123954455142725,11.34733610755833,0.07971847249321144,0.10830314489052521,2.0352308603186498e+29,22426.162583784626,4.244964009061577e+37
0.6252019071173758,11.337339476454687,0.08145731266642647,0.10928783314031244,2.0447046637686794e+29,20315.623921013677,4.371912711573912e+37
0.6379425778545748,11.329583574640871,0.08317418935571745,0.11011084991353712,2.0530658029541465e+29,18441.488491409717,4.499258212492793e+37
0.6506137872665257,11.328239695007847,0.08483630948157789,0.11056961323437799,2.0603972250342155e+29,16773.963464176766,4.627181668971553e+37
0.6632132291806355,11.320498017233621,0.08653834449502457,0.11128347799011974,2.066623543048293e+29,15286.093706189075,4.754900246720435e+37
0.6757377429809878,11.32020083979861,0.08817490085999397,0.11158170275225154,2.071889846241792e+29,13956.509812975419,4.883170496713252e+37
0.6881850512262289,11.309716015120932,0.08988236058938442,0.11233212276955981,2.0761822953042704e+29,12765.574303006053,5.010804996868815e+37
0.7128393511533335,11.309351554440624,0.09310540572456566,0.11266285117421405,2.0819595015023135e+29,10735.319985720807,5.267351691607283e+37
0.7005528424887854,11.307909094132825,0.09151231170770602,0.11260590113052674,2.0795803736283382e+29,11696.939940135815,5.138988801219794e+37
0.725042427528722,11.3009045134035,0.09477005897135513,0.11316711964413681,2.0834798588752615e+29,9869.002270065217,5.394827540724656e+37
0.7371601803681126,11.298925351238738,0.09637084421081626,0.11330481736481042,2.0841889515839538e+29,9087.173057180427,5.5226094013499e+37
0.7491915063375756,11.292097171209436,0.09800295562727175,0.1136481307426417,2.0841949906167892e+29,8380.601107458895,5.6497402143328325e+37
0.7611343870380114,11.289443650109355,0.09958862546835585,0.11372709997525604,2.0831938417804553e+29,7739.697992494606,5.776929352929494e+37
0.784751405069501,11.29218221589519,0.1026538305130942,0.11336434669154773,2.079068959272014e+29,6629.93746833115,6.031081071473776e+37
0.7729882507058775,11.292204481227325,0.10111488543468944,0.11349571722023052,2.0814987771709395e+29,7158.3469509187635,5.904310431957937e+37
0.808002180983259,11.281159635616344,0.10579855190254063,0.11354430244466954,2.0722258543775104e+29,5710.5175481441065,6.282211591216162e+37
0.7964229520632938,11.290835309586173,0.10419302091129828,0.11326118462107458,2.0759384873662828e+29,6148.889537386029,6.157319221052268e+37
0.8194880538019856,11.279081015434043,0.10732226902913493,0.1134104248203275,2.0678763921984457e+29,5310.219681201559,6.407403910632073e+37
0.8308805767362173,11.282153937560729,0.10878462545572512,0.1129743603452041,2.062732986880144e+29,4943.6877004217795,6.532685765156208e+37
0.8421786831177666,11.282554824763963,0.11025993374817734,0.1126516667452938,2.0572065657673692e+29,4608.480208747027,6.657131324989744e+37
0.8533820050140196,11.271413907107547,0.11183713110115513,0.11287297704004423,2.0510912783150825e+29,4300.991969066044,6.7795502727383525e+37
0.8644908326600766,11.273362025683372,0.11327338359639724,0.11239872422344437,2.044238995466076e+29,4018.192651267602,6.902998045970165e+37
0.8755046250141933,11.273163343395707,0.11471853178179828,0.11201957141454989,2.0371636720805987e+29,3758.6747575372247,7.025552326217528e+37
0.8864234678994496,11.273328677415382,0.11614753880311945,0.11157868926535577,2.029294688029822e+29,3519.1675080969267,7.147514738953523e+37
0.8972476377909012,11.263935032537866,0.11766386825283345,0.11160497090205727,2.021330086925543e+29,3298.9571150516226,7.267425512376939e+37
0.9186113852171002,11.261448713622473,0.12049207837135104,0.11074884800019213,2.003611664383391e+29,2907.0699396679565,7.507434712880821e+37
0.9079768580086862,11.263684226081484,0.11907353532875886,0.11113367239170222,2.0125701003909815e+29,3095.12480607332,7.387937866177168e+37
0.9291521446524201,11.262008900722034,0.12186862259908265,0.11020046880656532,1.9941865856927457e+29,2732.9561902557143,7.626651759949331e+37
0.9395994774868501,11.256442061691487,0.12329985374922006,0.10993201693360224,1.9844168908994747e+29,2571.6989628622564,7.744132729470633e+37
0.949952422641266,11.261981108262283,0.12459711753927721,0.10910366364595493,1.97431444912148e+29,2422.189395076978,7.86269998604098e+37
0.9602130377126936,11.252597189389832,0.12604794250568555,0.10898204866696597,1.9639112058063963e+29,2283.4152824480057,7.977945171083882e+37
0.9703811753005421,11.254390724308587,0.12736242204617096,0.10830696332127876,1.953301754511451e+29,2154.559902637604,8.0943588978057575e+37
0.9804572054155799,11.254843080709012,0.12867972776205042,0.10766535940255094,1.942120771447125e+29,2034.3893248744093,8.20976152113671e+37
0.9904416747603721,11.252192909887434,0.1300207514947731,0.10716789400497302,1.9308723324012205e+29,1922.6935881934066,8.323784094235862e+37
1.0101396431745195,11.242729291578174,0.13271823486976542,0.10631282915485739,1.907424958063248e+29,1721.2400053202496,8.548525931093247e+37
1.0003361030520626,11.245720931758857,0.13139522299478815,0.1068305181031398,1.919264640921879e+29,1818.4702233821927,8.436242033829153e+37
1.0198544764962978,11.23545694096367,0.13408135864865384,0.10598452408430749,1.8953925516879418e+29,1630.456381170542,8.659090324655575e+37
1.0294799687650737,11.233667142379902,0.1353683964792562,0.10538597511799003,1.8831876299119137e+29,1545.6285705436323,8.769934242243242e+37
1.0390179672662858,11.235520561638099,0.13660002977701113,0.10460428471704897,1.870761767403006e+29,1466.2372376759718,8.88076084099062e+37
1.0578321470528356,11.22543446433937,0.13919849422973804,0.10365380713955923,1.845457589443797e+29,1322.2735549989045,9.096818697660693e+37
1.0484685000616758,11.227302260740068,0.13794339406470665,0.10427934823879854,1.8581398596888314e+29,1391.882298171,8.98851056116144e+37
1.067110051907413,11.223958339397916,0.14043782669104043,0.10299114485213828,1.8324542187699065e+29,1256.8635356102989,9.204381796954634e+37
1.076303120834594,11.224133962274227,0.1416454711438459,0.10225014349359021,1.8194124015881966e+29,1195.5264820125676,9.311514564327048e+37
1.0854123470951538,11.21764412552916,0.14292691989408685,0.10180414440644553,1.806245450115027e+29,1137.8998126082292,9.41617592711421e+37
1.094437433340537,11.217013995013868,0.14412343763994973,0.1010820699527105,1.792930489819741e+29,1083.7018276324548,9.521425154030283e+37
1.1033803445970196,11.207711922542053,0.1454217005403916,0.10074481513224623,1.7795513289785047e+29,1032.7265698622732,9.623593520378007e+37
1.1122415742879015,11.209738996044594,0.1465630718558088,0.09989261742334123,1.766094401429963e+29,984.7349207586485,9.727865015313347e+37
1.1210212786945366,11.206876761103242,0.14775772485256117,0.09925028122793605,1.7524988595936704e+29,939.4842645714523,9.829999072326115e+37
1.12972124316513,11.195705904076766,0.149053009370728,0.09897175013770178,1.7388882602543416e+29,896.8426366900076,9.928972967762524e+37
1.138342756530646,11.19717138614706,0.1501708565565849,0.09812625326331041,1.7251619155451084e+29,856.575538274624,1.0030624263736296e+38
1.1468858895168104,11.188252671417574,0.1514184788507808,0.09773115719602798,1.711383683980743e+29,818.5540984006512,1.012845990193486e+38
1.155351888951059,11.18900987947889,0.1525258860665428,0.0969098126728751,1.6975753406104007e+29,782.6340016425052,1.0228271538233507e+38
1.163741441333103,11.188901353810955,0.15363493827294683,0.09612563935084571,1.683757267958603e+29,748.6831018968262,1.0327033615964483e+38
1.1720550363493434,11.184618502787263,0.154791733994951,0.09551728448205894,1.6699015233736744e+29,716.5588787866229,1.0423704971195826e+38
1.1884612511502646,11.166656531758838,0.15721095413681732,0.0946840726175912,1.642085392934046e+29,657.3121397619694,1.061155477043476e+38
1.1802946692096554,11.173263467293513,0.15603834709783213,0.09520179439455038,1.655954308921309e+29,686.1154028206587,1.0517318687956747e+38
1.204576240944543,11.157124876216265,0.15947879081615046,0.09348174232634518,1.614326162808111e+29,604.116737696664,1.0798693179850423e+38
1.2125267665968684,11.155828160300864,0.1605500531564595,0.09272802105400552,1.60037990103374e+29,579.5187126770733,1.0892217106576977e+38
1.1965545304401788,11.166438718228056,0.15828462942661461,0.09388954842708097,1.628147331622767e+29,629.9879929261273,1.0707027934467548e+38
1.2282181024555983,11.14539094967274,0.16278002930260024,0.09153544866128564,1.5724211132685804e+29,533.9399837039764,1.1074185302778568e+38
1.2204071150712408,11.155959400139078,0.1615915850922765,0.0919119879809461,1.586389410790131e+29,556.1439219557656,1.0985466173821733e+38
1.2359607728749236,11.144388751606959,0.16382092326444644,0.09076685788645601,1.5585171480143569e+29,512.8486261802659,1.1165480633030577e+38
1.2512446045660932,11.136443291051597,0.1659650507558426,0.08947774528284691,1.5309133092967192e+29,473.74054729045343,1.1343636993317838e+38
1.2436364149720216,11.13767668776249,0.1649376333219605,0.0902341613251847,1.5447102812588062e+29,492.811613818557,1.1253949120239718e+38
1.2587871335435503,11.12756553701665,0.16709869940069894,0.08901997718535619,1.5170199769930078e+29,455.54456709824694,1.142969693161154e+38
1.2736774335537533,11.119164692009432,0.16920306533435334,0.08773782093294887,1.4895348736086078e+29,421.74937923262087,1.1603016474908146e+38
1.2662642978160876,11.127483388101782,0.16809250245789922,0.0882134560845292,1.5032202855494274e+29,438.22975770143614,1.1518321326123228e+38
1.28102647546965,11.117833911469305,0.17019972690759916,0.08698870932581068,1.475933579744063e+29,406.0479606033518,1.1689683573262376e+38
1.2883125737491972,11.106596581522917,0.171340954976659,0.0866155027711305,1.4621894146974363e+29,391.0195359149823,1.1771624989452311e+38
1.29553677876046,11.105485888616185,0.17231898076542426,0.08584875183415908,1.448521099434651e+29,376.6839711470117,1.1856912740051826e+38
1.3027004573976604,11.098757612093603,0.17337686028638624,0.08531194241830041,1.4351083186375333e+29,363.0470409722554,1.1939174604998994e+38
1.3098031226086209,11.091311395049404,0.17443918869133737,0.0847843151911631,1.4214547092764862e+29,349.9483635852587,1.202036439055931e+38
1.3168456656066179,11.090779472036756,0.17538552369678187,0.08400545196589912,1.4080589570200042e+29,337.47957557999456,1.2103775873670664e+38
1.3307533162567058,11.075900880094217,0.1774759182160828,0.08296931318729524,1.3813884324396975e+29,314.1442226222288,1.226246167344914e+38
1.3238286470021967,11.076646122431292,0.17654053115438179,0.08373858284906477,1.3946654086929065e+29,325.5458798537379,1.2180554046801105e+38
1.3376201278032134,11.066616816541897,0.17854136784795044,0.08251992195743618,1.3681577954367743e+29,303.23076466313245,1.2339861131398813e+38
1.3444288712432233,11.068246665224118,0.17942375287349593,0.08166871637625714,1.3550424255198487e+29,292.7957640170686,1.242149803153838e+38
1.351179537655484,11.057786586662267,0.1804952556764988,0.08126279026064762,1.3419482458377213e+29,282.794863204543,1.2496885965917595e+38
1.364507583111953,11.04824938471284,0.18243300845757832,0.08003877126956475,1.3160451037048148e+29,264.05357615046955,1.265075835427514e+38
1.3710855031120341,11.038143558633848,0.1834802976828587,0.07961364124843474,1.3030788475521795e+29,255.24018343691307,1.2724048484322334e+38
1.3578723449572407,11.047593033086843,0.1815566710392226,0.08083845139246915,1.3287991449439741e+29,273.19054895306783,1.2571612346412252e+38
1.3776055355062793,11.035544065062586,0.18439624169074556,0.07892457288521772,1.2902801137227525e+29,246.808808553801,1.280024626767175e+38
1.384069047175228,11.02611084990209,0.1854198977465495,0.07848328366346095,1.2775913243270009e+29,238.72847289801595,1.2872371100670138e+38
1.3904761309969786,11.019046582755188,0.18639765926525992,0.07795943448524449,1.2650036906829235e+29,230.98041089604263,1.2944939581296348e+38
1.3968254359991874,11.01574098605909,0.18730499289496558,0.07730516109282881,1.2525067805904932e+29,223.5478302436049,1.3018685290516944e+38
1.403119052787677,11.008961978927372,0.18826478179405032,0.0767723261994673,1.2400510840229836e+29,216.4053605978739,1.3089963072585362e+38
1.4216621205262125,10.988459361724003,0.19110872753498676,0.07519885244586164,1.2033674564992135e+29,196.66059554933872,1.3299364723946417e+38
1.4093558567425941,11.006198442388383,0.1891490920216411,0.07610607254742242,1.2277473984395588e+29,209.55920746931477,1.3162623231031793e+38
1.415536888793508,10.99711566471975,0.19013555374058366,0.07566601428858696,1.215620008473482e+29,202.9985471758746,1.3231253614955924e+38
1.4277308989119708,10.985966932275835,0.1919680734122113,0.07453547389892731,1.1913996595666653e+29,190.60168089486186,1.3370089544830335e+38
1.4337451785470157,10.978560027387077,0.1929067946521085,0.07403295083851796,1.1793833202639577e+29,184.75498992893688,1.3437455385106247e+38
1.4397034784444476,10.966093980739714,0.19392867295885124,0.07370897996644976,1.1675708294955332e+29,179.15090815289585,1.350124555229541e+38
1.445606828480715,10.965652773112437,0.19473169152391523,0.07298567456240773,1.1558809144030055e+29,173.7653524413348,1.3571078257533562e+38
1.451455372052979,10.95506864251563,0.19570842378031847,0.07259822789988113,1.1442068744772987e+29,168.57266971717348,1.3634458940453578e+38
1.457250160208646,10.948172776877938,0.19661353172047863,0.07209607413999074,1.132720724820315e+29,163.58871298389207,1.3699242331209923e+38
1.46298961948013,10.946611507799952,0.19741605744867755,0.07141828097135372,1.1212718953122635e+29,158.78364277750688,1.3766439565445166e+38
1.474307084025009,10.928741892566656,0.19926853057994168,0.0705644734192327,1.0988539366289788e+29,149.72739010143215,1.3890076861977267e+38
1.4686754648379914,10.937436686966343,0.1983495515450341,0.07099608645996616,1.1099800858948063e+29,154.165443301127,1.382848443383912e+38
1.4798856876922781,10.918343596526682,0.20021303447598643,0.07017812547174888,1.0876485051519696e+29,145.4282455380794,1.3949920921295084e+38
1.4854101764203071,10.917102976580834,0.20098327709316263,0.06951248783682006,1.076720256604556e+29,141.309694273186,1.4014651484021172e+38
1.4908815914909588,10.90654215224491,0.2019189156791064,0.0691351564915339,1.0657059204313177e+29,137.31648069843868,1.4072957709509905e+38
1.4963000822769237,10.905559846334532,0.20267102766650028,0.06847103311306339,1.0549933565502779e+29,133.4926250977687,1.413655749562772e+38
1.5016662734021298,10.894874672563692,0.2035973510805306,0.06811113507334024,1.0443169549544437e+29,129.79747451276717,1.4193378595741757e+38
1.506980270583664,10.886196679114219,0.20448070102194157,0.06769241548741493,1.0337699662309782e+29,126.23713383745242,1.4250756476548492e+38
1.5122422137107998,10.887210851327126,0.2051755745924197,0.06697460048822255,1.0232843181612386e+29,122.79779850761878,1.4313734343222672e+38
1.5174523433269007,10.877841060744068,0.2060598061373242,0.06658301334264782,1.012931339151048e+29,119.48289933970504,1.4369317623700434e+38
1.5226103058353946,10.86609257815995,0.2069837730571895,0.06626735245702707,1.0026968288137968e+29,116.28584795625017,1.4422596146940049e+38
1.5327732250194999,10.85522776184748,0.2085738705186712,0.06526050804491203,9.825353135955144e+28,110.21981788498674,1.4535515657299003e+38
1.5277177615086281,10.857864971298298,0.20783545021842503,0.06584274729474597,9.925060051148764e+28,113.19273448153058,1.4477513748283681e+38
1.5377785974448082,10.846111622792243,0.2094308607689057,0.06486672562173552,9.725128345246612e+28,107.33153201668414,1.458848287987998e+38
1.5427338151477488,10.836674300600498,0.21028868894899896,0.06449889980429092,9.627985500180055e+28,104.56382959155899,1.4640539778255952e+38
1.5476386595746499,10.83802762366301,0.2109309221611411,0.06380322693357116,9.530088409710862e+28,101.87089660525197,1.46994363502123e+38
1.5524936570329109,10.829080022844963,0.2117674497951183,0.06342414782475418,9.434425795502877e+28,99.28127555941029,1.4750524052261272e+38
1.55729827153336,10.815507054840445,0.2126894028029219,0.06317701804867865,9.338918069553526e+28,96.76952408711536,1.4797617817035592e+38
1.562054896042539,10.809521817804479,0.21345716896804492,0.06271660944999571,9.245235988903258e+28,94.34906197898707,1.4849454276192106e+38
1.566761022580716,10.805282331337075,0.21418427120487074,0.06220687588860562,9.15212627498301e+28,92.00453982741881,1.4901893877151914e+38
1.571420227259753,10.800707030958366,0.21491220906009809,0.06171302088403874,9.060261929490604e+28,89.73876854147201,1.4953514281327728e+38
1.576029347671543,10.787491203654158,0.21580662901752648,0.0614721085213613,8.969813227579786e+28,87.55136995777873,1.499810367344684e+38
1.5851045640110608,10.776926876342902,0.21726207125775754,0.06054429285158109,8.791255635141472e+28,83.38009282442901,1.5097090250225265e+38
1.5895715826628605,10.770505939556537,0.21800423016923745,0.06012485347788205,8.704374562547017e+28,81.4025796917114,1.5144821510087986e+38
1.5805912552081889,10.779458217116854,0.2165925810057745,0.06108462524235861,8.88013561807856e+28,85.43243246833421,1.5045856406184899e+38
1.5939899792428476,10.757836836657345,0.21886764700819597,0.059864732019073115,8.615863808996923e+28,79.46427747579665,1.518711373155609e+38
1.59836237383883,10.75976717972802,0.21942863856563333,0.05922207787870568,8.531021355399196e+28,77.61145748165221,1.5240012720992204e+38
1.6026871710041857,10.746460738461886,0.22029479671386334,0.058989488159328245,8.445102537230387e+28,75.79877237058795,1.5280512566624e+38
1.6069663204848532,10.73567697337937,0.22110485272539124,0.05870774159208673,8.362681733938941e+28,74.06495151134912,1.532230457233337e+38
1.6112002833923362,10.729597541564711,0.22181301884220297,0.0582895354063757,8.279627003594388e+28,72.37093307618748,1.536718323702557e+38
1.6195287289206473,10.71409829650374,0.22328212930148977,0.05755249038988306,8.116060406184701e+28,69.13580698175436,1.5452401032505473e+38
1.615387972974209,10.730593899378862,0.22236888633704416,0.057680611554545805,8.196938371420104e+28,70.72427301893705,1.5417110071439721e+38
1.6236269425289573,10.708376684381633,0.22396674837289055,0.05714032064988107,8.036443382185931e+28,67.59797560304892,1.5495776404134912e+38
1.627678865291951,10.70576930204369,0.22458036276878593,0.05664937547980807,7.957699707335703e+28,66.10662301429998,1.5541090857104643e+38
1.6356508034231723,10.685843165669413,0.2261011288662125,0.05606044372268007,7.801956549703813e+28,63.248702175768784,1.5617881742082924e+38
1.6316867735504685,10.69570120917269,0.2253452801436645,0.0563637358595649,7.8804151814932945e+28,64.6645382709393,1.5579712453625768e+38
1.6395709997431536,10.686949643101629,0.22661956429760732,0.055493779921949475,7.7270930094028275e+28,61.896493614832465,1.5664627846416703e+38
1.6434478566845367,10.677080520708918,0.22736538494803193,0.0552078503483422,7.651849934187442e+28,60.574222041532344,1.5701620101016908e+38
1.647282120586704,10.669472906172919,0.22805833795680336,0.0548567066298187,7.576132695010062e+28,59.28006852689239,1.5739932901349779e+38
1.651072379185782,10.657795889931581,0.22883352395786088,0.054640663134795375,7.5050911686485236e+28,58.05323948143104,1.5774143681141126e+38
1.6585268777451894,10.645410189650303,0.23013413923269604,0.053903724446399466,7.360948726843703e+28,55.670134469260056,1.5850260864165286e+38
1.654821329905152,10.649484996667473,0.2295321048596719,0.05431260346620929,7.430989858490859e+28,56.83189870423048,1.5810659545655664e+38
1.6621916484233696,10.638060586451164,0.2308020020343076,0.05356058618585923,7.2888772384644675e+28,54.520044794591676,1.5886481200921637e+38
1.6658142447346953,10.635362293847015,0.2313636983988162,0.05312152010919284,7.219962720970495e+28,53.41990917738287,1.5926236905606122e+38
1.669395816851842,10.626137522919645,0.2320624237565451,0.052832342877042235,7.1495720732353605e+28,52.33406767228543,1.5959685643332948e+38
1.6729374034695583,10.619101610411592,0.23270882320754374,0.05249246627709679,7.080091613816366e+28,51.27922689629879,1.599453598268677e+38
1.6764374837925446,10.607107577946154,0.23345937816864853,0.05230834776499014,7.015504172913287e+28,50.283224668043275,1.602434160827068e+38
1.679897523284365,10.608585573875512,0.2339086277105831,0.05176431738702705,6.9473779902168285e+28,49.284235837617864,1.6065794275202623e+38
1.6833175449232631,10.596922080667177,0.23464280636915058,0.0515695030753199,6.883267834744015e+28,48.335416621146116,1.60947869446209e+38
1.686698311521605,10.588150964056833,0.2353088279147283,0.05128972061426445,6.817638580745645e+28,47.39668541883116,1.6125856297219119e+38
1.6900391014376512,10.585970205765815,0.2358234673636281,0.050863268503097435,6.753993194752652e+28,46.49196505237504,1.6162472249925488e+38
1.693341307450942,10.577002353049926,0.23648458498023,0.05060082459748882,6.6907317221963105e+28,45.6091680606657,1.619229254892959e+38
1.6966052359011983,10.56723184145111,0.2371594870479053,0.050337343440995254,6.625207550916774e+28,44.72975517777488,1.6220818924892455e+38
1.6998304589496296,10.557769905222008,0.2378232717337236,0.05011982264236096,6.567098144495776e+28,43.91840096699775,1.6249075473342994e+38
1.7030176359531861,10.557973035314848,0.2382646054742962,0.04963480499963956,6.5041729329439736e+28,43.09207433953987,1.6285989778340708e+38
1.7092785200282623,10.537054039817816,0.23961530967023897,0.04921391350471526,6.385383059142932e+28,41.535919425760135,1.633797905498265e+38
1.7061668231940625,10.547954266923224,0.23893192924261125,0.04941137477811308,6.444231678483927e+28,42.302372915719694,1.6312683101442713e+38
1.7123532893158606,10.535896672975213,0.24007271544241504,0.04878610040853323,6.326399837969532e+28,40.78409431179334,1.6372181126681279e+38
1.7183922949801553,10.514432996482817,0.24141118847936957,0.04838566527959813,6.2108211469692925e+28,39.34037425750594,1.6420485926691555e+38
1.7153912637650333,10.52698119563755,0.24070232319344398,0.048558948092237056,6.270346249900928e+28,40.06605669888467,1.6398381984006237e+38
1.7213581857595766,10.509200532636799,0.24194826110496637,0.04805827249298225,6.153462646772364e+28,38.64242482418948,1.6449283073406686e+38
1.7242871519829672,10.506328476728854,0.24242619922609604,0.04769014825408233,6.097987973938012e+28,37.96991721534937,1.6479937243388843e+38
1.7271819703061118,10.499894908653317,0.2429819867192913,0.047400982226942924,6.042478585992259e+28,37.310037751494924,1.6506623901503065e+38
1.7300401801625742,10.488191619726841,0.243655664100901,0.04726427068009699,5.991548025578715e+28,36.690965814610024,1.6527513029798316e+38
1.7384071052072436,10.46839700232981,0.24529700132896412,0.046432195927204316,5.830733106906107e+28,34.855134952177835,1.6602690601819653e+38
1.735651833168203,10.475241241118333,0.24474820375206233,0.046704733201869776,5.884154667762307e+28,35.454557616885275,1.6578331592566321e+38
1.732863611719444,10.477815425508492,0.24429499729803109,0.047041983641523885,5.933929232296108e+28,36.0430471399286,1.6549213490415057e+38
1.7411271166613689,10.465353047568948,0.24575226585555168,0.046103213580633226,5.781008857829469e+28,34.28879994222495,1.6630468689058495e+38
1.7438141710441237,10.455737766564747,0.24635787840374712,0.0458829640965202,5.727009396415233e+28,33.70760765648819,1.665105544930056e+38
1.749087730657948,10.436501297065362,0.24755836009082277,0.04551846648302173,5.629441321795545e+28,32.63686068290339,1.6690751580747e+38
1.7464668151275897,10.452766185837914,0.24680277427095867,0.045571364293432934,5.680037819607153e+28,33.17802922015937,1.6678038044775013e+38
1.7516750909129186,10.43603479846903,0.2479356463555199,0.04510613799834005,5.577200458154985e+28,32.095897962659045,1.6719498849560734e+38
1.7542300347495066,10.425868553843454,0.24853939249437987,0.04496301754017894,5.532477965227515e+28,31.607345840119777,1.6737629740327288e+38
1.7567531494887285,10.417622589264633,0.2490938793242004,0.04473678737049347,5.482907375512584e+28,31.09984703299995,1.6757330117307542e+38
1.7592440746283757,10.409258692709217,0.249647505152928,0.044506580681783266,5.432831760461816e+28,30.598266253184388,1.6776447639063252e+38
1.761702445579644,10.404992398147563,0.2500988675019892,0.0442278812132423,5.387756853888424e+28,30.133269074742145,1.6799497020900166e+38
1.7641306295704837,10.39753126582694,0.2506232979969833,0.043995599838154126,5.340272708637586e+28,29.662706934665202,1.6818722755260609e+38
1.7665278471225876,10.389766275046249,0.25115142418276926,0.04378914955964043,5.295395689555003e+28,29.214403652788025,1.6837190123640743e+38
1.768893619653536,10.38662187518079,0.2515639059280762,0.043485866743568316,5.250767096336365e+28,28.774992926234997,1.6860245374288494e+38
1.7712297569056885,10.379627489273473,0.25206588261996743,0.04325784520698808,5.205671241985524e+28,28.340224482130875,1.687872621078266e+38
1.7735342146868947,10.374633118560958,0.2525153357721372,0.0430020090617417,5.162445757147878e+28,27.922782475049075,1.689895939200636e+38
1.7758107405809815,10.366964044112974,0.2530265076777889,0.042794915745587185,5.118623123803825e+28,27.50874706023765,1.691588829861397e+38
1.7780564664711858,10.353063982147544,0.2536866340097057,0.042727249041442976,5.076360301532519e+28,27.109764332488975,1.6925460287083257e+38
1.7802737311043668,10.352335629629572,0.25402085599074464,0.042417053007361386,5.0377339443240595e+28,26.736364726434704,1.6949262355498634e+38
1.7824630953824394,10.34557016182012,0.2544995692959218,0.042212559668202976,4.997086378541551e+28,26.35816486066245,1.6965985220688718e+38
1.7846234705420647,10.33652513011841,0.2550309981707217,0.04201864908719067,4.952425225179537e+28,25.964859270637803,1.697974283433994e+38
1.7867555230052115,10.335419523775245,0.25536299230120657,0.04171138725790942,4.913581907116735e+28,25.607877378610908,1.7002057259838713e+38
1.788859524454177,10.324609951516631,0.2559313686628961,0.04157223209044168,4.871633729060365e+28,25.240298586728404,1.7013032575897227e+38
1.7909363040068798,10.32373016716984,0.2562503283215154,0.04127493799182546,4.834734956896157e+28,24.904224227553033,1.7034907776240672e+38
1.7950085487377412,10.302382960870025,0.25736516692023376,0.04102482838095648,4.755960484530223e+28,24.221814790521133,1.7055205801681748e+38
1.7929858490215826,10.31282963054827,0.2568147443136376,0.041135259626157494,4.792989482524386e+28,24.548401286051035,1.704500322367082e+38
1.797005062287582,10.293990688775466,0.25786147625009154,0.04086686896025446,4.718383515747548e+28,23.89724207356585,1.7067385465133843e+38
1.7989747275639187,10.292974265834705,0.2581696051501827,0.04053720187178363,4.67801079688001e+28,23.563345758751286,1.7087732687639536e+38
1.8009185493916329,10.281612232239498,0.25873416874069366,0.04045394552034134,4.64269341302845e+28,23.259517236006616,1.7095731225880608e+38
1.8028373136915408,10.275168862906249,0.2591722538607072,0.04025263851926473,4.605133341075595e+28,22.948830934151157,1.710909556812524e+38
1.8047297323012097,10.271596989498285,0.25953452401728966,0.04002099030112084,4.5706788215183425e+28,22.657964199130845,1.712546699348453e+38
1.806598115359261,10.265519479142535,0.25995702406891635,0.03982139160311732,4.534444673212172e+28,22.362347439041685,1.713858810847593e+38
1.8102596603237235,10.255888223784684,0.26072851434127975,0.03939351588474239,4.46471925648929e+28,21.796704398564327,1.7166801685529724e+38
1.808440784059572,10.254387851912902,0.260504654983425,0.039708114558704155,4.497083818086459e+28,22.065337080554666,1.7145372321801e+38
1.812053578105674,10.245205977897331,0.2612590092292884,0.03926488572400374,4.42701329539331e+28,21.505854392689827,1.7173430738741877e+38
1.813823472972666,10.234573643856871,0.2617858676401212,0.03919228400620572,4.395946189634621e+28,21.25094884987818,1.7179745905684528e+38
1.8155699251863795,10.23524332296354,0.26202078512310856,0.03886080980339384,4.360193085353305e+28,20.976927113551536,1.719929059675336e+38
1.81729235535748,10.223784038630045,0.26256332758305456,0.038797405236064626,4.328765243707216e+28,20.727221247849304,1.72039336093248e+38
1.8189916402765518,10.223071129771855,0.2628271681874551,0.038491604160262795,4.293148795388102e+28,20.46084064031397,1.7221224796413475e+38
1.8206691405183328,10.215590016482208,0.26326220310885196,0.038337378840739615,4.260324785998698e+28,20.211037160623274,1.7230051528255145e+38
1.8223233809048665,10.205948546652175,0.2637503277686603,0.03826174325401065,4.231892654847238e+28,19.98519794073554,1.723591037820338e+38
1.8239548151409306,10.20416360437806,0.26403262742341327,0.03797618134564031,4.196636709746304e+28,19.730225379416886,1.7251040209625956e+38
1.8255636290792636,10.192791658417276,0.26456035372382175,0.03792079784795157,4.167217996437735e+28,19.505738352809562,1.7254122152934897e+38
1.8271523499890285,10.186445390982191,0.26495555832149537,0.03774859619788642,4.135396248286458e+28,19.27278040316152,1.7263090035486696e+38
1.8287184484659165,10.186256753183422,0.26518756930852855,0.03747608155784353,4.10516186995883e+28,19.050093135808446,1.7279356388098914e+38
1.8302625845885425,10.17397231073603,0.26573195676074796,0.03741330189011767,4.073632175432412e+28,18.824170662889937,1.7280360658346993e+38
1.8317865463727538,10.176152277753909,0.26589624422546865,0.037103018661997327,4.044177867865704e+28,18.610454128471925,1.7299049928146134e+38
1.8347710240104587,10.157216599940039,0.26682596837509215,0.03690364128674183,3.985160401208356e+28,18.190200656814792,1.730657433804437e+38
1.8332894124459653,10.167568982930996,0.26633904483563187,0.03701920842246113,4.018054131965559e+28,18.414574128042883,1.7304079177843425e+38
1.8362328124191734,10.157393581355347,0.2670338996005918,0.03665836171220151,3.959017979799632e+28,17.999059109692492,1.7322004133461494e+38
1.8376744993000393,10.149997989808437,0.2674382783468876,0.03653686409641769,3.931552399170846e+28,17.804188011477507,1.7327662447460187e+38
1.8404962635511215,10.134333231145586,0.26826294927478617,0.03625678537123293,3.871401508953513e+28,17.397809138942932,1.7336983416243334e+38
1.8390947972778204,10.145468840153212,0.2677644577968508,0.03635569241648189,3.903336965861708e+28,17.608262876618586,1.7336633555777303e+38
1.8418780713809018,10.122338671282662,0.2687824750871592,0.036239127457549807,3.846671223239614e+28,17.221926415318325,1.7335919720289863e+38
1.843242193778235,10.118667052250032,0.2690791409658502,0.03605853369336527,3.8205651470393424e+28,17.041846163643502,1.7345218900737468e+38
1.8445855836646072,10.11740755555143,0.2693087725100774,0.035791203515793214,3.789880740162287e+28,16.843507763005977,1.7357333476809402e+38
1.8459102089895638,10.105281395380553,0.2698255651553612,0.03576845198390628,3.7648286935616747e+28,16.672219096050146,1.735525618001376e+38
1.8472166141044297,10.106662480817016,0.26997963064246083,0.03548258488947246,3.7372924162167176e+28,16.491835611179948,1.7370306463267207e+38
1.8485045173930432,10.096002875553058,0.2704531137273274,0.03544856683101972,3.714060952736827e+28,16.332305438953284,1.7369587631511884e+38
1.84977367750257,10.094779767003146,0.27067159472519003,0.035205011733741326,3.6863091447614497e+28,16.154734536913942,1.7380812566765318e+38
1.851025995332336,10.08621229864671,0.271084913013228,0.03513797661868458,3.6637032725450457e+28,16.00142832521308,1.7382298772056263e+38
1.8522597303473636,10.075570335483361,0.2715521095892755,0.0350502679307913,3.635319239051559e+28,15.824652356349695,1.738079610397675e+38
1.8534759020537857,10.074951716397706,0.2717470921812148,0.03485050713279381,3.6134910793722827e+28,15.678095840429112,1.7392139773442584e+38
1.8558562986593137,10.064174901749182,0.2723874567705301,0.034565053552590756,3.564766841265411e+28,15.367755812010058,1.740167879913701e+38
1.8546752450482114,10.067041809771025,0.2721365897872324,0.03472781590745543,3.5866570272656816e+28,15.511418682322065,1.73937267292771e+38
1.857021625534861,10.056554241706623,0.2727650334424071,0.034441854756383755,3.5386332192597587e+28,15.20728872847433,1.7403174740718102e+38
1.8581695318683913,10.046277462234858,0.27321283728317003,0.03439954509340329,3.5162646877513154e+28,15.06454202464218,1.740089971486728e+38
1.8593007999398126,10.046818020493701,0.2733644625118139,0.03415736695258732,3.4924490744315295e+28,14.917046690827501,1.7412722078039705e+38
1.8604153924474225,10.033707755132301,0.2738857341299807,0.03417034608667615,3.47104010941058e+28,14.7812464991874,1.7406198017760706e+38
1.8615149015058547,10.028099589988779,0.2742008608899338,0.03403796126214599,3.447940387813563e+28,14.639566295753392,1.7409433170863413e+38
1.8625971680486606,10.026976637469016,0.2743910050534553,0.0338032703922342,3.4222501554185985e+28,14.488322618453292,1.741843054462966e+38
1.8636631454985046,10.023592130907804,0.27464074321431414,0.033637336892610226,3.3997075107423568e+28,14.351771706576661,1.7424200041864585e+38
1.8647139362069718,10.012367349425574,0.27510366517554335,0.033636886206663136,3.3806692224043747e+28,14.231236779786755,1.741924333874979e+38
1.8657502026604504,10.004527487363614,0.275472246587444,0.03352385863011667,3.3561389011661796e+28,14.08878322982019,1.741861734818968e+38
1.8677766595926448,9.99675111388858,0.275985966556956,0.03324745123602643,3.3155514662610106e+28,13.84306000456962,1.742741139995726e+38
1.8667706555450154,10.004425314714663,0.27562572816620023,0.03333166288126781,3.3367274205064963e+28,13.969052540650543,1.7428221818666103e+38
1.869741756314128,9.985500322039382,0.2765876168102835,0.03300210562095976,3.2726067155439287e+28,13.592105269892686,1.743068103764765e+38
1.8687666887630583,9.99693490192248,0.27612717847322077,0.033005413997637546,3.29171724182328e+28,13.707181061630857,1.743703291709383e+38
1.870702702105792,9.985956581046208,0.2767171240337622,0.032770697658421014,3.250401962653914e+28,13.465244741908132,1.7440321347615e+38
1.8725810262244391,9.974432261459562,0.2773150046431492,0.03255903640981043,3.2108165075191624e+28,13.234679899968828,1.7442086703419864e+38
1.8716487196361675,9.974693589706675,0.27716967533648534,0.032759489653589983,3.2310074737344673e+28,13.351107809008209,1.743377508707086e+38
1.873498709028975,9.964731468724269,0.2777210084692154,0.03251598785498162,3.19100855641521e+28,13.120851660812763,1.743726678560788e+38
1.8744045864636028,9.960810439173688,0.27796466914927603,0.03238836058634297,3.1722350500222527e+28,13.012169614968231,1.7440230908621193e+38
1.8752937063905648,9.956310246092213,0.2782222190888142,0.032265795553509884,3.153098227348538e+28,12.903040711409599,1.744216257780435e+38
1.8761703012831081,9.945768408553256,0.2786473068730937,0.03220332783263205,3.1303686237698545e+28,12.780129201619452,1.7435580725879724e+38
1.8770332655358355,9.944846198134119,0.2788013251768239,0.03205298888226275,3.114310463265376e+28,12.685369018920813,1.744212172064976e+38
1.8778841176472838,9.939109099585574,0.2790887087082303,0.03195803068463489,3.0961380426011114e+28,12.582803629472174,1.7441843721251075e+38
1.8787197199149062,9.92440364852324,0.2796266175856106,0.031976832788633086,3.07510933640454e+28,12.469574658214473,1.7428848542252e+38
1.8795438283918915,9.925249901961735,0.2797254248288267,0.03175780749805683,3.055348691509503e+28,12.362307508482285,1.7437375065486415e+38
1.8803548865728754,9.916249355800064,0.2801001356646471,0.031740786180021706,3.0398901641958416e+28,12.273256892847302,1.743197776534768e+38
1.8811530950377975,9.916748952473379,0.28020492066995434,0.03151075162233387,3.0186195102748727e+28,12.161543993508705,1.7439709142197187e+38
1.881938083604553,9.903877629941116,0.28068616086363396,0.031534271849562,3.0013189675462756e+28,12.066645280566624,1.742850383796902e+38
1.8834741297763198,9.90072300726697,0.28100476490772436,0.03120950582149444,2.9656811812273414e+28,11.87482483664025,1.74374040247965e+38
1.8827114628969126,9.904982916364766,0.2807701740304257,0.031335070849475816,2.984024279164183e+28,11.97249228904403,1.7436789371149417e+38
1.8842218296449684,9.8961592538344,0.2812459586823168,0.031096014014541908,2.9480925848705724e+28,11.780996069426482,1.7437378883965175e+38
1.8856833774888657,9.884582551235864,0.28179376209010804,0.030942115196195857,2.916383818040198e+28,11.60918852430644,1.743342601476401e+38
1.8849592472512495,9.88922460867974,0.28155332435284963,0.03105310542456649,2.9337240392943477e+28,11.700663271679806,1.743387375051965e+38
1.8863963233632968,9.873667268323327,0.2822119428570394,0.030906105884914797,2.8969416308035536e+28,11.51002020692292,1.742391314890441e+38
1.887098656636232,9.875429639510541,0.2822666321885792,0.030719955659440013,2.8820638444087065e+28,11.42961541768944,1.7432297774618897e+38
1.8877899075765348,9.867627254552408,0.2825932989297215,0.030673617399596474,2.8663663231215634e+28,11.346565920236824,1.7426922399184363e+38
1.889136956452476,9.85482844695809,0.28316222143834946,0.03049948180823515,2.8316581372834526e+28,11.16926635713774,1.7419663667515e+38
1.8884693830761143,9.859083129842729,0.28294000370038896,0.030602633409730472,2.84737363719292e+28,11.251120252261375,1.742030923584129e+38
1.8897943138618818,9.856263302032461,0.2832195160274298,0.03032151516327082,2.817185214665104e+28,11.092865788109567,1.7427054597750594e+38
1.8904403907220462,9.844512945460872,0.2836545070430739,0.030308909014129394,2.799268088875291e+28,11.00349377738864,1.7415372213183774e+38
1.8917016896261984,9.83548512847842,0.284104296034408,0.030110530540016563,2.768218427371446e+28,10.845214455760496,1.741238401139775e+38
1.8923159707533712,9.834394532639223,0.2842280678305913,0.029990420188125946,2.7556477633860655e+28,10.77845412748102,1.7415621472906823e+38
1.8910767722434438,9.847009267069039,0.2836780604035907,0.030120505953180488,2.7853964206842516e+28,10.93055614531717,1.7424049891484173e+38
1.8929205710736765,9.824737322599875,0.2845983502981991,0.029939321945337032,2.73747219384194e+28,10.690273336338183,1.740634961213292e+38
1.8935161744080395,9.828982273299777,0.2845649472546752,0.029720731863329863,2.7233613893537883e+28,10.618452473345393,1.741710155310853e+38
1.894100200182181,9.818779003575445,0.284948516261001,0.029719517948050788,2.7091447144521313e+28,10.546746370903307,1.7406758202110577e+38
1.8946743211310544,9.816984100725985,0.2850870018178094,0.029607372003437268,2.6964558626001502e+28,10.48145364873078,1.74084860964572e+38
1.8952383875870278,9.806775951299478,0.2854687189559783,0.029560518944393033,2.678220550712375e+28,10.39508785621984,1.7397836318820745e+38
1.8963386916148115,9.795931547982905,0.28595065763464245,0.029415944290520007,2.650418902085703e+28,10.257370363671114,1.739009403053176e+38
1.8957940000689661,9.797377802963997,0.28582632417347936,0.029579686498218998,2.6671402995495187e+28,10.336920755587279,1.7388231762672998e+38
1.8968748098541446,9.788307850433387,0.2862542771927964,0.02939991767818977,2.6386830707652114e+28,10.197528607236421,1.738280738841118e+38
1.8974013607623,9.786897212685151,0.28637500894015455,0.029236693985196852,2.622143257330145e+28,10.1195552123829,1.7384504619618536e+38
1.897918703115423,9.777942623126368,0.28671542374965236,0.029233454638023532,2.6098802477640747e+28,10.058508801649133,1.7375001459079837e+38
1.8984268071629573,9.776962687787424,0.2868209270814425,0.02909141804572291,2.59589843952295e+28,9.991241489121812,1.7377105505208715e+38
1.898925721540702,9.775754920951524,0.2869317500274462,0.028935948169267735,2.5804310632279323e+28,9.918669583767892,1.7378764598863616e+38
1.8998972838883517,9.764943299728914,0.28739640491320284,0.02879230375936181,2.5534541394407662e+28,9.789905520099914,1.7369375057103405e+38
1.8994160371221063,9.767008714271078,0.2872628470946076,0.02894688086146937,2.56987894941395e+28,9.865366229794327,1.736919906572248e+38
1.90083427095434,9.753992088958531,0.2878609734029431,0.028686142623399583,2.5298056938662253e+28,9.67535583298023,1.735931525774814e+38
1.9003709053977742,9.756707072525092,0.2877107185619102,0.028797802145760925,2.5431893267471547e+28,9.738405989604185,1.7360329084677517e+38
1.9012899012560593,9.7436615636651,0.2882352458122974,0.028663346673040997,2.514437629663432e+28,9.605062783140822,1.7346893933170373e+38
1.9017371026008165,9.743675389206462,0.2883026323845456,0.02854827449852413,2.504360909225438e+28,9.555327263833728,1.734973841998894e+38
1.9021769569036269,9.735433591173337,0.2886134410755632,0.028496974398378682,2.4893058672659182e+28,9.486908872537406,1.7340204468300985e+38
1.902607929191537,9.735810359483837,0.28866765997740335,0.028373175471890937,2.4789712518634467e+28,9.436827713773615,1.734340106367542e+38
1.9030310062011577,9.725647753009875,0.2890335542451514,0.028343051129129212,2.463441752439416e+28,9.367291257366762,1.733076325610434e+38
1.9034459623856035,9.725317363444647,0.2891063992743662,0.028238647813218505,2.453950660363138e+28,9.321034474453164,1.733271479434363e+38
1.9038529987438186,9.725808108589613,0.28915363145472167,0.028056710158408153,2.438755411695579e+28,9.253419089672146,1.733580351385918e+38
1.904252214152672,9.714456474685313,0.28955221908986933,0.028097511135288866,2.428082300357761e+28,9.203268757650996,1.732105158060609e+38
1.9046437150663211,9.71414177848954,0.2896211311660203,0.027981708780396713,2.4176834541696513e+28,9.154439233552036,1.732274981763632e+38
1.9050278995227805,9.704539370810714,0.2899661813872102,0.02795170879434348,2.4031783996798296e+28,9.09034482238194,1.731040001784821e+38
1.9054054373052662,9.698531122710628,0.2902033166771072,0.02789268714920643,2.390689598212865e+28,9.034148783159228,1.7303361761473997e+38
1.9057737123023628,9.694095792459043,0.29039220901030727,0.02781904198825843,2.3789303213943844e+28,8.981029209715741,1.7298562129625787e+38
1.9061357565297252,9.6967259096827,0.29036859522214786,0.027687720511644646,2.3709140985149955e+28,8.942268911835903,1.730436010132136e+38
1.9068390825793333,9.690411067350173,0.29066502652803416,0.02747722428963002,2.345237755397102e+28,8.829125735031871,1.7298244107000013e+38
1.9064905426443997,9.68556275785638,0.29075736939010766,0.027671282168030588,2.3558986195477137e+28,8.8773709794745,1.7289232970599723e+38
1.907178565641483,9.6767975001343,0.29112576274276647,0.02752966689142131,2.3332551792635643e+28,8.776199771812378,1.7279183205154976e+38
1.9075119145793344,9.666510570650058,0.2914865126117729,0.02756631889605607,2.323969607718914e+28,8.73363816996504,1.726504608357657e+38
1.907837894452754,9.675710584595683,0.2912591222972606,0.02732503309282277,2.314611258325358e+28,8.691040131659253,1.72804289450763e+38
1.908471333980098,9.65712641842711,0.29191651094026105,0.027326015747774903,2.2925505201499814e+28,8.59392891879547,1.7254754497228933e+38
1.9087773853006265,9.65616599472296,0.2919923633470644,0.02717408577841049,2.2786707302585032e+28,8.535052891389507,1.7254462731127125e+38
1.9081580321338543,9.657658011105868,0.29185252331536493,0.02742577220711921,2.301553073592027e+28,8.634761429587373,1.7254304442885396e+38
1.9090771330528267,9.645946514205141,0.29234761919682223,0.027214019849285124,2.269969186137476e+28,8.495787304416751,1.7239952177191637e+38
1.9096570826656982,9.63714782412231,0.2927034237880064,0.027079901208300346,2.2484989872820684e+28,8.402660259477788,1.722845447689825e+38
1.9093705107146055,9.648144214782363,0.2923259431760821,0.027029628170146303,2.2571583132377214e+28,8.44135207634865,1.724434310129461e+38
1.9099374472397463,9.637987876279768,0.292720880844031,0.02693629627783809,2.2375501396938715e+28,8.355608913855185,1.7230620664798475e+38
1.910212213955063,9.628940349222205,0.2930380775664818,0.026948113162633985,2.2280445025595177e+28,8.31413018732836,1.7217553041346373e+38
1.910479550184669,9.626539124002948,0.2931521936354267,0.02687002398965389,2.2188194926123126e+28,8.273914971882862,1.7214587023914794e+38
1.9107412107698494,9.62815762503845,0.2931430580915872,0.02668919052507559,2.2057402961982727e+28,8.219512726868524,1.7217738375277362e+38
1.9109962408670336,9.615326413336676,0.29357342259400254,0.0267566104659272,2.196616658545745e+28,8.180053738893857,1.71985686098767e+38
1.9114897563523678,9.615360167605504,0.29364820719705104,0.026501801348761303,2.175735981275007e+28,8.091841487842816,1.7199607786934094e+38
1.91124725308174,9.617399247311099,0.2935487018360197,0.026611519125827376,2.18706107352312e+28,8.139122544375722,1.720231513897773e+38
1.9117295612009693,9.611046181060825,0.29381686928940953,0.0264426690357498,2.1660158324401536e+28,8.050639797044722,1.719337959377986e+38
1.9119607232115705,9.5990460283088,0.29421975363694464,0.026501329315552824,2.1573025008804787e+28,8.013408130239819,1.7175137542290305e+38
1.912187142440919,9.59815932703409,0.2942817798394239,0.026418950781036184,2.1496034836255223e+28,7.980083517529536,1.7174026423399938e+38
1.9126234258785564,9.589596582651348,0.29461175308422366,0.026300180519967967,2.1304111895762637e+28,7.8998187755149205,1.716109152857638e+38
1.9124065078326065,9.593194972294832,0.294467844232822,0.02636419775057755,2.1396066234250493e+28,7.938417153443313,1.7166506494182286e+38
1.9128314727031652,9.584220654758226,0.2948090696302106,0.026247031488222362,2.1201531259180526e+28,7.857506196157764,1.715278672605371e+38
1.9132356028051458,9.579122581527852,0.2950282874084997,0.02610548318967234,2.1031168724117142e+28,7.786139592369134,1.714484120721951e+38
1.9130364488685196,9.587541836361284,0.29473852636880504,0.026062054803315037,2.1088613687612444e+28,7.8114715540541875,1.7157969051236388e+38
1.9134291355508948,9.579760076967965,0.2950384959413944,0.025940224860130135,2.090498766839216e+28,7.735511752176972,1.714572291460868e+38
1.9136168749594435,9.566720514983952,0.2954696248404753,0.02601385322688653,2.082203324571542e+28,7.701037227371201,1.7125233086991663e+38
1.9138002686558542,9.569275363719418,0.29541904812848935,0.025883447267570196,2.074533221629471e+28,7.668993782242655,1.712899609937464e+38
1.913978009489143,9.559477316882056,0.2957493043990623,0.025894131791813706,2.064786283428875e+28,7.629418459619659,1.711341450124818e+38
1.9143184230299035,9.560294737359873,0.29577661381674675,0.025650257599573255,2.0462144898062603e+28,7.55407528493838,1.7113946771900828e+38
1.914150113721437,9.558473122578496,0.29580697170448383,0.025821748874835584,2.0579332633960123e+28,7.6006785742101375,1.7111489793495094e+38
1.9146375346905895,9.545376738419082,0.29628825072314,0.025657410193718765,2.0308656971505207e+28,7.491165791090753,1.7089609548419273e+38
1.9144807434673163,9.548836956637668,0.29615663006498905,0.025716411541081986,2.0392279465781837e+28,7.525091930985096,1.7095560532471857e+38
1.9147911997733023,9.538723348302785,0.2965187119390485,0.025609583570324713,2.020025256512217e+28,7.448189764253641,1.707862112520518e+38
1.9149402915641123,9.542102339616507,0.2964367902573064,0.025487673483450855,2.01397262246165e+28,7.4229822976491855,1.7083322200631945e+38
1.9152210510872059,9.52882184646209,0.29689346236901926,0.025438787257982477,1.9961604990506336e+28,7.3519403019081055,1.7061042215915208e+38
1.9150831495395055,9.531514515525636,0.2967882182976318,0.025497523380601822,2.0035979744039786e+28,7.381990068395132,1.706601433285247e+38
1.9154843127226244,9.528173143892195,0.29695448867359336,0.025226639077291575,1.9788396933388782e+28,7.283140079968239,1.7058416676176636e+38
1.9153547307970982,9.526799771162729,0.2969772055224038,0.025377354507319375,1.989227945066272e+28,7.323851094769772,1.7057079343135924e+38
1.9157289886412523,9.516768886763035,0.2973483161767526,0.025207943492882835,1.9655678830516655e+28,7.229674423160443,1.7038640529277413e+38
1.9156101599154511,9.521358706431057,0.29718654288693747,0.025253406839177046,1.9738658246686791e+28,7.262447679410444,1.704682956664022e+38
1.915846247295421,9.510235560137552,0.29757080076376424,0.025168196702228286,1.9557416630946874e+28,7.191330889924066,1.702737922613562e+38
1.9159572415831152,9.498620842784906,0.29795192499560513,0.025237734201662265,1.9491988240171816e+28,7.1651968265346495,1.7007980817068687e+38
1.916064649357516,9.509428729263025,0.2976299735290247,0.024961969497183368,1.938893723278261e+28,7.125318147170401,1.702400373808336e+38
1.9163607628621457,9.489597178354328,0.2982980592471402,0.024916704453125067,1.9152810245348684e+28,7.033106644512869,1.6989127650419195e+38
1.916167094664965,9.499411153000544,0.29795976836753724,0.025011843207654153,1.9325562375790655e+28,7.100129968160974,1.7007039926765055e+38
1.9162667159539941,9.50209784336288,0.2978910076261635,0.024856738680903122,1.9232894712282229e+28,7.0642477223432305,1.7010142711287388e+38
1.9165376053347456,9.489734313125624,0.29832127524153873,0.02474156148963969,1.9019556696366713e+28,6.980952967562938,1.698679396829346e+38
1.9166187263095553,9.477884240021826,0.29870690516321463,0.024775928191139614,1.8927356019434963e+28,6.945641499361064,1.6966619516980647e+38
1.9166980330184986,9.48040308326643,0.29863989862902807,0.02469109342721789,1.8887625121273402e+28,6.929627920354109,1.6969254358105884e+38
1.9164519343988333,9.493094459523178,0.2982023518579594,0.02480240110466111,1.910010502467932e+28,7.012084580980932,1.699343072125796e+38
1.9168420943535056,9.468264193819525,0.29904524801949744,0.024617101166288347,1.8710774538716284e+28,6.862164474604642,1.6947037742180776e+38
1.9169094249508531,9.470750497667373,0.2989772427649914,0.024517630392723245,1.8659649785393896e+28,6.842212729210213,1.6949496146805552e+38
1.916773070701799,9.472968020551194,0.29888599334288884,0.02466177506502729,1.8791338055163035e+28,6.892952045916361,1.695601985062519e+38
1.9169710561200146,9.46683977335176,0.29911036588916134,0.024476614571202475,1.85900047214171e+28,6.815579212669005,1.6941696604199076e+38
1.9170305449163898,9.450033067669018,0.29965162674865387,0.024589902538155944,1.8510854438011324e+28,6.785507731630883,1.6913301840895011e+38
1.917085873267021,9.44891400014478,0.2996957649414418,0.024521733220458437,1.8448610500277358e+28,6.7617152037048855,1.6909882989441734e+38
1.9171376626256151,9.450382851479484,0.2996572788267152,0.024377281827093165,1.835419367082481e+28,6.726201324982264,1.6910561649918364e+38
1.9171849442944189,9.447393866850057,0.2997594776491651,0.02432797536561669,1.8288121280877313e+28,6.701161610019239,1.6904061776041084e+38
1.9172298999140232,9.450000102014878,0.2996838334110054,0.02420982618268088,1.8224421638967968e+28,6.677037810797668,1.690648511172777e+38
1.9172700562425558,9.43774680406012,0.3000792065652962,0.024254635118476194,1.8140087283800333e+28,6.645443536760811,1.6885090801777916e+38
1.9173080214599363,9.430869444365097,0.3003039824993525,0.024291846074187134,1.8101818316209551e+28,6.630767546279418,1.6872259133416921e+38
1.9173410561304562,9.426986171384957,0.3004328634662806,0.0242505664828591,1.8033883314607787e+28,6.605313628907479,1.6864156105791744e+38
1.9173713709298217,9.428005354239273,0.30040513576722216,0.024104119594083966,1.7934670131222015e+28,6.568455297778104,1.6863892533166168e+38
1.9174204608850118,9.413477202868144,0.3008764646720549,0.024135508712598865,1.7820088242014534e+28,6.525655016499118,1.6836629822801691e+38
1.9173997968818752,9.4222953829652,0.30059163955056306,0.0241090064596547,1.7884051238414164e+28,6.54943095360554,1.6852821956645485e+38
1.9174426196381673,9.409487108205717,0.301007529956237,0.02409113941962002,1.7749663175158264e+28,6.499490032385145,1.6828240978905618e+38
1.9174585456842803,9.415539400177073,0.3008165413766263,0.023921254601738003,1.7681251269536078e+28,6.474170402562859,1.6835917304675379e+38
1.91748395191283,9.399161013585875,0.30134471810372304,0.02395940165892552,1.755595392866759e+28,6.4278656481140075,1.6805395083320179e+38
1.9174737433570856,9.410728958094673,0.30097269395622683,0.0238796484411078,1.7605455773854005e+28,6.446161645433569,1.6826135438326516e+38
1.917491527815879,9.400446564220442,0.3013046983833593,0.023876077206131784,1.7506866385676211e+28,6.409766309884604,1.680533261288998e+38
1.917495668174292,9.399974588386003,0.30132047761913083,0.023755681983362385,1.7414215629374833e+28,6.37577537349904,1.6802397751728194e+38
1.9174949853180527,9.390659085296825,0.30161927913476694,0.02373482646003046,1.7312885223502594e+28,6.33868709042845,1.6782936072673593e+38
1.9174964047713066,9.388643187027851,0.3016842651501293,0.023829681129853054,1.7363425935943413e+28,6.3571677992109885,1.6781907701733415e+38
1.917489742854913,9.389744531473665,0.3016478319058111,0.023628014647563617,1.7226582611523338e+28,6.307175730927956,1.677918655583268e+38
1.9174817370664132,9.378821102532704,0.30199789754523443,0.02370378450351425,1.7181535239125102e+28,6.290813842115968,1.6759239303438208e+38
1.917471455273684,9.381560778065854,0.3019080869163946,0.023573242617946664,1.7111883926731995e+28,6.265479826169481,1.676135134702034e+38
1.9174568867222659,9.37877964327238,0.301995318663155,0.0235166613061373,1.7045523441665628e+28,6.2414191774636505,1.6754482766268198e+38
1.9174397082077332,9.377230926304804,0.30204248933101374,0.023456936815846485,1.6988200236706138e+28,6.220708262721356,1.6749580310529991e+38
1.9174210442737443,9.370538710601908,0.3022552587729952,0.02348198633499227,1.6945744103145304e+28,6.205463760136479,1.673635106641604e+38
1.917396760610739,9.364978588390368,0.30243088179787686,0.023485135123969207,1.6897794507222493e+28,6.188296666062643,1.672486549302093e+38
1.9173731391623992,9.359819436874433,0.30259385445183773,0.023456191764375113,1.6830533180488685e+28,6.164043958885082,1.6714055152247864e+38
1.9173437462712946,9.355533806171698,0.30272782737056486,0.023418555978504146,1.6765093960344685e+28,6.140548035796125,1.6704574271404489e+38
1.917280242584809,9.347787739520513,0.30296864865486545,0.023335688299881557,1.663672523093716e+28,6.094539652667475,1.6686918939651519e+38
1.9173141306971848,9.358313820383076,0.30263322336865567,0.023286014502216137,1.6694991575345376e+28,6.115343925418346,1.670657179050711e+38
1.9172442254878148,9.3479675994813,0.30295712806130953,0.02329104885769047,1.6606497937210549e+28,6.084037910902902,1.6684627115505215e+38
1.9172064136591513,9.34196027531123,0.3031459651312998,0.02326057083256747,1.653154588176853e+28,6.057175382336711,1.6672268106047336e+38
1.917165338204767,9.341462787919324,0.30315561428390025,0.02321507443820287,1.6494818394883206e+28,6.04436585746154,1.666882535366902e+38
1.9171204700855438,9.33988465606458,0.30319974150428985,0.023152008899152345,1.6436118451775402e+28,6.02356065885913,1.6663577355194371e+38
1.9170742459240249,9.330602875848712,0.3034940369484849,0.023145688313828267,1.6350146404970848e+28,5.992775782904935,1.6645786923090508e+38
1.9169736301812157,9.32869735979947,0.3035400979847638,0.023085004050042063,1.6290634216302317e+28,5.972530085403037,1.6637225877544867e+38
1.9170251566435204,9.320112167256637,0.3038278693988054,0.02322689640754539,1.631548152428524e+28,5.980835853923361,1.6625967231688774e+38
1.9168624508829155,9.31760180098542,0.30388393322938434,0.02299647937912783,1.6131884450856084e+28,5.916044057424377,1.661357141105817e+38
1.9169210250637612,9.322253725119735,0.30374157249551015,0.02303244125061611,1.6197484925070837e+28,5.939194226720638,1.662398492536572e+38
1.9168037649691823,9.307872323527297,0.30419226843342373,0.023073625453069894,1.610167079116391e+28,5.9058678089957635,1.6594873540487796e+38
1.9167437083019212,9.311098067777953,0.3040773562704446,0.02292321956363818,1.6024450118171253e+28,5.878465198397417,1.6597330670180821e+38
1.916613023018796,9.29926040117069,0.3044436785457519,0.022957664989813727,1.5946771715720059e+28,5.851964070625399,1.6572221034908222e+38
1.9166798721308547,9.300046564458032,0.30442856065260127,0.02300674476351504,1.5987619619766806e+28,5.865930913959387,1.6576402138123382e+38
1.9165457134209536,9.31088590623156,0.30405287394390773,0.022718364957011735,1.5879437484070743e+28,5.8282778692418775,1.658832588071646e+38
1.9164019092298736,9.288978739398082,0.3047470857240907,0.022856294351605824,1.5788783951458949e+28,5.797179602326702,1.6546620708484476e+38
1.9164739992060382,9.306767817878477,0.3041760300022084,0.022680310042859256,1.5817811708115158e+28,5.806745491146296,1.65786520141958e+38
1.9162501288147034,9.290416436117,0.30467579350175034,0.02267641592180677,1.5676652737619218e+28,5.758288242507686,1.6543021594651862e+38
1.9163274087534452,9.300763477089204,0.3043491171135647,0.022604599808871775,1.5714220433214613e+28,5.77092370099806,1.6562937646364658e+38
1.9161712658949015,9.292876175511589,0.30458261304665935,0.02257522337624648,1.5627367499733057e+28,5.741366304165167,1.6544038811064328e+38
1.9160039574401044,9.286268901089628,0.3047727134333879,0.022517474310837796,1.553205679016719e+28,5.708841805324807,1.6527094274749697e+38
1.9160886656966092,9.288848816855937,0.3047015353793571,0.02256769469976355,1.55883334622308e+28,5.7282600509474415,1.6534393544906833e+38
1.9158299764069646,9.265815476744223,0.30541773509787135,0.02262090939138981,1.5432323322424375e+28,5.674760538827942,1.6487376339638469e+38
1.9159185114878916,9.268058094051288,0.3053579430031926,0.02265577334482541,1.547482139919806e+28,5.689073244894547,1.6494163716405982e+38
1.9157402299214557,9.276910477442886,0.3050381714602134,0.022416800839105373,1.5384857533103652e+28,5.658631720405313,1.6502468317635761e+38
1.9156483412311354,9.266367961535854,0.30537057111817684,0.022438589664825436,1.5312506384812385e+28,5.63337148338631,1.6482042940803518e+38
1.9155564402857834,9.271609047858307,0.30518330870764315,0.022321761404319275,1.5275907927585407e+28,5.621255384825123,1.6487520319020645e+38
1.9154593650577971,9.259536953755099,0.30556570452027965,0.022382762567072077,1.5218191728576787e+28,5.601436061135543,1.6464514763753265e+38
1.9153599723554922,9.264636852841486,0.30538165295127706,0.022285630121510913,1.5193923656966926e+28,5.593954784340694,1.6469668527400676e+38
1.915260835698314,9.247735176385817,0.30592395042413983,0.0224145238968102,1.5142914091117153e+28,5.576617610596099,1.6438695671031183e+38
1.9151599552415484,9.251306189837276,0.3057897560924135,0.022269111789888295,1.507374582023202e+28,5.552607479212816,1.6441361487246603e+38
1.9149497977910006,9.239226111255698,0.30615596997039,0.022312733110117052,1.5004922843168976e+28,5.530289281164741,1.6414957885915529e+38
1.9150575560639318,9.244788176854042,0.3059889909365095,0.02231948963920425,1.505469983179003e+28,5.547074432943076,1.6427416070351685e+38
1.9148417028247564,9.236764414425211,0.3062202773427371,0.022276771029800704,1.4960792285434949e+28,5.515580842539606,1.6407613452295113e+38
1.914734438283701,9.233228931395637,0.3063203714832066,0.022248747189658257,1.4913397618195255e+28,5.499648104970605,1.6398527178764408e+38
1.914509203160753,9.231478279741008,0.3063424217988525,0.022106194737424666,1.480380206696398e+28,5.46244435118839,1.6388979500381249e+38
1.914276810957092,9.227063290301006,0.3064517982361529,0.022014855890083836,1.4707415499768348e+28,5.4301736417075945,1.637497043367499e+38
1.9146206050545835,9.23709545434356,0.30617394644209156,0.022104531190887997,1.4847778619642085e+28,5.477077535371618,1.6401536820990709e+38
1.9143930677633048,9.227127571060558,0.30646827447289154,0.022117153198347388,1.4776271720649157e+28,5.453939945751127,1.637843625617507e+38
1.9140386540225984,9.218306891053002,0.3067047322917269,0.02202064126645201,1.4641608527013671e+28,5.409240837038798,1.635375431629935e+38
1.914159316632742,9.219259825543183,0.3066923631591882,0.02208572294483148,1.4692473337658956e+28,5.426321873765273,1.6358733004947939e+38
1.9139164334354293,9.217215351937579,0.30672146658608046,0.021936831001566647,1.457724923933921e+28,5.387183512502123,1.6348532588645468e+38
1.9137935738858671,9.207816719854149,0.30701483491062687,0.022012246536087417,1.4552939244206667e+28,5.379926024633208,1.632959520714137e+38
1.9136690420820663,9.209525753236965,0.30693788749519196,0.02192666976424568,1.4509820051884984e+28,5.365731266205895,1.6328988148786733e+38
1.913412898092896,9.20744278631132,0.30696623212595553,0.021797151942538055,1.4407808030702616e+28,5.331574414688448,1.6318599568116627e+38
1.9135421545246942,9.210098402068645,0.3068984527377052,0.021826001289185295,1.444769434848626e+28,5.344528816038074,1.6326472929286583e+38
1.913283833953098,9.199992776186823,0.30719408622349254,0.021857048418315796,1.4389044751963175e+28,5.326427265968002,1.6302820935843543e+38
1.9131506001843608,9.195842462088546,0.3073113291351806,0.021842869949827683,1.4347304980690106e+28,5.31282592133311,1.6292430405375448e+38
1.9128828892781153,9.186579938831306,0.3075781349018966,0.021800135070437168,1.4247264733591486e+28,5.279473687919418,1.6270066089733634e+38
1.9127471948802048,9.187879978147189,0.3075127985067207,0.021748787063908294,1.4223766860890343e+28,5.272636166971136,1.626868833837049e+38
1.9130185946779839,9.190478879717753,0.3074694601050107,0.021828405052959073,1.4296039126487524e+28,5.295668835591693,1.62800635541795e+38
1.9126087914523724,9.187102100661065,0.30751658276681454,0.02166085084424654,1.4160260525820012e+28,5.250994372715008,1.6263835187317109e+38
1.9124698741828472,9.178020566879757,0.3077985087335526,0.021713128816071157,1.4124417913259818e+28,5.239605543915526,1.6245237190377335e+38
1.9123296927060185,9.1796923561995,0.30771989590501264,0.021654935643690754,1.4099397291466352e+28,5.232241173939955,1.6244437215569284e+38
1.9120433040023639,9.169282978806692,0.3080230970418109,0.021626706204256222,1.40013617833069e+28,5.199752895476402,1.6219983422792902e+38
1.9121880521136103,9.18012277270417,0.3076826774095106,0.021540789057914723,1.4028365482084681e+28,5.207809846520508,1.6241564883661099e+38
1.9118978572352918,9.169153135430523,0.3080040276557786,0.02159195886178004,1.3977876256810616e+28,5.193005789972186,1.6216146323976682e+38
1.911750561343299,9.167812327267189,0.3080253411399799,0.021550362010087868,1.3940750640242294e+28,5.181208564941251,1.6210281009552175e+38
1.9116010512896733,9.16364767333836,0.3081412308022985,0.02153434975800289,1.3898780446030788e+28,5.167630333382982,1.6199707486709632e+38
1.9114535901329517,9.158573749763015,0.30828816030050576,0.021516037212095527,1.3848557504403297e+28,5.150943629137144,1.6187670120695585e+38
1.9113021838177562,9.147654295398906,0.30863171182137383,0.021598043250319564,1.381866668777855e+28,5.1418619117427635,1.6165858404786502e+38
1.9109962129411766,9.157366339716406,0.3082550308191395,0.021320609840716955,1.371372961008625e+28,5.106901694988175,1.6174614190652085e+38
1.911149211618371,9.155664385099492,0.3083370168040815,0.02144638524361834,1.378181586436801e+28,5.130202556286407,1.6175474677072512e+38
1.9108416628379756,9.148227152378112,0.3085380264938632,0.02163591547757274,1.384723274493893e+28,5.158703064473212,1.615575447070519e+38
1.9105270751330146,9.147270721379341,0.3085194861028904,0.021278923646999737,1.3611636305561519e+28,5.075109310034631,1.6146714347436904e+38
1.9106860279082991,9.149517786379713,0.308469377644878,0.021324278172129483,1.3657411191557528e+28,5.090058736504657,1.6154193247768039e+38
1.9103685610333467,9.137566223555986,0.3088215227160021,0.021319888848203117,1.3565651029878516e+28,5.060062451534869,1.6126868244740799e+38
1.9102083978444402,9.128529820828543,0.30910131066012597,0.02140531633430195,1.3552794738189526e+28,5.057386657108113,1.6108094250218308e+38
