0.3032139744344138,14.092754070603478,0.03178149152267273,0.04729574263071098,2.6260587174286027e+29,972432.3875550966,1.9539558760830846e+37
0.28336467822500944,14.342656488793116,0.029183478234790197,0.041164356790417876,2.495584825968534e+29,1296417.289841386,1.771563743895026e+37
0.3229342357984149,13.895572300932807,0.03432879711879177,0.05319445863667656,2.752653852127033e+29,743844.5824100657,2.140857902866338e+37
0.26337656745841326,14.65308342094465,0.02655027638510844,0.03501671692369858,2.362781452419777e+29,1769452.6042432988,1.5942136994726359e+37
0.24334276537623944,15.07346287990171,0.023846592947949524,0.028697487248646805,2.2305505390547996e+29,2480966.6128994934,1.4235043892470543e+37
0.20428720675231496,16.375499680839496,0.018427547723079106,0.016911616764768482,1.9891198450051187e+29,5305864.39733213,1.1136877608559857e+37
0.22354131213784453,15.623691726066907,0.021134650471524595,0.02262577123047816,2.1038981660133674e+29,3577146.968354679,1.2623581286593643e+37
0.1858898816153479,17.386986401310633,0.01579255403672697,0.011933521702881433,1.89405775120878e+29,8098703.704197077,9.798892407564293e+36
0.401815194879991,13.415463995322,0.04424269696204297,0.0739659340256171,3.210430356659336e+29,290892.49848525465,2.937248229052227e+37
0.34257307961668554,13.739752069213376,0.036829453198880195,0.058772124045039946,2.8745434929231202e+29,578234.1970674279,2.3321990061961363e+37
0.4219496745836076,13.333120631377623,0.046746573527918445,0.07870555895370934,3.312588324902666e+29,235052.6940156529,3.151410196978282e+37
0.36220428671786076,13.610795903795783,0.039308909818836696,0.06411609994979424,2.991491155100173e+29,455429.16758488567,2.5282573943936276e+37
0.3819179674426647,13.503116788296484,0.04177890004379578,0.06920924307453472,3.1033962869523072e+29,362483.1573624282,2.7296421969038697e+37
0.4628302433247817,13.213379990465976,0.05174027592888287,0.08701984166445216,3.500990474148724e+29,156452.79544498835,3.5986261705379275e+37
0.4422989019762104,13.27089703860991,0.0492307573274376,0.08292462676418827,3.4094783847466956e+29,191165.57307166903,3.3720670614525144e+37
0.4835067499992244,13.165082269966941,0.054250019574589574,0.09079859664369397,3.586741192524685e+29,128821.5086880299,3.8307125915611333e+37
0.5251331798890365,13.090885050128833,0.0592545064819262,0.09740641812592954,3.7405514934069724e+29,88897.46726304467,4.309348216080021e+37
0.504288494141751,13.124831395723941,0.05675527881379161,0.09425104306982396,3.666551993533826e+29,106699.79833158219,4.067814950824845e+37
0.5668663115647301,13.042444658856319,0.06420111646109711,0.10267735882378085,3.87055033034566e+29,62758.20695492534,4.803721183566682e+37
0.5877224753520836,13.012551764729412,0.06671611737878475,0.10536792856540773,3.926664629881046e+29,53145.11642114753,5.055410510389656e+37
0.5459998784143941,13.06464018402733,0.06173280744100172,0.10017617349789264,3.808506683446857e+29,74489.15364310952,4.554804505149158e+37
0.6293702223843052,12.980423808077099,0.0716206493131768,0.10926789480062465,4.021980445284109e+29,38655.38888469178,5.568163687913088e+37
0.6501486520775702,12.964422839706595,0.07407649317465019,0.11102018524976538,4.061354521413582e+29,33182.4628318191,5.828306540850116e+37
0.6085596440417829,13.002978833449196,0.06913233548466036,0.10710998461311977,3.976923639098759e+29,45220.20780506385,5.310752261283332e+37
0.6708888027920702,12.961340043893392,0.07645776068141288,0.11208321191747594,4.095369655419427e+29,28598.380372354964,6.091438317652522e+37
0.6915851600620068,12.952040585839839,0.07887300805325968,0.11328515840730127,4.1244592463165404e+29,24742.28106472991,6.3563531890814675e+37
0.7122254349612729,12.941571557586173,0.08129267157573833,0.11441141223844901,4.148656271260015e+29,21484.29493951543,6.623029772828852e+37
0.7327961411262788,12.930018942721366,0.08371532117490464,0.11546563281181078,4.1682289249059114e+29,18721.331880224254,6.8911618755330385e+37
0.7736783328140125,12.92172630263575,0.08844246363415728,0.11654787242374906,4.193822610916166e+29,14358.495367741278,7.432192601617286e+37
0.7939647780436755,12.911060967317757,0.09083646815427358,0.11721439249728616,4.200428706484618e+29,12635.385086932974,7.703401786355462e+37
0.7532846746785945,12.920582756607867,0.08611879909598633,0.11630338317266839,4.183173482787722e+29,16368.589741444524,7.1607145093532555e+37
0.8141325346388477,12.909903640296639,0.09315218472961312,0.11734636415526431,4.2032735876274584e+29,11153.550909693638,7.976013509815234e+37
0.834172423623957,12.904586238083022,0.09548445632499176,0.11755345875379827,4.202027113279142e+29,9873.718802481357,8.248503538516305e+37
0.8738487820666271,12.900752612320872,0.10005577800796016,0.11737823532876043,4.189535060810084e+29,7803.428412514452,8.794450294652602e+37
0.8540789277147391,12.902026510377768,0.09778247196228526,0.11754575728452163,4.197586216898691e+29,8766.18513877019,8.52140441145573e+37
0.8934793048704752,12.891749686919658,0.10237491835568352,0.11748182309528163,4.1786213295039624e+29,6964.84693055549,9.066347270703336e+37
0.9129681233943113,12.894083034973212,0.10458901834565146,0.11697682300299758,4.164426031878076e+29,6231.292374969527,9.339464500173522e+37
0.9515123726979704,12.881268702177799,0.10911305999086686,0.11654609341272378,4.128515660594846e+29,5023.689449175732,9.881908188635406e+37
0.9323126487153347,12.890081909597406,0.1068382669157547,0.11669278451970018,4.147872571041352e+29,5588.800043677936,9.61131932612974e+37
0.9705612955449001,12.885273230973976,0.11126287335763645,0.11574210634263753,4.106412371985656e+29,4525.314484639686,1.0153878658531608e+38
1.008142371270443,12.872715205594378,0.11568382564265249,0.11489123523569728,4.05639950828915e+29,3696.8551000206235,1.0691192645327531e+38
0.9894431796798627,12.881509412781448,0.11346059042517748,0.11523275693498512,4.082373589976213e+29,4085.634360896521,1.042364114356248e+38
1.0266415327064136,12.8723820880213,0.11780964368686767,0.1141142602357882,4.0284460166965354e+29,3352.312124377347,1.0958679119871862e+38
1.044924740153059,12.872433778415598,0.11990720525859538,0.11326858510961497,3.998672393452069e+29,3046.4342734469265,1.122438003481758e+38
1.0629757690016874,12.864181922066717,0.12205684132039495,0.11273531223596583,3.967106457633162e+29,2774.329751012036,1.1486117246046396e+38
1.0807789973141468,12.864017303508916,0.12410269597514978,0.11181514938420406,3.934474577968847e+29,2532.2309276076044,1.1747002125733711e+38
1.0983318271486366,12.856091350022087,0.12619598975548185,0.11119406276101218,3.900581568805516e+29,2316.1280634258287,1.200342949298093e+38
1.1156640882895466,12.857038934196023,0.12817798206156147,0.11015157763930071,3.865436419999255e+29,2122.424802625244,1.2259587966125626e+38
1.1328122596665646,12.853826727367439,0.13018064962536788,0.10925482025650261,3.8291804264109234e+29,1948.1265973457307,1.2512891126639032e+38
1.1498138622717118,12.845670404168072,0.13221834015163228,0.10852662717633972,3.791605953900876e+29,1790.5503716174317,1.2763503367689142e+38
1.1667058047286847,12.83739292216072,0.13424726903163167,0.10777058049011909,3.7530764414188844e+29,1647.7133659724025,1.301310741998102e+38
1.1835249139769886,12.832673411917325,0.13623264793039547,0.10682652990918322,3.7133667741593575e+29,1517.6858049469663,1.3263282045932665e+38
1.2003107835731581,12.835645047037508,0.13813284104861925,0.10552863845928036,3.672500350181243e+29,1398.924752130829,1.3515995484224372e+38
1.2170678968664006,12.826291849335503,0.14016340024455134,0.10471572909459431,3.630952155463729e+29,1290.4688893071043,1.376534243318639e+38
1.2497311836701877,12.817043793285285,0.1440289098636152,0.10264738703069325,3.546420730137349e+29,1104.099648395247,1.4256227292409993e+38
1.233621631943791,12.816731095655976,0.14217578632394703,0.10387797209294095,3.5884991112713835e+29,1192.0761782631919,1.4012191096111698e+38
1.2651576290638795,12.806637266681951,0.14592525640352189,0.10187204542729442,3.505367755918209e+29,1026.3877066976986,1.4486894626427139e+38
1.2930617301491127,12.800567362249252,0.14921448151189828,0.09988474215275943,3.428848266522414e+29,900.2290491049798,1.4909571097877927e+38
1.2796713594618143,12.804736125788203,0.14762120704730367,0.10079755808865608,3.465821520755076e+29,958.5504857437047,1.4707046883132454e+38
1.3157620044678782,12.790560313548388,0.15195279969887165,0.09838378698678127,3.364142646027706e+29,809.6340134256544,1.5251838151109861e+38
1.3051419601717686,12.792135520543143,0.15070776729717517,0.09922238789212157,3.394907536616131e+29,850.8249874487805,1.5090584493366454e+38
1.324939547694476,12.778154853704875,0.15316123222677272,0.09806471444074386,3.3370024055221884e+29,775.6704563440838,1.5386690646218227e+38
1.332837519948708,12.774267633594222,0.1541211121254507,0.09751749117402969,3.313336853370985e+29,747.6194470448371,1.5505127957295015e+38
1.3396176538158464,12.77490910418523,0.15489734669696317,0.09688344984688334,3.2926207124254354e+29,724.3332852541781,1.5608131271693525e+38
1.345437263850253,12.769658173747667,0.15563422778722882,0.09655363631749338,3.274673546354838e+29,704.9394242851162,1.569386205482562e+38
1.3585995581816854,12.764486366673783,0.15722045920121772,0.09546484195133735,3.2311951941177935e+29,662.5320571445573,1.5888638922291385e+38
1.3619869211194864,12.758363123959876,0.15768809755947708,0.09534872740597548,3.2195317469794126e+29,651.9721939274741,1.5936096507849184e+38
1.3504470671307465,12.768812661536913,0.1562240836594172,0.09611126228637264,3.258591156856925e+29,688.5620647168615,1.5768832300463786e+38
1.3547903317017236,12.765996824551609,0.1567610962238998,0.09578904479846644,3.244087205643178e+29,674.5794770472932,1.5832621256834581e+38
1.3650202275244603,12.757658706094123,0.15804801384015135,0.0950522011350605,3.20863335654908e+29,642.5777843023926,1.5980301939322098e+38
1.367755546431378,12.75856123214208,0.15835351849061016,0.09472078191738728,3.198576949079815e+29,634.1842147260539,1.6020530448164551e+38
1.3702423000852957,12.756435295991478,0.15866786388172155,0.09452360197520741,3.1892600497563596e+29,626.6198221341084,1.6055535737790569e+38
1.3746476502712468,12.747275762753674,0.15929236058625976,0.09435271214123364,3.172081308155511e+29,613.3217811319254,1.6114368729599341e+38
1.3785370849209742,12.74924156386711,0.15971843242748202,0.09380973051150852,3.156259155291464e+29,601.7019704541392,1.6169647222675109e+38
1.3725267323351629,12.748451688036482,0.15903192084846068,0.09455791446104503,3.180446647974148e+29,619.7051469122667,1.6084785500572567e+38
1.3766408704993582,12.749111372137223,0.1595003642496894,0.09405065495181811,3.164203572306005e+29,607.3823523725896,1.6143195600710927e+38
1.3803639017334648,12.745746234858567,0.1599739473342515,0.09370343055700195,3.148363333865614e+29,596.2356318911945,1.6193249642716351e+38
1.3821489985449766,12.737085946462862,0.1602897380926625,0.09378707198828619,3.140482599135995e+29,590.9124251690744,1.6213691463834924e+38
1.3839145544937113,12.738274733970085,0.16047951406952096,0.0934955262659226,3.1321813873394337e+29,585.6006744724806,1.6237934756971824e+38
1.3856796792133,12.737898291630811,0.16068894762026503,0.09326136855635671,3.123875274790249e+29,580.3373104390284,1.6261146480802649e+38
1.3874604378490853,12.738764483562997,0.16088451116665478,0.09297159133128231,3.1152278998421987e+29,575.0264596685864,1.6284758873970106e+38
1.3911196790168212,12.728729417140329,0.16143599505946793,0.09277737287925918,3.0964948391138577e+29,564.090696355779,1.632667914700636e+38
1.3892703278989436,12.731858581207167,0.16118175836233228,0.09294590153387422,3.105934493053061e+29,569.5863052474705,1.6304852173016234e+38
1.3969179361836175,12.722371683230163,0.16218987889980252,0.09201491147869079,3.0633853174370976e+29,546.5730397932336,1.6393358779676885e+38
1.393016947649754,12.729122017754781,0.16165118247340302,0.09244464954030786,3.08586587126578e+29,558.3365931499548,1.6350192882419635e+38
1.3949541650651154,12.720509972844518,0.16198557817121906,0.09243003476292164,3.074954880049361e+29,552.5099526199964,1.636953952724457e+38
1.3988969751675502,12.710230422703514,0.16257480522972478,0.09208569820643417,3.0511413116908182e+29,540.5485595388055,1.6410281699772724e+38
1.4008835628110108,12.713233654591553,0.16276721995363627,0.09160536152558112,3.038813553803124e+29,534.5580877893236,1.6433568798147262e+38
1.4028679752558,12.70721908384496,0.16307493677579482,0.09140974013274002,3.0251581214678745e+29,528.4028132348276,1.6451956766898084e+38
1.404845348676958,12.698477965903109,0.16341720691058256,0.09131483768189136,3.0116376468336456e+29,522.3494906865062,1.6468281173192555e+38
1.4068084036636987,12.691989450539621,0.16372921767023702,0.09112145776392597,2.997589704788205e+29,516.2956506465208,1.6484753114819876e+38
1.4106725332450465,12.687476474769493,0.1642373373791248,0.09038324632408566,2.9680225974677e+29,504.2398893251537,1.6518752337384652e+38
1.4125721166302658,12.679225284902888,0.1645655198419659,0.09022082833587106,2.953067811127118e+29,498.334920428353,1.6531475987932061e+38
1.414448470586592,12.670862112204697,0.16489287899807228,0.09003432824236855,2.9372571525628783e+29,492.3878928517617,1.6543125615834582e+38
1.4087514874150147,12.691828950731418,0.16395743382962746,0.09068038830754863,2.9828913903441064e+29,510.2306579906714,1.650322541044407e+38
1.416300847389657,12.669775128171326,0.16512298973086867,0.08959094480012422,2.9215388633728772e+29,486.5585858428754,1.6557192620836438e+38
1.4217155107955628,12.644095798938876,0.16609090791105136,0.0889540832523051,2.8714932106445093e+29,469.18631210995426,1.658261938031531e+38
1.4181294162161768,12.658762824751431,0.16548000977963803,0.08946678067717637,2.9048328174160686e+29,480.6654005674183,1.6565530238011944e+38
1.419934301715123,12.651054447625013,0.16579157641330547,0.08922969137176441,2.8883248210866293e+29,474.90399908963826,1.6574409269371658e+38
1.4234718279501843,12.640968369329558,0.16633723078220927,0.08851731927888366,2.8538621618142888e+29,463.43588473581354,1.6591618300093667e+38
1.4252047517885684,12.631543883006533,0.16666398496593188,0.0883101789422209,2.836586018903943e+29,457.8367998896574,1.6596588612755827e+38
1.4269129841340198,12.631625714916858,0.1668626653058494,0.08773544563713866,2.818216460246292e+29,452.15563304466383,1.6605115940867782e+38
1.4285971423069563,12.621575042448836,0.1671926411797955,0.08751720406806067,2.800039905282516e+29,446.59759835887667,1.6607758723569859e+38
1.4302567784778821,12.610592935434823,0.1675326440954964,0.0873197236934773,2.7815886492198832e+29,441.08661550596037,1.6608941827269502e+38
1.4318922976245383,12.600880990155503,0.16785349107457714,0.08705899806437575,2.76262050712603e+29,435.58259130006354,1.6609755066502397e+38
1.433503770447938,12.59198462108952,0.168161119595649,0.08676122208069313,2.7434661177390655e+29,430.1366523287793,1.6610001582216842e+38
1.4350910864793065,12.590371113592644,0.16836889848476563,0.0862135419871366,2.72440182806805e+29,424.7905783589772,1.6612863260087582e+38
1.4397111730772987,12.55975752544543,0.16932264933852786,0.08536083125981911,2.664820303613948e+29,408.8764535037779,1.6603331556545221e+38
1.436654935726861,12.582764145155076,0.1686542727701231,0.08585129952847813,2.704768945290816e+29,419.4390614564107,1.6611877281953723e+38
1.441205167223682,12.550283248221408,0.16962631137400766,0.08503556887266897,2.644668706841828e+29,403.6856126024984,1.6598744794395546e+38
1.438194607508113,12.570110701520335,0.1690049748780806,0.08565190356457605,2.6849459578658113e+29,414.1410842873065,1.6607485349076023e+38
1.4426773195831533,12.543877352748604,0.1698862931836097,0.08459924636178487,2.624390801145931e+29,398.550660433362,1.6594843267736056e+38
1.4441257434096348,12.52992809530303,0.17024617624219243,0.0844147272106072,2.604138824363105e+29,393.4958264795663,1.6586332769777737e+38
1.44555325370313,12.519116705785603,0.1705616319456606,0.0841053326308272,2.583419838151188e+29,388.44144414888444,1.6578583917773782e+38
1.4483453114347253,12.496867693964408,0.17119531722153053,0.0834849244443244,2.5416569634349235e+29,378.49260101978115,1.656043478311347e+38
1.446959547487239,12.508131102267631,0.17087750741667881,0.08378887837046078,2.562427090216719e+29,383.41633892147985,1.6569958432806482e+38
1.4523859041172138,12.47105742046044,0.17202821444439825,0.08225102388333054,2.478339075742665e+29,363.95831493766786,1.6531557487609549e+38
1.4497126623688397,12.494927954236987,0.17138354077596177,0.0828696450411627,2.5209676781970552e+29,373.64456041887223,1.6554881579226113e+38
1.4510591329579061,12.483698695627513,0.17169702417928964,0.08254240915352878,2.499749832916846e+29,368.7839747130498,1.6543930888304566e+38
1.4536956192612493,12.46159932669434,0.17231402754864586,0.08185583644100354,2.457092945984132e+29,359.21562932622004,1.6520145929843507e+38
1.4549875956918643,12.44491718664418,0.17269836065056798,0.08169876035977924,2.4360070403707806e+29,354.554606894658,1.6504439624201633e+38
1.4562609021015451,12.438780198126675,0.17293477423019712,0.08117723696366666,2.41449466657313e+29,349.88985451123744,1.649340783496173e+38
1.4575192046259573,12.421280240898708,0.17332805390442618,0.08102497536891486,2.3930607614678395e+29,345.2894779920215,1.647605707117381e+38
1.4587613237911339,12.413344720579401,0.17358666503727402,0.0805582545179965,2.3716857536803152e+29,340.7508838009993,1.6462981846839985e+38
1.4599874845910523,12.40258991940581,0.1738832239204858,0.08017470529351123,2.35018641416516e+29,336.24643967437964,1.6447910337500246e+38
1.4623953890159964,12.380196978064067,0.1744850368693015,0.07942329775769327,2.3072183986144294e+29,327.3902252614183,1.6415742282995489e+38
1.4611990716521857,12.392478294623931,0.17416952037884725,0.07976805766455695,2.3287500061498872e+29,331.80045607896756,1.6432643875262914e+38
1.4635799190298395,12.364342122807043,0.17485029275666672,0.07918478912206582,2.285598011093418e+29,323.01202203873066,1.6396567245496897e+38
1.4647483076346943,12.350305357644409,0.1751887623770943,0.07889696589080376,2.2643929651579475e+29,318.7409187913822,1.6377787528990593e+38
1.4659063646385901,12.346035812375545,0.17538790207357954,0.07827705595831753,2.2427205501341217e+29,314.4452639506308,1.6363633563619043e+38
1.4670495880458785,12.329181519530572,0.17576462921204974,0.07806496015796621,2.221418543614728e+29,310.2469150216581,1.6342530723282431e+38
1.4704145081784146,12.291776088360978,0.1767038752169389,0.076967686801881,2.157171399397399e+29,297.84259402500845,1.6283726734015879e+38
1.471514778357079,12.281419635874517,0.17698521693266817,0.07653631266836364,2.1360597968575663e+29,293.8267379087982,1.626450585870717e+38
1.4681832579391023,12.312183558896567,0.17614329694244515,0.07783882701825429,2.1997569995598393e+29,306.03734033408665,1.6320985955626639e+38
1.4693045900645487,12.30327491487794,0.1764054677650411,0.0773660860922306,2.1784986030948294e+29,301.92505693874966,1.6303213669578537e+38
1.4726038006738558,12.261994204431012,0.1773967853822176,0.07637432910200129,2.114735024497701e+29,289.81937848033,1.6240228072508979e+38
1.473684064000755,12.25393953519301,0.17764360967360246,0.07585686726009551,2.0935174528505485e+29,285.8615192114116,1.6221567009791878e+38
1.4758150684465534,12.230624193696178,0.17823962243401167,0.07504741265143548,2.0515487959150414e+29,278.1142215328007,1.6179605357761529e+38
1.477912372485642,12.200918267751927,0.17892750340881064,0.07442888894289251,2.010051304851094e+29,270.56073235835333,1.613330047531427e+38
1.4747545370205053,12.242608490081576,0.17793718466131694,0.07544296953202341,2.0724859650324696e+29,281.96418066684186,1.6200902962458192e+38
1.4768685685075216,12.213548045886924,0.17861623786209196,0.07480751057072171,2.0307546007560897e+29,274.3148097369855,1.6155429745294443e+38
1.4789499878968144,12.184692117352073,0.17929156720404493,0.07414984706611427,1.9892349293234687e+29,266.8208008538333,1.610909825274972e+38
1.4799789632736944,12.173342184912643,0.17958358933541668,0.07372742743183776,1.968707733454641e+29,263.15073267870156,1.6087218045648923e+38
1.4809997101454788,12.160956074126648,0.17989048344245634,0.07333464045262669,1.9482773575447827e+29,259.52366360458393,1.606457891358123e+38
1.482013764319121,12.149173319916839,0.1801882405607744,0.0729243420776065,1.9280095271740328e+29,255.94640701133793,1.604208410686097e+38
1.4830231415362138,12.134154812183228,0.18053413588911357,0.07260235781293964,1.9076618732383375e+29,252.3845746065363,1.60177643149482e+38
1.485018227523855,12.106721855543602,0.1811866330408788,0.07188920333311781,1.8676672892746198e+29,245.4379068570768,1.596993464600357e+38
1.4840243517003329,12.122219034999036,0.18083389456593676,0.07219266815429955,1.8875859897390493e+29,248.88725376389942,1.5994873191944251e+38
1.4879717793324616,12.060550595759706,0.18224200918251487,0.07095914137957392,1.808618812092351e+29,235.32855000614109,1.5894688248042886e+38
1.4869923962561433,12.078788151722984,0.18184707450126836,0.07118373637249768,1.8281028208641222e+29,238.64807066102745,1.5921386607982904e+38
1.4889457294921988,12.051986019459308,0.18249088799220886,0.07044544510586982,1.7891593850771828e+29,232.03619558788395,1.587303568325241e+38
1.4860097782285038,12.093498883381988,0.1815058526984627,0.07151433585696744,1.847804290867099e+29,242.01856585692354,1.594614974595692e+38
1.4899157800843963,12.034669991022257,0.18287252833249174,0.0701931686900263,1.769981772807588e+29,228.8027511804393,1.584666685980564e+38
1.4908793759574834,12.022644264437375,0.1831738379764123,0.06978469860376481,1.750907526793184e+29,225.60655942403957,1.582300324866561e+38
1.4918383195399276,12.010846712535445,0.18347169328251697,0.06937306880519989,1.7320564636394063e+29,222.46121341599962,1.5799403783396146e+38
1.4946936866078389,11.965461435013447,0.18452010112447098,0.0684039857818003,1.6758366426663134e+29,213.19240519918117,1.5723088554477825e+38
1.4937447319965,11.981705905736893,0.18415294406899385,0.06869271558356957,1.6943650329847452e+29,216.23505176550955,1.5749132527172424e+38
1.4927945516270753,11.99427072922474,0.1838430130683071,0.06908544071423488,1.713005613915224e+29,219.31060214876416,1.5773236386901324e+38
1.4956364159263387,11.952480323797104,0.18483700746669693,0.06802563980923057,1.6575469538074438e+29,210.20194634279335,1.5698716990179315e+38
1.4965766459731102,11.935640995382268,0.185214145164722,0.06776522815118959,1.6396028305923912e+29,207.2740284435422,1.567228798396244e+38
1.4984438908939766,11.911063183238094,0.18582788853264842,0.0669633175532776,1.6035873476573692e+29,201.4611187617287,1.5624271456804142e+38
1.4993737285027802,11.89304122408891,0.18622496784686185,0.06672515801734144,1.5858322643964393e+29,198.6135216767252,1.559720856386915e+38
1.4975117158186768,11.92274182957286,0.18553037567555727,0.06738152423853835,1.6215283582897653e+29,204.34991059449413,1.5647940569689637e+38
1.5002995201232856,11.881535309694387,0.18652040189664879,0.0663122326216606,1.5684095655822958e+29,195.82614667521287,1.5573675102643864e+38
1.5021418191107867,11.850114755293045,0.18724460614316552,0.06571846679485305,1.5339218021679454e+29,190.3485546479511,1.5522129994553342e+38
1.5012224850384275,11.862962511022262,0.18692734510258416,0.06609559162541623,1.551105370079156e+29,193.0710001107269,1.5546338093500988e+38
1.5030587939873723,11.830219474670308,0.1876739964860778,0.06553931471186744,1.5169418118362487e+29,187.66795664114943,1.5494128300544381e+38
1.5039727158155283,11.818835057892333,0.1879689957154864,0.06512967756597074,1.500221220058469e+29,185.03614153196816,1.5470806645254145e+38
1.5048846646562255,11.802740486556038,0.18833944817793738,0.06484488205253262,1.4835186578442431e+29,182.42232115916323,1.5444975311759367e+38
1.5057928403499372,11.790849286805429,0.18864316526577413,0.0644506541351477,1.4670867257663524e+29,179.85838772972187,1.542147426213735e+38
1.5076022835789067,11.75957968089414,0.18937206835472395,0.06385760335732801,1.4344143723954818e+29,174.8001265552574,1.5370561390491915e+38
1.5094038452691634,11.732476557775932,0.19003635511865868,0.06316850807517474,1.4026590325770824e+29,169.91272313628482,1.5322243272391747e+38
1.508505335629493,11.753155987852,0.18958906539996115,0.06332462363743706,1.4185613904452937e+29,172.35144538405464,1.5350315706603395e+38
1.5066986059704026,11.779943211856395,0.18893139219841654,0.06402411423900754,1.4506497925811518e+29,177.30937366198125,1.5398579548501812e+38
1.5102998191924724,11.720547584787486,0.19034269023118325,0.06278285860065448,1.3870228486041419e+29,167.5208280327431,1.5299062925019141e+38
1.511195051905213,11.704853304070522,0.19071088565808858,0.06250315144629147,1.3716231549875248e+29,165.17078816813586,1.5273910005651755e+38
1.5120852630051311,11.689506527047142,0.1910737548400982,0.062218767471756156,1.3564547475114183e+29,162.86394636279903,1.5248965895577383e+38
1.5129772422220178,11.674211210798541,0.19143695792216617,0.06193077956933409,1.3413660057249804e+29,160.57811881467964,1.522421687636656e+38
1.5138635639400755,11.659711727268329,0.1917873058720561,0.06161799325804532,1.3263240152097952e+29,158.31315319127728,1.5199917430403362e+38
1.514749672274027,11.650832684784282,0.19204581027273196,0.061162893262220824,1.3115228633800333e+29,156.08910038458006,1.5178878948223444e+38
1.516514103430616,11.617762341705387,0.19281681316173382,0.06066006327991379,1.282384667444367e+29,151.7354638779576,1.5128509865004118e+38
1.515634274660218,11.63224063266857,0.1924650936471959,0.06096082617940013,1.2967932764170558e+29,153.88621166431923,1.515253189857509e+38
1.5173950981940647,11.60070753637641,0.19321246175774426,0.06042610997844276,1.2680899016232342e+29,149.60899578942616,1.5103210166749172e+38
1.5182724610982674,11.589638041811424,0.19350882562727684,0.060038870290326854,1.2539634912337598e+29,147.51540174297475,1.5081337420028218e+38
1.5191481061416703,11.579065133649374,0.1937972253528093,0.05964260888704203,1.240015557297618e+29,145.45464637077347,1.505986300442646e+38
1.5200211984312963,11.55810707908798,0.19426021554508785,0.05951694384696274,1.2262448822172948e+29,143.42670851221715,1.503263930753312e+38
1.5208930859114562,11.551704685994915,0.19447937176989807,0.059020387464829197,1.2126499765905231e+29,141.4305019045572,1.5013754938780326e+38
1.5217611945295269,11.528534587741357,0.19498146697861163,0.058953399597585596,1.1991745577561416e+29,139.46040666033275,1.4985474807397783e+38
1.5226279665568836,11.520028519033636,0.19523657635177627,0.0585088237147628,1.185747329989928e+29,137.50680503280697,1.4965625882433985e+38
1.5243540168892837,11.490345916579354,0.1959628158820206,0.05796630260816015,1.1596959314446191e+29,133.7260398324717,1.4919082274129998e+38
1.5252133204802087,11.47958312528334,0.1962571137187897,0.05758871201011956,1.1467558616581544e+29,131.86182090879987,1.4898298153988966e+38
1.5234927180503062,11.501483425216772,0.19566243772433112,0.05832753588636477,1.1725893255827204e+29,135.59543553121114,1.4940205822545108e+38
1.5260709398808008,11.460323592948924,0.19669747144494787,0.05743254153581334,1.134084605501951e+29,130.03878135166175,1.4872798148421064e+38
1.5269255339742507,11.450636189822522,0.19697412338493356,0.05704924804198818,1.121762774730926e+29,128.26636390154965,1.4852861211955775e+38
1.5277786076976834,11.429665761155373,0.1974457678876597,0.056935695669424184,1.1093160614686832e+29,126.4894270914578,1.4826592717072214e+38
1.5294768801756378,11.402152468461626,0.19814221228742177,0.056369351911122044,1.0851262742642356e+29,123.04578587719153,1.4782631658395624e+38
1.5286295502270089,11.422314048196686,0.1976828935482481,0.05648711542179094,1.0970410984847948e+29,124.74199681485361,1.4808250016186612e+38
1.5303215746318632,11.386780345107933,0.19851928080803186,0.05612014077494966,1.0730661229372659e+29,121.3428041122775,1.4759866566716704e+38
1.5311668353206502,11.379092722411617,0.19876312341396207,0.0556928291944325,1.0613056574048444e+29,119.68203301079949,1.474171417095795e+38
1.5320085281411302,11.36124389893544,0.1991848187853101,0.05551106356729414,1.049571384629643e+29,118.03399729225715,1.4717778758053932e+38
1.532847657705687,11.352355958753956,0.19944994899663893,0.055123886048464465,1.0381804453716191e+29,116.43375917088778,1.4699141381003463e+38
1.5345167582017496,11.317132474212116,0.20028857249214851,0.05476994424351423,1.0156108085010464e+29,113.28441950648943,1.4652046528249402e+38
1.5336853023386863,11.333629101728247,0.1998886775773846,0.05497459520490141,1.0268571648712553e+29,114.84968467935813,1.4674934590197822e+38
1.5353480256297225,11.305946710719088,0.2005953382158787,0.05444182722788395,1.0045472773678909e+29,111.74735550565849,1.4632421040515968e+38
1.5361797408859978,11.293781534895993,0.200920192683292,0.054143616460337066,9.936814687106435e+28,110.23971242666913,1.4612405343225628e+38
1.5370056181666192,11.282161674995407,0.20123525631440245,0.053832943682057606,9.82907707094232e+28,108.75181487740724,1.4592760979117935e+38
1.5378290968477262,11.261330585433795,0.20171551403161855,0.05374557657626105,9.722865593524916e+28,107.28894155517953,1.4567832005710376e+38
1.53864922291067,11.248551351988596,0.20205237595446984,0.053467092592968016,9.61772959721804e+28,105.846256119673,1.4547725886374827e+38
1.5394665857069205,11.238458505885262,0.2023412626201145,0.05312728620491441,9.513807981657794e+28,104.42490643026429,1.4529320485099206e+38
1.5402823407662523,11.226620134608911,0.2026619622936697,0.05283141940304771,9.411101045927521e+28,103.02433090314851,1.451002885156341e+38
1.541095533793835,11.207536320039498,0.20311422594123194,0.0527148886092745,9.310801871084466e+28,101.65771033434571,1.4486567165454217e+38
1.5419041997799858,11.197402025484054,0.20340473353142538,0.05238698505316188,9.211127164141736e+28,100.30599005469801,1.4468479424758623e+38
1.542710614292541,11.184426835336865,0.2037472097529964,0.05212704444671512,9.112442126460643e+28,98.97226123736574,1.4448833717839856e+38
1.5435158084701839,11.167713452462316,0.20415863575276497,0.051951631769710786,9.014123845328716e+28,97.649305564058,1.4427105777873897e+38
1.5451148417537726,11.140293527364095,0.20487315970767253,0.051478697196793696,8.822948295394232e+28,95.0847701125535,1.4387488060889439e+38
1.5443176514550339,11.160802752393451,0.20439117381737773,0.051561549822075836,8.918794227823051e+28,96.36604041787885,1.441132016925418e+38
1.5459096546428828,11.136283145755355,0.20505236379944947,0.05104148633646478,8.732279997347001e+28,93.86596580298324,1.4373648102891371e+38
1.5467019660321737,11.118892116696594,0.20547834369596216,0.05087692408423448,8.636374098972026e+28,92.59750951123516,1.43519128593165e+38
1.5474915524395116,11.109229208283478,0.20576205790147412,0.05056450443607471,8.546108636266033e+28,91.39617533842555,1.4334927730654662e+38
1.5482772888120468,11.088359232384496,0.20625400533632357,0.05050618519280352,8.456370866781953e+28,90.20723111917144,1.4311282195584647e+38
1.5490591456509808,11.078151097612482,0.20654831245869698,0.05020708362208277,8.3676678741511e+28,89.03596722323378,1.4294151639311072e+38
1.5498386305919343,11.069287413982488,0.20681772323934441,0.04987931179137611,8.279837057456844e+28,87.88007710022451,1.427795579380101e+38
1.5513868170518461,11.037429947388235,0.20762185727136212,0.049547608922656,8.10709980136803e+28,85.61819811010584,1.4237288280717107e+38
1.5506145376214522,11.056968256806137,0.20715180590593282,0.049629411615007515,8.192613327589792e+28,86.73697037697097,1.4259769446359036e+38
1.5521562617321292,11.028133571614774,0.2078999375471943,0.04924933403665015,8.02441659663297e+28,84.53514634132988,1.4221140930309713e+38
1.55292102646257,11.016424186245297,0.2082234584210017,0.0489925189750349,7.940284015492646e+28,83.44306211883556,1.420359802047929e+38
1.5536856977121665,10.999939226036052,0.2086381952609814,0.048854379162284314,7.858830908394096e+28,82.38405277834222,1.4183299490850295e+38
1.5544428601978963,10.985448144411066,0.20901522368932246,0.04865985722155678,7.77611616044786e+28,81.31861533968375,1.4164224043725282e+38
1.5551986318183577,10.977329860686972,0.2092714994463472,0.048344086745626146,7.6971500159918695e+28,80.29743473635266,1.4149195187410359e+38
1.5559514124020117,10.967868291186344,0.20955341359896706,0.04805829649306547,7.61872893942989e+28,79.28726080776298,1.4133451355560983e+38
1.5566990179300597,10.95508580192486,0.2098987263164916,0.047835908913805264,7.5393857499788325e+28,78.27331998467824,1.4115723466552084e+38
1.557443903662818,10.934861213279028,0.21038756782723375,0.047786094976290744,7.462269604894391e+28,77.28761715364229,1.4093496983447643e+38
1.5581865600518157,10.924891647368895,0.2106799714920114,0.04750895596602336,7.385232899568937e+28,76.30763136938675,1.4077720151471073e+38
1.55892275267795,10.91160417401988,0.21103618513470565,0.04732409116969716,7.311867552560556e+28,75.37136581807907,1.40599157803133e+38
1.5596582842055877,10.904250287538295,0.21127814742556486,0.04699303460812466,7.236283365498533e+28,74.41651556895344,1.4045944371385648e+38
1.5603899865836006,10.887194022816622,0.21170841816866098,0.046899417641900726,7.165562369920663e+28,73.51662391507628,1.4026016606757842e+38
1.5611164752185906,10.873707528164273,0.21206968667563614,0.04670330079339869,7.091511813796599e+28,72.58775138089847,1.400835844325145e+38
1.5618404581490133,10.865517883140466,0.2123279530416374,0.046408793243634026,7.020296384008956e+28,71.69240540804286,1.3994119076757801e+38
1.562559278426902,10.853210565507725,0.21266656104657464,0.046208096738815936,6.950439105440074e+28,70.81590019337226,1.397735991009386e+38
1.5632764605659437,10.836063555220084,0.21310084904664903,0.04610145301072264,6.879792641766972e+28,69.9354629686335,1.3957676323662603e+38
1.5639873083008253,10.822816121888994,0.21345870961830837,0.04592673653328026,6.811927282315622e+28,69.08836715431458,1.3940467963393848e+38
1.5646964324912571,10.814575848300072,0.213718214213602,0.04563662985796366,6.743168892135971e+28,68.23616695944133,1.392653966763488e+38
1.5654006954746282,10.803016493207656,0.21404319178076367,0.04543262637914336,6.677225700599704e+28,67.41701070622759,1.3910577377382135e+38
1.5661017107737982,10.784992217261085,0.21449692132163603,0.045362760345406886,6.611525407053366e+28,66.60439672792018,1.3890599446059558e+38
1.5667983475111105,10.774833008183935,0.21479466582899837,0.04512496456668521,6.545949212027675e+28,65.79731247203969,1.3875675915271414e+38
1.5674898543398494,10.762945441895917,0.2151268087858635,0.04493906586331434,6.483100469273277e+28,65.0219675577547,1.3859704499085866e+38
1.5681791600875319,10.754754398493617,0.21538532816441788,0.04465873058507985,6.418179761277431e+28,64.22949890672318,1.384620247330581e+38
1.5688629914430157,10.742870476131218,0.2157176169592476,0.04447324673575729,6.356287774097347e+28,63.471608888054774,1.3830389389342358e+38
1.5702198844942397,10.723331294253942,0.21629759189835818,0.044018164709074624,6.234240704825662e+28,61.984378408104774,1.3801715388732656e+38
1.570891455926788,10.711038390032543,0.21663844857544262,0.04383194719741834,6.172365867556091e+28,61.23811595764934,1.3785851784065942e+38
1.5695435796951518,10.733602724871446,0.21599753599009533,0.04423115006617796,6.294465160691524e+28,62.718113689220374,1.3816338899489246e+38
1.5715596745076506,10.693826798582993,0.21707942665635804,0.043768680473017726,6.114095249636976e+28,60.53114170860569,1.3766891985063042e+38
1.572223260728165,10.683025445278584,0.21739066430305626,0.04356567884041631,6.055065103049741e+28,59.820326381165415,1.3752120439804842e+38
1.5728838364383078,10.675645443190849,0.21763234568419898,0.043296608664955216,5.99691103350826e+28,59.12149483220981,1.3739655670522022e+38
1.574189017140182,10.65279539581803,0.2182801419256942,0.042931353299497224,5.882954979201816e+28,57.758004760542995,1.3709613862315888e+38
1.5735383647644205,10.663585169317102,0.21796914930105357,0.0431299152931662,5.940155751419785e+28,58.44026815676941,1.3724188019772077e+38
1.5761169556285743,10.613516291900545,0.21935628656786882,0.0424916711658906,5.716145615402352e+28,55.777895674640455,1.366175374765149e+38
1.5754784423503134,10.623358254694578,0.21906428207463619,0.04269937995077273,5.770769445772471e+28,56.425114158063025,1.3675526272136055e+38
1.5748365250629768,10.634553536289806,0.21874450499741155,0.042883884601802716,5.826308083555337e+28,57.084355125374586,1.3690260383658922e+38
1.5767510028118152,10.604384031624882,0.219633510929908,0.04227110660582385,5.662052212781945e+28,55.13905748024464,1.3648500663841793e+38
1.5773805595370545,10.592191051878572,0.21997413250712192,0.04213174569677116,5.6110158982452725e+28,54.53309250243251,1.3633290111884585e+38
1.5780059930886807,10.581072212162882,0.2202925982004578,0.041961637386823084,5.559091665374937e+28,53.92145984786657,1.3618839593238845e+38
1.5786274997258645,10.572041693462612,0.2205676072570321,0.041746721122359595,5.5070589333421e+28,53.31169024006451,1.3605827002025962e+38
1.5792442384648748,10.561448276916552,0.22087510035819774,0.04156574979495271,5.45576956508368e+28,52.71212941298151,1.3591826338966662e+38
1.5798568406143496,10.550889856373894,0.22118189816128248,0.04138340270018484,5.4047381889438615e+28,52.11791509174671,1.357790308234373e+38
1.5810695566689545,10.521036853995563,0.2219797560394466,0.04120054963679338,5.305163054548053e+28,50.961816756781175,1.3544396789912807e+38
1.5804655152659957,10.541237243951507,0.22146972768685383,0.04118773246568581,5.3546222634293365e+28,51.53529492859568,1.3564640700069006e+38
1.58166935444731,10.511405779463361,0.22226743282148653,0.04101098192523428,5.256627394220849e+28,50.39990773618485,1.3531233880842432e+38
1.5822655801974779,10.502927931950303,0.22253069815643536,0.040796224996889355,5.20804733809354e+28,49.84011858073954,1.3518909266953895e+38
1.583442652737737,10.481919102868705,0.22314259063294936,0.04047711386293309,5.1158355287294375e+28,48.77597116435374,1.3491648287924062e+38
1.5828560713898667,10.492547092339738,0.2228339888793444,0.040631872047994746,5.16148280502903e+28,49.3024385634378,1.3505333092268082e+38
1.5840254619728573,10.474648094969615,0.22337967362761882,0.04024296070316659,5.068624853255515e+28,48.237012800033476,1.3480277954432413e+38
1.5846024629720044,10.46206028866641,0.2237299076922822,0.04012972882452626,5.024065978300249e+28,47.725968328193865,1.346535109135152e+38
1.585744472405858,10.44120753368438,0.2243382942157329,0.03979839733457699,4.9331263745243905e+28,46.6935891626164,1.343855719064536e+38
1.5851761522157766,10.453277726942526,0.22399894671669354,0.039935863052256576,4.978844207058872e+28,47.21086245862471,1.3453052612910551e+38
1.5863089841588125,10.43227899634229,0.22461022658446364,0.039613762575153574,4.889281891491256e+28,46.1963013246711,1.3426239092171644e+38
1.5868685154317341,10.420675952113642,0.22493963583359397,0.039484885870189494,4.846334198792151e+28,45.709838773560165,1.3412137306133412e+38
1.5874237725498408,10.410245040140602,0.22524380894973514,0.03933274726127258,4.8035471709439525e+28,45.2270965771082,1.3398871051319496e+38
1.5879751997406324,10.401077193053775,0.22552065860173506,0.03915948027679669,4.761365648445882e+28,44.75216027025813,1.3386513641530822e+38
1.5885218013889737,10.391044653369686,0.22581610057827625,0.03899781852740086,4.718884926422571e+28,44.27662778538744,1.3373596938812726e+38
1.589063509143407,10.378560726396127,0.22616482413097266,0.03887401050649852,4.675714862974038e+28,43.79684163282601,1.335902730835091e+38
1.5896026700583903,10.362716613450369,0.22658747351997147,0.03884202306719347,4.6363153514936555e+28,43.354192115022585,1.3342207443544271e+38
1.5901361455659202,10.352892925189156,0.22687859421675777,0.03867999866696086,4.595132930871407e+28,42.897064974704556,1.3329527946987521e+38
1.5906644044583849,10.349566372362226,0.22702691295922214,0.03841678639472505,4.556536151785417e+28,42.466166174132525,1.3321348698383133e+38
1.5911891909446265,10.339417509270577,0.22732472924082966,0.03827593344827171,4.51761452722839e+28,42.03403865758509,1.3308520546122207e+38
1.5917100128792878,10.321020879521557,0.2278044622600075,0.038279581448189534,4.477993728194735e+28,41.597265993205085,1.3290016594821612e+38
1.5927372249500904,10.309300855308543,0.22821062048380159,0.037843703567770046,4.401925804727445e+28,40.758961869266344,1.327044493331149e+38
1.5922261295569122,10.320876707097861,0.22788151176491986,0.03796695900281475,4.441112561774188e+28,41.187847375825505,1.3284181953267732e+38
1.5932449667562132,10.291192577802583,0.22868505585080354,0.03785034670776797,4.3641674432894735e+28,40.344996022928946,1.3252197177497926e+38
1.5942463014664041,10.280577551284667,0.22906505464000354,0.03741445588634573,4.291706546454639e+28,39.55068190054753,1.3233608238818669e+38
1.593748332423762,10.282480957261601,0.2289511159354059,0.03768834660875373,4.327127301250789e+28,39.939442912878995,1.3240516530704185e+38
1.5947399795782733,10.26987184713564,0.2293748475200415,0.03727923729072275,4.253977191812124e+28,39.142340888246856,1.3220582978448237e+38
1.5952293332347354,10.258309498363921,0.2297038446752644,0.03715877225859136,4.2164151257336965e+28,38.73724905724644,1.3206980039384418e+38
1.5957150021216426,10.249985754643763,0.22996037143949513,0.036999156861559704,4.1812983187040265e+28,38.35619881665523,1.3195686799219204e+38
1.5961959174219742,10.239067406591072,0.2302749670260904,0.03690119981832882,4.148064634825558e+28,37.994049499143046,1.3182587824977791e+38
1.596673061723596,10.230379515306208,0.23053941583120152,0.03674850371334187,4.113404348651199e+28,37.62031778582278,1.3171093651968799e+38
1.597145416484337,10.221673791563695,0.2308040246878348,0.03659793044556118,4.079149569717603e+28,37.25189585891462,1.3159603665038694e+38
1.5976132618797367,10.210652434252683,0.23112083555195811,0.03649529811626137,4.045827846383017e+28,36.89352585138645,1.3146495847428922e+38
1.5980766517479665,10.200035107326414,0.23142851841845027,0.036385722671836505,4.012752325553149e+28,36.538891747789826,1.3133690387187687e+38
1.5985359573900988,10.190057666748402,0.2317216984959541,0.03626875374787542,3.980327973046312e+28,36.191606212305416,1.3121362246390299e+38
1.5989906955742124,10.178916896548278,0.2320413070622308,0.03615385976555168,3.946076767569527e+28,35.829182108657385,1.3108219369324798e+38
1.5994413389049449,10.168848289477271,0.23233652190271006,0.03602431488006547,3.912529163337828e+28,35.474562880118626,1.30958613173909e+38
1.5998874036120978,10.157514093514601,0.232660641225808,0.035953253468091154,3.883098272457921e+28,35.15866157710537,1.3082609548999887e+38
1.6003302183090524,10.150098868220242,0.23289505562062923,0.03578499948976826,3.8508393007624184e+28,34.81836820613314,1.3072200795131315e+38
1.6007676084855718,10.13912887390269,0.23321075758334586,0.035710038893749144,3.8220516928875467e+28,34.5108904718491,1.3059239916474449e+38
1.6012013518812023,10.129402756440884,0.23349793481813377,0.03558849772063486,3.790808716752757e+28,34.18244925596416,1.3047199400199615e+38
1.602055642403476,10.118583467436897,0.2338723139247149,0.03518759773378525,3.7281315488222595e+28,33.52774127928695,1.3029394482324711e+38
1.6016304346880381,10.127467655351545,0.23360513401800723,0.035311048574050485,3.7576641006065474e+28,33.8382145190857,1.3040786060579355e+38
1.6024760123957786,10.10674332276573,0.23420773614917834,0.03512660879541077,3.6999463131159066e+28,33.23064599095545,1.3015872396713828e+38
1.602893236540956,10.099120602000335,0.2344455387970998,0.034970958409115425,3.669681263436407e+28,32.91595123484972,1.3005433013457041e+38
1.6033059285456677,10.090568092697442,0.23470466201789594,0.03483901531821724,3.6403821496401966e+28,32.611143805318775,1.299433237675617e+38
1.603713425782895,10.077643453018194,0.23506540137831983,0.03480211291155324,3.61329627855278e+28,32.32740145322867,1.2980050771189978e+38
1.604517079392713,10.05708530369811,0.23566394622061398,0.03458266173087592,3.554038294496368e+28,31.717681154836853,1.2955381092637572e+38
1.604117935423018,10.06926925820426,0.23532023614077613,0.0346759433553184,3.5852634493431704e+28,32.03617432130161,1.29691102091222e+38
1.604912853882987,10.047617106912679,0.23594420431013902,0.03447722803182972,3.5265556537095083e+28,31.433628261444202,1.2943657929127288e+38
1.605305067950139,10.038711706373016,0.23621122380873233,0.03437117058305277,3.500154797132428e+28,31.1602128546177,1.293236957084721e+38
1.605692093122502,10.028249713210997,0.23651465957329612,0.03431082913399917,3.475841220273662e+28,30.906486245945477,1.2919929801108888e+38
1.6060758995747813,10.019589711265025,0.23677566350718351,0.03419272905516465,3.448946620334471e+28,30.630719226278924,1.2908840550238768e+38
1.6064553081541766,10.010539830773432,0.23704570190261956,0.03407665284981432,3.421743391519165e+28,30.353253241126634,1.2897469491191312e+38
1.6068300596298977,10.009082923373699,0.23713551164010407,0.0338138847552151,3.3928879866210984e+28,30.062204957442,1.2891707126492349e+38
1.6072014434796726,9.999125697392278,0.23742651677311366,0.033733249670200124,3.3679942180687667e+28,29.807174905570882,1.28796975648064e+38
1.6075679770694107,9.988351768747735,0.23773682191119339,0.03366909736547564,3.3435177665812607e+28,29.556836615387702,1.2867074224615975e+38
1.607931032254658,9.977987567598579,0.2380375072613633,0.03358093697919893,3.3174976155894045e+28,29.293723791944632,1.2854768035932537e+38
1.608290625496344,9.970053979176646,0.23828020005848957,0.03346191850425067,3.2926184141593923e+28,29.041550407224584,1.284428377151383e+38
1.6086454223182618,9.958676693756024,0.2386050489967622,0.033390991219820455,3.266935012034582e+28,28.7832550345155,1.2831229554894608e+38
1.6089966546712062,9.949303843516125,0.23888197569711794,0.0332888549832801,3.2416441962473737e+28,28.529271816783652,1.2819680751078098e+38
1.609343754018934,9.948762935372985,0.23894649896361955,0.03306807609525537,3.2192696668731003e+28,28.30181651968752,1.2814741241555759e+38
1.6096862410575499,9.937187573253585,0.23927574631755683,0.03301282231710459,3.195237243516328e+28,28.06066751126583,1.2801556144184998e+38
1.6100254315259035,9.927924709827352,0.2395494600706819,0.03290774866228605,3.170250383210424e+28,27.811917406804408,1.2790116865350614e+38
1.6103605810683157,9.918282310637442,0.2398322603986217,0.03281237877696231,3.145741720894695e+28,27.56820273738811,1.27783974776168e+38
1.6106922168107909,9.908969383997077,0.24010710349744196,0.03274411333435545,3.124486732922776e+28,27.35375370375143,1.2766939326217547e+38
1.6110190582234802,9.899161534864847,0.24039376656044095,0.032684316204071445,3.1033765662188664e+28,27.14139299878126,1.2755098160038513e+38
1.611342015271935,9.89821123638153,0.24046504184389492,0.03242925980511094,3.077681275477073e+28,26.889704725221776,1.2749954949197066e+38
1.611976441665727,9.87757661841147,0.2410622570864163,0.03231779055207078,3.0352657043366825e+28,26.46697517649345,1.272555902720866e+38
1.612287411364721,9.868024338359024,0.24134215497792674,0.03223496517695765,3.012876170224656e+28,26.24641641431344,1.2713943933462256e+38
1.6116611622385564,9.887972933017892,0.2407617030535801,0.03236324074690464,3.0555638677576242e+28,26.67004272368852,1.2737814216282437e+38
1.6128966781357545,9.85690207760297,0.24170578253247813,0.0319453142724537,2.9690150079305824e+28,25.815509649875626,1.2696815669522811e+38
1.6125941248757636,9.857527410843405,0.24164511220276805,0.032160092105968395,2.9899248183521635e+28,26.021717023184028,1.2701615526462684e+38
1.6131950492810085,9.846926546705344,0.24199540373636425,0.031883958334557226,2.9483479918361013e+28,25.612111673419044,1.2684916643220027e+38
1.6134889239325447,9.837214443060704,0.24227844907794072,0.03181980389429675,2.9279335074444814e+28,25.411617823853195,1.267322535757146e+38
1.6137787396750813,9.828320098719702,0.24254126160737507,0.03173656360205253,2.9070960448886426e+28,25.2081212807064,1.2662177272690186e+38
1.614343734077907,9.818326434705229,0.24287313591830098,0.03145361967419688,2.8665596570017204e+28,24.81315396354611,1.264608856892829e+38
1.6140633952162273,9.817340390533351,0.2428553494904967,0.031669591314106287,2.8847934456907013e+28,24.992679980696494,1.264953178489597e+38
1.6146194118076205,9.808162607303471,0.24316633400976795,0.03141380767217441,2.848143614199849e+28,24.63270379239958,1.2634112380138781e+38
1.6148903529266925,9.797642006545455,0.2434682916862993,0.031329112514338925,2.825263403211826e+28,24.414328898633187,1.2621871857966773e+38
1.6151567646870104,9.788156436509366,0.2437444379005452,0.0312747226167818,2.80673229928292e+28,24.234197154493373,1.2610440120034308e+38
1.6154193017914091,9.779982817190453,0.2439878000519224,0.031216696648431776,2.789847216629719e+28,24.0688382993064,1.2600042961265598e+38
1.615676274806464,9.777411104009952,0.244090797779812,0.031022110535456813,2.7688137210979767e+28,23.868385731027278,1.2593972156837886e+38
1.6159304086522541,9.770031620040434,0.24431358669775557,0.030929834725800815,2.7501758434243115e+28,23.68908262751408,1.258422026933182e+38
1.6161798374659133,9.759944296231433,0.24460384562116455,0.030903030682305425,2.7336366303046477e+28,23.52845503452787,1.2572366305600938e+38
1.6164245049266266,9.74748027636466,0.24495369548856086,0.030885183650662253,2.7146574188879645e+28,23.347422902949123,1.2558648575514473e+38
1.616665790718393,9.746659083029904,0.24501090141296905,0.030703480587208978,2.697550017326336e+28,23.182982685105088,1.2554000751000575e+38
1.6169041729041256,9.738704337401286,0.24524718773941045,0.03063327014030956,2.6804165038910757e+28,23.018759830991733,1.2543820693309378e+38
1.617368656135219,9.727066642203306,0.24561114305772377,0.030408273177689394,2.6448694003886997e+28,22.680893935111946,1.252677067274673e+38
1.6171379857870452,9.727218958249253,0.24557226839578536,0.030607669810803984,2.662421087157162e+28,22.84769533828967,1.2530866871544837e+38
1.6175963252586365,9.717448126235242,0.24588886137173774,0.030371019361493196,2.6285941723416723e+28,22.525468379399367,1.251528498942994e+38
1.6178202967467303,9.708145197392845,0.24615856513285794,0.030327324468442482,2.61227221205097e+28,22.37010796063309,1.2504031643482178e+38
1.6180406890691115,9.697486504152414,0.24646269325984405,0.03027628477947596,2.593591165704737e+28,22.195011406351036,1.2491700585475274e+38
1.6182578679358688,9.696997532332006,0.24650820387971453,0.03011115470618098,2.5787951987112954e+28,22.0535883856032,1.2487361452076004e+38
1.6184723078925296,9.689573462924887,0.24672976691684043,0.030044900984082915,2.5632861625160437e+28,21.90643845095711,1.2477581441526155e+38
1.6186833402781218,9.681007658602832,0.24698027418303511,0.029980029387403916,2.546466047188561e+28,21.74850721898371,1.246689657176862e+38
1.6188893617756992,9.677942115666895,0.2470899514997716,0.029832356930520106,2.529913572767687e+28,21.59339288814325,1.2460517696602796e+38
1.619093124605106,9.667765437612212,0.24738118121873048,0.02980200898138014,2.5140799406777723e+28,21.44475000241531,1.2448543254164581e+38
1.6192934783076016,9.656755838116005,0.2476938657013658,0.029763004269223105,2.4965256819903064e+28,21.281843828963236,1.2435894921014573e+38
1.6194913390532693,9.649776055391879,0.247903312727705,0.029692465074472055,2.4816209397431362e+28,21.141867362539383,1.2426442858776368e+38
1.619684815108376,9.649046660725986,0.247951670883105,0.029529252967139125,2.467047494390233e+28,21.005160535496564,1.242193120619988e+38
1.6198754817467989,9.638114701189147,0.24826212978248813,0.02949356763448541,2.450139313835216e+28,20.84892496853893,1.2409328140360101e+38
1.6200623224777482,9.63654584961525,0.248331187295518,0.029350457098523852,2.4362667997146426e+28,20.718928204536244,1.2404153088226302e+38
1.6204275250177256,9.616718384181748,0.24889928466460962,0.029293889121262975,2.406658906499335e+28,20.44407813424322,1.2380532016654353e+38
1.6202468408816575,9.62853897975585,0.2485660011716973,0.029279478071563243,2.4202950508339896e+28,20.571380806034256,1.2393872228169758e+38
1.6207797203260441,9.608197549210315,0.24917416146919558,0.029055785181737227,2.376540677693806e+28,20.166304930259876,1.236591202934583e+38
1.6206053317719458,9.608232505517627,0.24914644501998784,0.029237783097302055,2.391470215655271e+28,20.303911280351507,1.2369845482021597e+38
1.6209504321004238,9.59704753315068,0.2494899315705593,0.02904996279037623,2.362309665252388e+28,20.034993316201714,1.235307565915041e+38
1.6212835431713937,9.587133005799867,0.24979926550971965,0.028838810198837307,2.333050388948895e+28,19.766523555336104,1.2337330701376636e+38
1.6211189212265105,9.588498366910168,0.24973833464915068,0.029001022611258136,2.347844459482316e+28,19.90196674016118,1.2342326655179403e+38
1.6214458108113092,9.579353733480552,0.2500271460322063,0.028781417673109044,2.318975990756454e+28,19.637450571921335,1.2327195315773119e+38
1.6216038318388732,9.566927392397067,0.25037630112155795,0.028800021193008094,2.30546330555618e+28,19.51351256249075,1.2313290416653371e+38
1.6217598442894825,9.55853029197646,0.25062036445761116,0.02874042606422674,2.2906135394771015e+28,19.378499985592434,1.2302636736308376e+38
1.6220612901776696,9.547376376461223,0.25095979544694613,0.028567935922508725,2.263612578690408e+28,19.1322851705479,1.2285850977760936e+38
1.6219113385863833,9.55563323934684,0.25071976533194495,0.028631186842469458,2.278451197328052e+28,19.26660656270487,1.2296399078845155e+38
1.6222075732332746,9.546940590768743,0.25099388436558157,0.02843098612914263,2.2522471231489585e+28,19.027641739251678,1.2281618453243392e+38
1.6223508807660354,9.537915554939115,0.25125357567039874,0.028389033027420477,2.2383138527750706e+28,18.9015789975889,1.2270430556240224e+38
1.6224912920187409,9.527742878337984,0.2515436053382588,0.028352877023923306,2.223567378341819e+28,18.768928013666347,1.2258300312452525e+38
1.6226292319985927,9.528805712963319,0.25153693158154,0.028205468216662605,2.213240918466523e+28,18.673823965300986,1.2255296576446583e+38
1.6227635432199483,9.518431990440702,0.25183191404106986,0.028157834813946514,2.197502258704117e+28,18.533360186489002,1.2242987179733333e+38
1.6230237839964032,9.508139300393642,0.25214495523254393,0.027995100860563202,2.1730150429414494e+28,18.312150968514675,1.222685382127154e+38
1.6231499717563178,9.498790092675367,0.252412752732427,0.02795911943850518,2.1595733508947254e+28,18.191803849575944,1.2215355802024246e+38
1.6228951249312569,9.508599373715818,0.25211276833623336,0.02815930409837317,2.1862895720194502e+28,18.43132056856921,1.223110433571036e+38
1.6232731593387044,9.489357085833875,0.25268284228670557,0.027966975502851363,2.1494753390261314e+28,18.099870850725495,1.2203771380623224e+38
1.6233933268244074,9.489204274372263,0.2527056172984263,0.027779406522387473,2.134887328861832e+28,17.970378529573168,1.2199768416630779e+38
1.6235096827687607,9.475778237610216,0.2530818089474648,0.027831881521635755,2.123831344216635e+28,17.8709096001299,1.218487452682547e+38
1.6236252189873153,9.477652115243945,0.2530497776540555,0.027633105171788217,2.110748672948873e+28,17.754507538801093,1.2182546929957744e+38
1.6237372638151581,9.468561149347822,0.25331021558977257,0.027615237271302724,2.0992866192936965e+28,17.652003192519643,1.217121048086485e+38
1.6238459952666038,9.457535363221453,0.2536225121296108,0.027618653546262664,2.087350541017793e+28,17.545762383586048,1.2158259037235254e+38
1.623953287333545,9.449710547104493,0.2538492952304881,0.027574053854662745,2.0753730183256626e+28,17.439320147089234,1.2147948770462296e+38
1.6240560909703485,9.44644385825724,0.2539531546073515,0.027471552833653646,2.064086840953666e+28,17.33899373136345,1.2141362923315566e+38
1.6241575469979297,9.43859381614728,0.25418024431014913,0.027429904714052617,2.052408481887783e+28,17.235507507431475,1.2131012234499133e+38
1.6243515293588322,9.42857978046672,0.25448059799320333,0.027273658069201206,2.0299147993650144e+28,17.03643612261573,1.2114979405573585e+38
1.6242561779606763,9.439814154720043,0.25416281870660695,0.02724695009619145,2.040037425734751e+28,17.126418257425353,1.2128146693112769e+38
1.6244440586244728,9.427666764021444,0.25451974059677157,0.027110719129644485,2.0168108608250747e+28,16.921638735190623,1.2110339371727082e+38
1.6246225623310038,9.408847987290047,0.25505683341670454,0.027090434379990286,1.995268038998522e+28,16.731693180797787,1.20869971322879e+38
1.6245347585852519,9.418175470020222,0.2547904616097851,0.02712401869094295,2.0076635759455255e+28,16.840188474263094,1.2098609251902161e+38
1.6247069808012649,9.406951457221105,0.2551215111869736,0.026990376594536965,1.985895886561429e+28,16.648775285017845,1.208153775526046e+38
1.6247904729481786,9.399679518896217,0.2553320031803608,0.02694235473996495,1.9747121597658184e+28,16.550763337958948,1.2071636052624923e+38
1.6248693336831872,9.39698570341399,0.25541759503722905,0.026832980767386563,1.963879185676451e+28,16.455974419313115,1.206550428753425e+38
1.6249473306883448,9.388730591183256,0.2556544442252421,0.02680503691628734,1.953231919862485e+28,16.362829938322626,1.2054767025232346e+38
1.6250219395250547,9.378733282507481,0.2559387111754155,0.02676368936220451,1.9398579297346796e+28,16.247061641966678,1.2042550301530145e+38
1.6250943453415831,9.379273862296664,0.25593536316091603,0.02665818117851096,1.932767511747798e+28,16.18407076929224,1.2039128910455821e+38
1.6252312482510514,9.36830586721915,0.2562565868989915,0.026525598288207455,1.9119367180327428e+28,16.002901862978273,1.2022208972064159e+38
1.625358202970195,9.357317755406614,0.2565775448582557,0.02639056047450662,1.8910739772628284e+28,15.822100143531083,1.2005247491707047e+38
1.6252967916016776,9.360004694469946,0.2564941986109743,0.026468412908562985,1.8993773340623325e+28,15.894574584111712,1.20113946537095e+38
1.6251640099792648,9.36787842523519,0.2562576772898058,0.026628493127821017,1.9189154420246929e+28,16.064636568343552,1.2025729544621447e+38
1.6254181601945314,9.346567157480619,0.25688214087093625,0.026362811816336356,1.8782586649581841e+28,15.711979740865404,1.1992349269829429e+38
1.6254760817027736,9.347579761159807,0.2568634663293676,0.026247275076087005,1.87104028377145e+28,15.6488082402504,1.1989320572815827e+38
1.6255313954126727,9.337057497353486,0.25716168566806535,0.02621960212361051,1.8585715302969575e+28,15.541878831334373,1.1976599046565525e+38
1.6255843730222324,9.32900269894627,0.25739211123672473,0.026199919472408434,1.8491794879294627e+28,15.460820449482082,1.1965936860069599e+38
1.6256355760713677,9.329581071834674,0.257384261508825,0.026070278926142682,1.8405999667023053e+28,15.38666444073322,1.1962548283771402e+38
1.625683456703263,9.31868637078212,0.2576927653847098,0.026067960523872107,1.8297154231359354e+28,15.293421743820877,1.1949474908955623e+38
1.6257292553699654,9.308824505790088,0.25797303516419196,0.026076942305014634,1.8206811578132415e+28,15.215766684757506,1.1937257983754581e+38
1.625772443895451,9.306928053804416,0.25803245636782046,0.025955316531453918,1.8103440966540386e+28,15.127368519621138,1.1931762168053034e+38
1.6258139918206682,9.297557242725299,0.2582991226906178,0.02596035990508559,1.8015985795863088e+28,15.052366860153091,1.1919948557513352e+38
1.6258528349047503,9.296790153544189,0.25832660691215226,0.02582341854955377,1.7913559588713927e+28,14.96500193829084,1.1915408619719084e+38
1.6259251316700813,9.279638730817801,0.25881557649752873,0.02580832244133526,1.773855086396585e+28,14.815505213517635,1.189309909117247e+38
1.6258905688987364,9.289327134541185,0.2585401460250132,0.025790084838759705,1.7818743439802262e+28,14.8840651699353,1.1905210928449764e+38
1.6259569299007852,9.277779614858055,0.2588725015971832,0.025691957212629398,1.7640889009734117e+28,14.732495885887861,1.1887624788774896e+38
1.6260153516934999,9.269976744080315,0.2590997131381766,0.025516182037489434,1.7446645319609484e+28,14.567659169550607,1.1873220762158802e+38
1.6259870801356235,9.26853357539547,0.25913555091231016,0.025695079985325088,1.7555294878651915e+28,14.659654141428604,1.1875873816275918e+38
1.6260400306513958,9.256866216778558,0.25947061490965156,0.02558109072496501,1.7367688104718485e+28,14.500630751148664,1.1858148248245982e+38
1.6260641950467452,9.257774406088883,0.2594490163812631,0.025430744320270676,1.7274085192926842e+28,14.42140819845093,1.1855046448311808e+38
1.6260855888787353,9.247844152578717,0.2597310276365286,0.025455001592523015,1.71980282192341e+28,14.356966940668876,1.1842684806859275e+38
1.6261050050720036,9.24862283738719,0.2597122607108341,0.025290267745566267,1.7093924836406222e+28,14.269209191743757,1.1839465117917898e+38
1.626122499411685,9.239494197533224,0.2599716538321798,0.025327452451708924,1.703474007646197e+28,14.21903963215422,1.1827782942931503e+38
1.6261372638499172,9.237988041730226,0.2600164002552238,0.02518742043644449,1.6926754194630748e+28,14.128261513894632,1.1822603308827562e+38
1.626150207235781,9.228361566626358,0.26028970560272113,0.025216498928935342,1.6858184987768755e+28,14.070468838527452,1.1810475391927227e+38
1.6261613358994813,9.218519104775911,0.26056939586913663,0.025189288246853455,1.6750381924049032e+28,13.980014015746875,1.179815140064247e+38
1.626170769083229,9.219713214503184,0.2605371590377412,0.025090126037380363,1.6695249796778842e+28,13.933596123201276,1.1795301375500568e+38
1.6261769461684132,9.207487082608816,0.26088410343695967,0.025097636816015293,1.658981102217181e+28,13.84533559713451,1.1780903206507862e+38
1.6261823386296181,9.20957463865554,0.26082583312570146,0.02497586538618234,1.6528042544123717e+28,13.79355686283076,1.1778823847109644e+38
1.626184805258236,9.198486505007928,0.26114063657131154,0.02496746651779799,1.642326010579e+28,13.706006230201584,1.1765394513321668e+38
1.626186051730036,9.199038021732905,0.2611251803662152,0.024865156866601307,1.6360866095307742e+28,13.653883076962165,1.17619928711026e+38
1.6261814363533618,9.187765051944407,0.2614448270601106,0.024758200481245968,1.6190918899803958e+28,13.51224620080916,1.174450467102462e+38
1.6261845110767057,9.188508021210227,0.2614241813054895,0.024861400137983374,1.6264982289120783e+28,13.57392800177808,1.1749028115180063e+38
1.6261772302593975,9.180485894729275,0.2616514484788151,0.024720718750300824,1.6102468167536248e+28,13.438602807691273,1.1734351112674837e+38
1.6261700982760692,9.179599083744852,0.26167557812285275,0.024635357891877905,1.6039117274042193e+28,13.386025721743387,1.1729698196652942e+38
1.6261605575528324,9.16711379265734,0.262030433846965,0.02467004905776713,1.595277140792008e+28,13.314353225894203,1.1715008741562847e+38
1.6261502210441356,9.168313446400859,0.261994482388954,0.024541167438908138,1.587981719225764e+28,13.25388608802193,1.1712169733253494e+38
1.6261385047731858,9.161342611062565,0.2621919440416218,0.024507189228040547,1.5797637577692257e+28,13.185770929805878,1.1702264399003913e+38
1.6260887533631252,9.139562367058476,0.2628087257446523,0.024451912041135757,1.557553044046945e+28,13.002374277940712,1.1671694824941048e+38
1.6261227439353902,9.156909929973388,0.26231632359276313,0.02446368793398763,1.5731482706729559e+28,13.131189962060038,1.1694518720695713e+38
1.6261063586193278,9.147590082207284,0.26258093370485275,0.02444889453435082,1.564212381410611e+28,13.057259236775957,1.1682547049022907e+38
1.6260686105502176,9.13818597248245,0.2628450540488209,0.024338092837615666,1.5491359112937652e+28,12.932909475978807,1.1666611610947106e+38
1.626046158072341,9.126730048900592,0.26317134478374776,0.02439004048492061,1.5427358228767008e+28,12.880367776380925,1.1652741706722478e+38
1.626022948362234,9.127540340787956,0.2631442258085918,0.02424103827344241,1.5339918063545235e+28,12.808277688205381,1.1649570362669465e+38
1.6259971143264798,9.115985992571265,0.26347357028045165,0.024294101880443314,1.5276438345378718e+28,12.756287734458674,1.1635600067517916e+38
1.6259717330445886,9.111822988309104,0.26358983131330205,0.024239548379914454,1.520736300173312e+28,12.699598886709389,1.162810745322572e+38
1.62594205100682,9.110072593833141,0.2636356642886296,0.02415803087730701,1.514166863340509e+28,12.645892030612462,1.1622682156742665e+38
1.625878519937794,9.098395741815946,0.2639636990978517,0.024083345159449532,1.4998365804243824e+28,12.528657067895919,1.1604692071083796e+38
1.625911266821148,9.108770565072668,0.26366835681708833,0.024028146593451816,1.5049501181954165e+28,12.570106302957337,1.1617656981115291e+38
1.6258448699499628,9.099534529381085,0.26392520215745696,0.02392432315373414,1.4908658396760395e+28,12.455010169573645,1.160181041249725e+38
1.6258085214524336,9.08862341493587,0.2642361432347251,0.023982353219787783,1.4855434435114398e+28,12.411933126723799,1.1588360250303092e+38
1.6257713589932568,9.08926403230199,0.2642114802559831,0.023838940475675075,1.4771804907023867e+28,12.343470091076382,1.158504210240167e+38
1.6257319828358014,9.078539226786047,0.2645171960403367,0.023879036104037625,1.4709559983475917e+28,12.2929462040067,1.1571746197041118e+38
1.6256914328899656,9.080502277022084,0.2644534156046672,0.023729081237143856,1.4632997511715841e+28,12.230487300810507,1.1569589007515793e+38
1.625648197074395,9.067877709348418,0.2648145524550509,0.023782603465244533,1.4564335839321047e+28,12.174717672919346,1.1554602664798422e+38
1.6255581189397748,9.057478637705831,0.2651039009386307,0.02369977608042203,1.4430582169768879e+28,12.066252025531783,1.1537680894947823e+38
1.6256049147255913,9.070307401591826,0.2647365670224825,0.02365363986818479,1.4504776038650181e+28,12.126544283655774,1.1552868530373997e+38
1.6255111329561813,9.058711049741705,0.26506017264259857,0.023619886490210452,1.439172521551061e+28,12.03550075965288,1.1534890425053944e+38
1.625461935261414,9.048192237739666,0.2653602819121773,0.023605900970402254,1.4299889887348796e+28,11.96051065650172,1.1521733732984423e+38
1.6254115636998538,9.04886585277622,0.26533230532322083,0.02352874942129218,1.4258459671418063e+28,11.927706212498414,1.1518449701000748e+38
1.6253600103690304,9.040730113065703,0.2655626543311693,0.023490670145201235,1.4171504124333796e+28,11.856845023502277,1.1507397901229307e+38
1.62530610809561,9.040028789939656,0.26557444900150284,0.023428793429026564,1.4128693647691302e+28,11.822987179879592,1.15028946526648e+38
1.6251933612073097,9.028011231289097,0.2659095187946543,0.023345922810779924,1.3985387883893081e+28,11.707127972145129,1.1484502453811579e+38
1.6251346439162164,9.027366140603037,0.26591891270177165,0.023270770646672163,1.3935388150668846e+28,11.667380865412463,1.1480045443771325e+38
1.6252507214900067,9.030335410799983,0.2658504631334584,0.02341286727670995,1.4043553977372682e+28,11.753744286411772,1.1490446050963497e+38
1.6250743402770544,9.01605357000181,0.26624268514636984,0.023291316880013298,1.3860518556619e+28,11.60684972939874,1.1466143517645287e+38
1.6250139564304944,9.009900047038958,0.2664146221514577,0.02327158035797925,1.380157849086247e+28,11.559640581727153,1.1456823722349709e+38
1.6249507205332976,9.007870919471438,0.26646426552896896,0.023187640312187344,1.3736318222183075e+28,11.50722002524655,1.145114120570306e+38
1.6248868155887257,8.999189285863839,0.2667108375989401,0.023208670900262848,1.3682650100666314e+28,11.464515208870301,1.143956163466833e+38
1.6248218432674244,8.99075842678567,0.2669502643891434,0.02320660470548868,1.361746493539738e+28,11.412178843921744,1.1428200648308266e+38
1.6246846216911894,8.98791912215159,0.26701204264657613,0.023034680210742887,1.3495251527478264e+28,11.314534279996574,1.1417910941070133e+38
1.624753944100881,8.990280206277605,0.2669533081967511,0.023114579181196252,1.355985819927167e+28,11.36627596502022,1.1423893923747709e+38
1.6246153174579294,8.979982331890222,0.26723663626164534,0.02304793479154327,1.3443502887649254e+28,11.273552054406833,1.1406982446563475e+38
1.6245428256741108,8.97793146005251,0.2672857553441555,0.02295471344161507,1.3373846081482356e+28,11.217641217263132,1.1401270375162906e+38
1.6244702900214252,8.969510271064632,0.26752475598736,0.022981499780736304,1.332677429154369e+28,11.180654451509012,1.1389894914710491e+38
1.6243960012692078,8.96914139828634,0.267523523750723,0.022863057430418596,1.3255364607132697e+28,11.123287620842238,1.138569999026162e+38
1.6243203436941298,8.95913879909999,0.2678097313867728,0.022915743691306896,1.3211991878194946e+28,11.089473502981708,1.1372898501998545e+38
1.624242507182917,8.957464640563918,0.267846949587301,0.022840837525868875,1.315650557769668e+28,11.045547354804468,1.1367527139857223e+38
1.624084538045374,8.948141610664104,0.2680999409988125,0.02276799509937725,1.3046440832739719e+28,10.958470381788981,1.1351465184491903e+38
1.6241651983422145,8.950152988282676,0.2680530028214389,0.022831988670541446,1.309782104048319e+28,10.998896053101404,1.1357139299522593e+38
1.62400394052201,8.94919069326976,0.2680552092877873,0.02262280276095661,1.2970844055037003e+28,10.897676012636017,1.1348551730575235e+38
1.6239217462210416,8.939827867913337,0.2683223667608691,0.022680096315673776,1.293581201022921e+28,10.870993984710172,1.133631143160663e+38
1.6238380431677364,8.9396160728993,0.26831489310851114,0.02254391075628757,1.285661421131653e+28,10.807222699231161,1.1332265268422701e+38
1.6237531576763518,8.93001031624257,0.2685894706216262,0.022611187826676635,1.282585122301676e+28,10.784181843745356,1.1319797581344347e+38
1.6236669078170292,8.930422286711385,0.26856281411788663,0.02246800611289703,1.2747573609577913e+28,10.721211890664671,1.1316315414804586e+38
1.6234907818760824,8.920274827248656,0.2688391585218663,0.022429409579830046,1.2653539737450672e+28,10.647899555818658,1.1299507780635392e+38
1.623578927792935,8.918802453837914,0.26889813900430215,0.022528843980296656,1.2699149853507099e+28,10.683379737746266,1.1302021298382464e+38
1.623215882809931,8.908011257348122,0.269163682593394,0.022295335377073927,1.2491678921451524e+28,10.52059840562285,1.1276929604362236e+38
1.623309136276194,8.90989793242347,0.26912214718880534,0.022394694559367323,1.2560641077355603e+28,10.575640728278454,1.1282481017831796e+38
1.6234001332464736,8.918399078688887,0.2688806877433637,0.02233434066458329,1.2586664734965088e+28,10.594581972808289,1.1293965854285705e+38
1.623122914406157,8.899787958152658,0.26939695628318444,0.022318210589261363,1.2446885254483475e+28,10.485875304753872,1.1265695127562022e+38
