0.30321396991137434,14.092874698857267,0.031781219014255624,0.04729371494719926,2.6260585189930025e+29,972432.3866029922,1.953929033087017e+37
0.3229342267649172,13.895459748731248,0.03432907421922914,0.053196623514338945,2.752654394763304e+29,743844.8330841908,2.140824370336534e+37
0.263376571272013,14.653086696295727,0.02655027083486045,0.03501667883067372,2.3627815227804846e+29,1769452.528830164,1.5941956531295457e+37
0.2833646909521564,14.342959328202948,0.029182863361152396,0.04116001641454593,2.49558514081806e+29,1296417.1622619438,1.771542524992216e+37
0.24334276558465467,15.07457473456259,0.023844834116398775,0.028686892077138648,2.2305494864973557e+29,2480965.431550787,1.4234919604934587e+37
0.2235413120416774,15.62482226767265,0.02113312125453104,0.022617597557345957,2.1038991553573095e+29,3577148.6581783677,1.2623482356823398e+37
0.20428720633553304,16.374493530588655,0.018428679988091463,0.01691681278176792,1.989119798713157e+29,5305864.327975437,1.1136783133426115e+37
0.18588988151535252,17.38461310027569,0.0157947099856064,0.011941683015887597,1.894059880664296e+29,8098712.831208548,9.79881520058876e+36
0.34257310300693755,13.740324475667466,0.03682792143985008,0.05875992415287768,2.8745454981920098e+29,578234.40303719,2.332164360134145e+37
0.3819179696179057,13.503115022286408,0.04177890574581997,0.06920929734899123,3.103396691265988e+29,362483.1942643647,2.7295889631318417e+37
0.4219497021837822,13.33369177891775,0.04674457420007528,0.0786888679059016,3.312595238865818e+29,235053.1077372114,3.1513476037296288e+37
0.44229898113741306,13.272426502199085,0.049225092973688614,0.08287817366781443,3.409532502177414e+29,191168.43630087344,3.372011982095787e+37
0.4018151587299936,13.414654631539532,0.044245362333535834,0.07398787485872504,3.2104140731376265e+29,290891.15391126426,2.9371763546490763e+37
0.36220430138039633,13.611138428375558,0.03930792220054847,0.06410804563338006,2.991491747372118e+29,455429.1655712165,2.5282147571164716e+37
0.46283022008806074,13.212964971760096,0.05174189849115946,0.08703322802837164,3.5009791729777064e+29,156452.3296905344,3.5985251692540033e+37
0.4835067556503222,13.165168982752377,0.05424966288924321,0.09079567902778704,3.586744059815776e+29,128821.60414158348,3.830609309341883e+37
0.5042884901103278,13.12474713608878,0.05675564272359271,0.09425409543118785,3.6665530402984084e+29,106699.83305826796,4.067693906968235e+37
0.5251332321441468,13.091745288619743,0.059250618855171425,0.09737553803767715,3.740594434142232e+29,88898.44355638002,4.309239767280272e+37
0.5459998543195465,13.064211067836018,0.06173483243552045,0.10019201942077541,3.808483593516615e+29,74488.71847167269,4.554640987461571e+37
0.5668662427548394,13.041441841620527,0.06420604539037138,0.1027175718029763,3.870577845735444e+29,62758.69118756798,4.803517529637593e+37
0.6085595648504191,13.00191835127836,0.06913796516411966,0.1071537558974606,3.9769267130319646e+29,45220.27218005892,5.310499235689303e+37
0.5877224822920784,13.012742090977774,0.06671514236699165,0.1053605569677163,3.9266770706186504e+29,53145.281661504414,5.055233014629608e+37
0.6293703452360908,12.982156135782649,0.07161110629391142,0.10919365985847516,4.021930671808272e+29,38654.87278336999,5.568024447834563e+37
0.6501484576974331,12.971953515581408,0.07403346702707973,0.11069799683844014,4.061343268394762e+29,33182.42049537766,5.828457250203651e+37
0.6708888047375219,12.961246471784923,0.07645831288043103,0.11208716579703443,4.095366292780017e+29,28598.356476054585,6.091160504477429e+37
0.6915853221178238,12.944074935810049,0.07892156418112486,0.11363633910176056,4.124538329084263e+29,24742.726486310687,6.355548509795894e+37
0.7122253375226082,12.940211094768896,0.08130120711861914,0.11447323225415341,4.1487165930812575e+29,21484.622019439666,6.622608275631782e+37
0.7532846407387978,12.92023937779257,0.08612108397915276,0.11631941549051306,4.1831942200806096e+29,16368.674573151495,7.160302505408583e+37
0.7327962053048291,12.930940099799686,0.08370936490571433,0.11542237377849177,4.168151718614674e+29,18720.976915186446,6.890879759593482e+37
0.7736783790724606,12.922058211497198,0.0884401972376716,0.11653307193925998,4.193828609035062e+29,14358.511611152935,7.431808245380126e+37
0.7939649096403927,12.912440542562145,0.09082677816918595,0.11715579154888706,4.2005721986752954e+29,12635.806256677184,7.703088024783345e+37
0.8141325703376622,12.910215338465402,0.09314993979158709,0.11733320656773116,4.203309680208721e+29,11153.644237394812,7.975563356207699e+37
0.8738488704034397,12.901717966597747,0.10004830157824329,0.11733206538487613,4.1894542530239494e+29,7803.273955783541,8.793975139177747e+37
0.8341723656476742,12.9039208891781,0.0954893730351959,0.11758249518982711,4.2019816205186356e+29,9873.615336964556,8.247910415963114e+37
0.8540789137511423,12.901932964421471,0.09778317933913497,0.11754965358908169,4.197573179309289e+29,8766.158627838935,8.520835971031097e+37
0.8934792186647293,12.890934586221555,0.10238138169851715,0.11751586701437532,4.178510997174232e+29,6964.666390582878,9.065598863781704e+37
0.912967920444667,12.89207800644572,0.10460526120276128,0.1170652956734466,4.164336417323902e+29,6231.165209213198,9.338496230338381e+37
0.9323126115055704,12.8896458438717,0.10684187706478593,0.1167136623511309,4.1479129970371304e+29,5588.855628532105,9.61052702032033e+37
0.9515123853710333,12.891150993174866,0.10902941592439644,0.11611291361913012,4.128972750311638e+29,5024.245313712032,9.882694973988423e+37
0.9705612275904516,12.884413146018598,0.11127029279881058,0.11578342874052834,4.1065076384830664e+29,4525.42105368511,1.0152912454297163e+38
1.0266416285222997,12.873293706834117,0.11780131202313683,0.1140761527164844,4.028526943484463e+29,3352.377904044807,1.0957882195684507e+38
1.0081424810606507,12.873745420702909,0.11567458069909778,0.11484671770486304,4.056450570643011e+29,3696.899623367776,1.069046289746572e+38
0.9894434077548527,12.883815993102951,0.11344030380612367,0.11513715591401037,4.082639965953349e+29,4085.89624047011,1.0423180057185227e+38
1.0449249214687553,12.874394404251147,0.11988896553959162,0.11317517748413618,3.998418508262665e+29,3046.238205190748,1.1223752836551158e+38
1.0629757968192968,12.864677514168383,0.12205214246058978,0.112713701159293,3.9671100487540864e+29,2774.3318993873145,1.1485135737393553e+38
1.0807791085586955,12.86533903010339,0.12408995899947942,0.11176103279683614,3.934591055692283e+29,2532.3045895114283,1.1746154670283481e+38
1.098331538796003,12.85413234069993,0.12621518927648478,0.11128739757532552,3.9008822265305016e+29,2316.3096316921424,1.2001755987261239e+38
1.1156643905310608,12.85963937850612,0.1281520969459647,0.11005629986127778,3.866000218795797e+29,2122.731496633276,1.2258965216492767e+38
1.1328124134784032,12.855294206877758,0.13016580669515923,0.10920145505609943,3.829495330831529e+29,1948.2854848444008,1.2511939991907092e+38
1.1498138843254115,12.845972338775109,0.13221523499811202,0.10851457871151975,3.791630591165271e+29,1790.5618346176188,1.2762190753651709e+38
1.1667056320727454,12.845761192098296,0.13415979485198562,0.10742684688352695,3.75331544817258e+29,1647.819516390646,1.3013965249283524e+38
1.2003107263720798,12.834752888510275,0.1381424362390559,0.10556816578185622,3.672599329247351e+29,1398.9627884660827,1.3514127830005189e+38
1.1835253069847835,12.835218859414038,0.136205675852251,0.1067180321428135,3.7132758903554876e+29,1517.6461401421332,1.3262499434279287e+38
1.2170682273561368,12.829128196259472,0.14013245006272554,0.1045903235544793,3.630615422981328e+29,1290.3474599969709,1.376456327744374e+38
1.233621357475803,12.82438254992795,0.14209092789506197,0.10356631938531004,3.588425068917741e+29,1192.0529079688545,1.4012916008153237e+38
1.249730942018544,12.814713994104963,0.14405506741060245,0.10273517280155096,3.546228877868694e+29,1104.0409868375355,1.4253617960230179e+38
1.2651577067530955,12.807215159910692,0.14591868085537427,0.1018483265593872,3.505342378387244e+29,1026.37996090728,1.4485201912495358e+38
1.2796718366294593,12.79808039707504,0.1476980335336322,0.10106244562961829,3.4659076864448546e+29,958.5725296149352,1.4702703767377241e+38
1.2930615986634841,12.799087900642494,0.14923171421440984,0.09993829606325677,3.428704569636535e+29,900.1917798010307,1.4906986106309569e+38
1.3157617021977324,12.787668382202321,0.15198712891017682,0.09849145897662714,3.364018804857374e+29,809.6051390467666,1.5248554455615577e+38
1.3051418846132954,12.792556553930849,0.15070279842236048,0.09920896528432406,3.395006932150552e+29,850.8501440512526,1.5088642064420002e+38
1.3328380280967307,12.777792284205042,0.15407865780662885,0.09738580279862519,3.313429891293788e+29,747.6390148705457,1.550430858592657e+38
1.3249398937169286,12.780132459792137,0.15313757195068545,0.09799613265450502,3.337249907363097e+29,775.7269740301919,1.5385276479138332e+38
1.3396182829188004,12.769724781875418,0.15496030553558607,0.0970828718099544,3.292708754903921e+29,724.3509526147338,1.5603745795733268e+38
1.3504467836887135,12.765997000662496,0.15625850755573423,0.0962067225597153,3.258232921491888e+29,688.4870897168246,1.5765303301950145e+38
1.3454371782526289,12.769165391069448,0.15564022406104805,0.09657050172488345,3.274613634730028e+29,704.9267513409535,1.5691336512156945e+38
1.3547911598903044,12.76289392347492,0.1567993036653799,0.09590320498061271,3.2440081512841466e+29,674.5609765755855,1.582896313555796e+38
1.358599683952883,12.765378692637038,0.1572094837245228,0.09543495106347999,3.231312697078233e+29,662.5558435572425,1.5886624619614026e+38
1.3619870730655776,12.759291571153646,0.1576766407614582,0.09531211385926809,3.219466632971087e+29,651.9586443272746,1.593408262551766e+38
1.3650206853239333,12.761048434758392,0.15800608439737923,0.09492743122914905,3.20868091674114e+29,642.5862314052916,1.5979336318075788e+38
1.3677555569132922,12.75854446081319,0.1583537278626256,0.0947214012381926,3.198576839622753e+29,634.1841687232923,1.601807537425608e+38
1.370242291544352,12.755845492229273,0.15867519936465496,0.0945465684107962,3.1892975448750994e+29,626.6272086339354,1.605281772810735e+38
1.3725268965684099,12.75079910520033,0.1590026621594619,0.09447663100594089,3.1806393811002345e+29,619.7423298815407,1.608333786863766e+38
1.3746479610152442,12.750244151356316,0.15925531167877052,0.09424986922337543,3.1723148105908294e+29,613.3662355490791,1.6113188992905548e+38
1.378536766199347,12.7464358834789,0.15975355189789,0.09391115443922637,3.156196437849942e+29,601.6907097081938,1.6165892260803333e+38
1.3803644781186342,12.740793891619703,0.16003619599029228,0.09387769139739446,3.148095287046066e+29,596.1836245909731,1.618855059052631e+38
1.3766405247901699,12.746855451468305,0.15952855233966656,0.09412917597079985,3.1640444708107792e+29,607.3525747701957,1.613969645941097e+38
1.3821492687857704,12.738806656829553,0.16026811809020794,0.09371636430784124,3.140235218773254e+29,590.8653005049142,1.6211934986305957e+38
1.3839148636052214,12.740489741988481,0.16045164961396027,0.09341261378141431,3.1321254913949266e+29,585.5895700356999,1.62363909282072e+38
1.385679821930138,12.740439630986048,0.16065691149388625,0.09316763791539535,3.123850014669593e+29,580.3323188910166,1.6259736417313195e+38
1.38927022842966,12.730008048527633,0.16120517745054064,0.09302473356319281,3.1063103468473567e+29,569.6554356726348,1.6301446914572476e+38
1.387460537982041,12.739334654873337,0.16087732210813024,0.09295260451056347,3.1152887912823673e+29,575.0374918542889,1.6282457614417816e+38
1.3911199591897931,12.730932698208152,0.16140808861883335,0.09268770907534588,3.0961805392247144e+29,564.0328721341627,1.6325103453573052e+38
1.3930175484068017,12.723129029872648,0.16172739493467772,0.09266588079164696,3.0859759209930155e+29,558.3553008434394,1.6344898683355595e+38
1.3949540990672549,12.719797615699193,0.1619946423167044,0.09245469039925304,3.0749139907916226e+29,552.5027363103928,1.6366614651502016e+38
1.396917475789492,12.718768037402027,0.16223577916414425,0.09214782882101653,3.0634680706308803e+29,546.5887054404186,1.6389090028920628e+38
1.3988967187506847,12.717761785857011,0.16247849986708354,0.09182237348583876,3.0514408925953373e+29,540.6021295729915,1.641111505036553e+38
1.400882810252466,12.70740287338809,0.16284181807754985,0.09180384047181822,3.038420388426198e+29,534.4903616636917,1.6428233505170495e+38
1.4028686118529208,12.70282816625337,0.16313138002927796,0.09157337423872498,3.025341125469859e+29,528.433579478747,1.6447301440351134e+38
1.4048456837929806,12.701262293544309,0.16338142211822979,0.09121423866452712,3.0116193473366037e+29,522.3456937447149,1.6466934408945349e+38
1.4068081929991905,12.700144977140695,0.1636240527943289,0.09082557038026737,2.9974679234012893e+29,516.2750619457762,1.6485891113060372e+38
1.4106728081819448,12.689528401321395,0.16421081182016603,0.09031044899507294,2.9680309765997648e+29,504.2408214858515,1.6517045593825045e+38
1.4087517061085035,12.69308923786182,0.16394118007141611,0.09063602694308757,2.9829127043976665e+29,510.2339077684588,1.6501152773219615e+38
1.412572022446162,12.679513133967887,0.1645617729193995,0.0902116067337891,2.9531011636185e+29,498.3407148504914,1.6528924910978063e+38
1.4144483839282105,12.670450366149257,0.16489822734672527,0.09004907296067953,2.9372608951242383e+29,492.3886710718061,1.6540237266904117e+38
1.416301057091549,12.670846241063913,0.16510905572825613,0.08954676336891036,2.9213326635130757e+29,486.52388474851205,1.6555005534124336e+38
1.4181292608450384,12.66715852991101,0.16537031265433766,0.08917242609024442,2.904889580330307e+29,480.67505649510565,1.6566811893474081e+38
1.4199344173518047,12.651479619167297,0.16578601824532238,0.08921299012876562,2.888269499452242e+29,474.89470962611057,1.6571901593022495e+38
1.4234719090544279,12.641256882428804,0.1663334439223823,0.08850731353734675,2.853865225373092e+29,463.4362501995621,1.6589031568093514e+38
1.4252044509944533,12.629958272586308,0.1666848733830798,0.08836193912082309,2.8364676439043137e+29,457.8181767914994,1.6593082968318155e+38
1.421715494169502,12.653086134066433,0.16597289421329278,0.08864178735665235,2.871599334607837e+29,469.2036796213151,1.6584202396104044e+38
1.4269128851235924,12.630544264506408,0.16687694081465476,0.08777136711156718,2.818163632669918e+29,452.1473142374957,1.66018513834793e+38
1.428597900206983,12.617289287472298,0.16724952076781202,0.08766966950037816,2.8001589829308573e+29,446.6154061766401,1.6602955616171369e+38
1.4302565090719026,12.609884305226899,0.16754202726982773,0.08734027133134277,2.7814615700642046e+29,441.06687950363,1.6605839408249621e+38
1.4318924327441898,12.601779532066132,0.16784153849233405,0.08702837713621166,2.7626335980196007e+29,435.5844498239203,1.6607441323283968e+38
1.4335036309083673,12.590560313399415,0.16818012645878472,0.08681081397242661,2.7434821231431755e+29,430.1393711018425,1.6606542449516514e+38
1.438194599678954,12.56909237153621,0.16901866650063802,0.08568533862534079,2.6849062401856368e+29,414.13496928235054,1.6604212440885352e+38
1.4366549844422907,12.573052503029318,0.1687845499561222,0.08618098437994068,2.7046938479459834e+29,419.42734470681154,1.6604341659032189e+38
1.4350915057548528,12.583280119713791,0.16846382779928692,0.08644997598142211,2.724188890532642e+29,424.75675651017895,1.6606636473369759e+38
1.4397117424868822,12.563350887952257,0.16927428671864744,0.08524415284320702,2.6649868120073327e+29,408.90119309534344,1.6602341826998135e+38
1.441205336685342,12.551637905194665,0.16960802410750866,0.0849894248240361,2.6446604324707558e+29,403.68411225931237,1.6596639564016253e+38
1.442676591654078,12.539744143486516,0.16994220344310967,0.08474697148959333,2.6246450657914647e+29,398.5902796753777,1.6589993636957309e+38
1.4441256603351218,12.529399329463342,0.1702533511791139,0.08443043464173779,2.6040738561450727e+29,393.4861226991515,1.6583283230180247e+38
1.4455536020302164,12.521624271965203,0.17052751655906928,0.08402795112608423,2.583628887577812e+29,388.47240865359976,1.6577054493002081e+38
1.4469602412636304,12.513059857732946,0.1708102825608089,0.08364062403814498,2.5629367710106124e+29,383.49168316470127,1.6569646999750176e+38
1.44834651087026,12.503554694008267,0.1711039023086928,0.08327379063405656,2.5420192931248413e+29,378.5449901480841,1.6561017695932876e+38
1.449711921423364,12.491159524059315,0.17143515747554824,0.08298354819690779,2.5206282041550745e+29,373.59520008127777,1.6550183239156456e+38
1.4510584106864868,12.481767580918882,0.17172350278117446,0.08260073133996212,2.4995818766095182e+29,368.7601141551038,1.6540149698462316e+38
1.4523865156335607,12.464596269935539,0.17211745949154755,0.08247611192447098,2.4786903594288738e+29,364.0091366453646,1.6525522677274443e+38
1.4536957823175962,12.46301910688183,0.1722944169564135,0.08181106699897235,2.4571483532646542e+29,359.2235281497136,1.6518067072076058e+38
1.4549871815774298,12.443816224140503,0.17271359092335026,0.08172943859408784,2.435844028301925e+29,354.5313854324086,1.6501076460615904e+38
1.4562615126645626,12.432010506958582,0.17302901617912886,0.081398821268778,2.414504258687226e+29,349.89051103667816,1.6487194602554496e+38
1.4575193822196737,12.421859127522668,0.1733199975450206,0.08100637497491575,2.3930689616182186e+29,345.29045081136053,1.6473555599583336e+38
1.4587615619021674,12.412928736831592,0.17359251063228034,0.08057076807458843,2.3716567376242416e+29,340.7464368349103,1.6459973964958301e+38
1.4599881591933594,12.404355336386091,0.17385855678483822,0.08012409883723931,2.350375049622904e+29,336.27265128027375,1.6446024050042641e+38
1.4611986161868977,12.392673365114668,0.17416672452377505,0.07976251252318606,2.3287713989584236e+29,331.80402125482675,1.6429934173277009e+38
1.4623955187607245,12.381754257901557,0.17446310698978712,0.07937685563204075,2.307319889432022e+29,327.40448139181683,1.6413741824267674e+38
1.4635790468171928,12.363921200199437,0.17485614122997503,0.07919937813195056,2.285630018487455e+29,323.01750798371427,1.6393533432961112e+38
1.4647489573966723,12.352009060909863,0.17516467642660186,0.07883805884624119,2.264263405602687e+29,318.72197477874187,1.6375876617361291e+38
1.4670500418250503,12.331572303530587,0.17573060719452327,0.07798115593646447,2.2211861364623903e+29,310.2139768938653,1.6340973290894498e+38
1.465906259543289,12.342713890321532,0.1754350934534387,0.07837958559053597,2.2426385853391633e+29,314.43388462097715,1.6359123359815032e+38
1.4681835270863504,12.313503823780719,0.17612444298784782,0.07779921369955212,2.1998165896486624e+29,306.0453501796798,1.6318876376154439e+38
1.4693043881579537,12.302210781351231,0.17642070248439876,0.07739727356441654,2.17843446066364e+29,301.9163746763038,1.629986052843077e+38
1.4704149468759697,12.292393719922682,0.17669504944416797,0.07695012021167061,2.1572209546071975e+29,297.8489918414893,1.6281258015114906e+38
1.4726036518880652,12.261232149635193,0.1774077929459224,0.07640203307163396,2.1148448356673414e+29,289.83457425695246,1.6237032978911357e+38
1.4715147232269021,12.281166730852547,0.17698885494331507,0.07654285126093333,2.13602233941773e+29,293.82164047256543,1.6261575989747154e+38
1.4736837253492008,12.250564631885116,0.1776925078092387,0.07596437571602749,2.0935990856653473e+29,285.8729943159663,1.6217007845336766e+38
1.4758153131414904,12.221821097773484,0.17836803389814895,0.07531843687046472,2.05155860146317e+29,278.1153202406587,1.6172225414813374e+38
1.4747546712974178,12.243271375697033,0.17792756683524044,0.07542255339914822,2.0724861063505483e+29,281.9640715286784,1.6198456821211633e+38
1.476868465447317,12.213037786264591,0.17862368796759145,0.07482607384722534,2.0308342510698977e+29,274.3256646363527,1.6152368371408532e+38
1.4779121902486154,12.20002724380973,0.17894054924035846,0.0744604533507819,2.010169576990073e+29,270.5768190689038,1.6130038466161005e+38
1.4809996315756655,12.160577047304356,0.17989608081333888,0.07334544746631387,1.9482608262163293e+29,259.5215303608261,1.6061590030092308e+38
1.4799791214294675,12.174109249685968,0.17957229334450708,0.07370625788718992,1.968762612976197e+29,263.1579276351518,1.6084836098618708e+38
1.4789500687010921,12.185077505607302,0.1792859063861143,0.07413857269557202,1.989247027706247e+29,266.8223507477526,1.6106513079118919e+38
1.4820142465383763,12.141487650537277,0.1803023599823049,0.07315315674048183,1.9279492663479796e+29,255.93799090128172,1.603526167375331e+38
1.4830226985103883,12.132033314735045,0.1805656514882388,0.07266716665594633,1.907696203680505e+29,252.38949352370733,1.6013848980548972e+38
1.4850185983603588,12.108473890855409,0.18116046148487178,0.07183760687578,1.867677650384901e+29,245.4389620001805,1.5968087285115226e+38
1.4840246945627367,12.113852633776942,0.18095882883888642,0.07244560214447288,1.8876717411770847e+29,248.89827297983214,1.5987677465204343e+38
1.486010067292047,12.094871474875982,0.18148528973477765,0.0714759016815358,1.8478595071160954e+29,242.02556247865775,1.5944101831241318e+38
1.4879715273489298,12.059369586244054,0.18225982581307132,0.0709928125703701,1.8085912524326875e+29,235.32516333726284,1.5891275023245359e+38
1.4869924697091916,12.079148796955966,0.1818416541044013,0.07117283238279895,1.8280956799262452e+29,238.64707951126655,1.5918799137596275e+38
1.4889458285596069,12.052444156266043,0.18248396330080072,0.07043112102536075,1.789135601675281e+29,232.03303392504898,1.5870503249880818e+38
1.4899157076575424,12.034338691135174,0.18287755384034182,0.07020213085650343,1.7699641166646784e+29,228.80052441023665,1.5843711737742206e+38
1.490879798838022,12.02460528996178,0.18314401712904887,0.06973408408527594,1.751064992940021e+29,225.6265291387234,1.5821284339314007e+38
1.4918388218549912,12.003187395069238,0.18358882966363585,0.06958675322246376,1.7318589685430795e+29,222.43547313532596,1.579254480579882e+38
1.4927945279717145,11.994139798006833,0.18384501703422615,0.0690890707540046,1.7130021224649613e+29,219.3101725259504,1.57703917069176e+38
1.4937447662074224,11.981865530593435,0.18415049496347136,0.06868843056040452,1.6943722000484153e+29,216.2359416649295,1.5746445728060746e+38
1.4956363109477329,11.95200303873454,0.18484437567724277,0.06804020986489252,1.6575709857969053e+29,210.20506773279078,1.5695686543214837e+38
1.4946930517239063,11.962544638050392,0.18456501379781504,0.06849919616641387,1.676124789129903e+29,213.2295147520499,1.571873328028029e+38
1.4965765889124643,11.93537542952563,0.18521825917579687,0.0677723329779588,1.6395923189607815e+29,207.272739106216,1.5669373555864733e+38
1.497511531524567,11.921904323867622,0.18554338622455696,0.06740605126627285,1.621548954683683e+29,204.35263195956568,1.564471464060335e+38
1.4984438100962434,11.910704967969354,0.18583346729879563,0.06697366278468941,1.6035939320141957e+29,201.46200027974783,1.562130723583394e+38
1.5002997292288225,11.882475597835523,0.18650566809451274,0.0662900508605646,1.5685054243704747e+29,195.83797879361168,1.5571422619230627e+38
1.4993738690893224,11.893683876447186,0.18621492299866013,0.06670778135794206,1.5858476745945075e+29,198.6153585733389,1.5594792724869657e+38
1.5012228480266017,11.86459104103089,0.18690173270630156,0.0660508290154223,1.551119137151963e+29,193.07248032193172,1.554446622177033e+38
1.5021412098334175,11.847383080591971,0.18728770353974386,0.06578974500105712,1.5338164016308417e+29,190.33586121312132,1.551786224441651e+38
1.5030586702016455,11.839676607419957,0.18752407340913688,0.06527919732209542,1.5169701092445397e+29,187.67153472495374,1.5496517656201266e+38
1.503972638979598,11.818464129618425,0.18797488561091852,0.06513940928156846,1.500209945124931e+29,185.03479815614352,1.5467837939547407e+38
1.504885010194785,11.804240656599072,0.18831555584989146,0.06480268045475222,1.4834955996410645e+29,182.41927635692798,1.5443041522026032e+38
1.5057934028837474,11.793335798845106,0.18860346211733384,0.064374207752409,1.4668923300526554e+29,179.83421975677115,1.5420086906235382e+38
1.5066986059704026,11.779943211856395,0.18893139219841654,0.06402411423900754,1.4506497925811518e+29,177.30937366198125,1.539581564516228e+38
1.50760250234214,11.760531815523516,0.1893567642372269,0.06383209493998025,1.4344219455899274e+29,174.80092261337094,1.5368328017146777e+38
1.5085052265599581,11.752657681911272,0.18959709015907814,0.06334031286139663,1.4186120841212344e+29,172.35766684110197,1.5347274897128162e+38
1.5102998191924724,11.720547584787486,0.19034269023118325,0.06278285860065448,1.3870228486041419e+29,167.5208280327431,1.52962997674162e+38
1.5094038452691634,11.732476557775932,0.19003635511865868,0.06316850807517474,1.4026590325770824e+29,169.91272313628482,1.5319480604721435e+38
1.511195051905213,11.704853304070522,0.19071088565808858,0.06250315144629147,1.3716231549875248e+29,165.17078816813586,1.5271147027788617e+38
1.5120854050401409,11.690133153634198,0.19106353065462003,0.06220076179300816,1.3564257026208958e+29,162.8603825721716,1.5246554037313066e+38
1.512977532238316,11.675432845384323,0.1914169640069148,0.061896448323140445,1.3413240076226659e+29,160.57293722399666,1.5222139692782584e+38
1.5138635639400755,11.659711727268329,0.1917873058720561,0.06161799325804532,1.3263240152097952e+29,158.31315319127728,1.5197154220917207e+38
1.514749672737204,11.650834016323573,0.19204578838310882,0.06116285440643908,1.3115227796411818e+29,156.0890901798721,1.5176115013614406e+38
1.515634274660218,11.63224063266857,0.1924650936471959,0.06096082617940013,1.2967932764170558e+29,153.88621166431923,1.5149767632284121e+38
1.516514103430616,11.617762341705387,0.19281681316173382,0.06066006327991379,1.282384667444367e+29,151.7354638779576,1.5125745131912804e+38
1.5173950981940647,11.60070753637641,0.19321246175774426,0.06042610997844276,1.2680899016232342e+29,149.60899578942616,1.510044539875218e+38
1.5182724610982674,11.589638041811424,0.19350882562727684,0.060038870290326854,1.2539634912337598e+29,147.51540174297475,1.5078571328034531e+38
1.5191481061416703,11.579065133649374,0.1937972253528093,0.05964260888704203,1.240015557297618e+29,145.45464637077347,1.5057095407015753e+38
1.5200211984312963,11.55810707908798,0.19426021554508785,0.05951694384696274,1.2262448822172948e+29,143.42670851221715,1.5029872284902233e+38
1.5208930859114562,11.551704685994915,0.19447937176989807,0.059020387464829197,1.2126499765905231e+29,141.4305019045572,1.5010985392118823e+38
1.5217611945295269,11.528534587741357,0.19498146697861163,0.058953399597585596,1.1991745577561416e+29,139.46040666033275,1.4982706168199316e+38
1.5226279665568836,11.520028519033636,0.19523657635177627,0.0585088237147628,1.185747329989928e+29,137.50680503280697,1.4962855010753499e+38
1.5234927180503062,11.501483425216772,0.19566243772433112,0.05832753588636477,1.1725893255827204e+29,135.59543553121114,1.4937434752058862e+38
1.5243540168892837,11.490345916579354,0.1959628158820206,0.05796630260816015,1.1596959314446191e+29,133.7260398324717,1.491630938430486e+38
1.5252133204802087,11.47958312528334,0.1962571137187897,0.05758871201011956,1.1467558616581544e+29,131.86182090879987,1.4895523289422933e+38
1.5260709398808008,11.460323592948924,0.19669747144494787,0.05743254153581334,1.134084605501951e+29,130.03878135166175,1.4870023040338584e+38
1.5269255339742507,11.450636189822522,0.19697412338493356,0.05704924804198818,1.121762774730926e+29,128.26636390154965,1.485008375878658e+38
1.5286295502270089,11.422314048196686,0.1976828935482481,0.05648711542179094,1.0970410984847948e+29,124.74199681485361,1.4805469561328248e+38
1.5277786076976834,11.429665761155373,0.1974457678876597,0.056935695669424184,1.1093160614686832e+29,126.4894270914578,1.4823815260048387e+38
1.5294768801756378,11.402152468461626,0.19814221228742177,0.056369351911122044,1.0851262742642356e+29,123.04578587719153,1.4779850910797077e+38
1.5303215746318632,11.386780345107933,0.19851928080803186,0.05612014077494966,1.0730661229372659e+29,121.3428041122775,1.475708443201787e+38
1.5311668353206502,11.379092722411617,0.19876312341396207,0.0556928291944325,1.0613056574048444e+29,119.68203301079949,1.4738928884911598e+38
1.5320085281411302,11.36124389893544,0.1991848187853101,0.05551106356729414,1.049571384629643e+29,118.03399729225715,1.4714992481234887e+38
1.532847657705687,11.352355958753956,0.19944994899663893,0.055123886048464465,1.0381804453716191e+29,116.43375917088778,1.4696352083952067e+38
1.5353480256297225,11.305946710719088,0.2005953382158787,0.05444182722788395,1.0045472773678909e+29,111.74735550565849,1.462962666467168e+38
1.5345167582017496,11.317132474212116,0.20028857249214851,0.05476994424351423,1.0156108085010464e+29,113.28441950648943,1.464925485884219e+38
1.5336853023386863,11.333629101728247,0.1998886775773846,0.05497459520490141,1.0268571648712553e+29,114.84968467935813,1.4672144368085417e+38
1.5361797408859978,11.293781534895993,0.200920192683292,0.054143616460337066,9.936814687106435e+28,110.23971242666913,1.4609608390038445e+38
1.5370056181666192,11.282161674995407,0.20123525631440245,0.053832943682057606,9.82907707094232e+28,108.75181487740724,1.4589961287221785e+38
1.5378290968477262,11.261330585433795,0.20171551403161855,0.05374557657626105,9.722865593524916e+28,107.28894155517953,1.4565031588499464e+38
1.53864922291067,11.248551351988596,0.20205237595446984,0.053467092592968016,9.61772959721804e+28,105.846256119673,1.4544922876231315e+38
1.5394665857069205,11.238458505885262,0.2023412626201145,0.05312728620491441,9.513807981657794e+28,104.42490643026429,1.4526514211051654e+38
1.5402823407662523,11.226620134608911,0.2026619622936697,0.05283141940304771,9.411101045927521e+28,103.02433090314851,1.4507219639496581e+38
1.541095533793835,11.207536320039498,0.20311422594123194,0.0527148886092745,9.310801871084466e+28,101.65771033434571,1.4483756617547597e+38
1.5419041997799858,11.197402025484054,0.20340473353142538,0.05238698505316188,9.211127164141736e+28,100.30599005469801,1.4465665443994036e+38
1.542710614292541,11.184426835336865,0.2037472097529964,0.05212704444671512,9.112442126460643e+28,98.97226123736574,1.4446016896199163e+38
1.5435158084701839,11.167713452462316,0.20415863575276497,0.051951631769710786,9.014123845328716e+28,97.649305564058,1.4424286918078243e+38
1.5443176514550339,11.160802752393451,0.20439117381737773,0.051561549822075836,8.918794227823051e+28,96.36604041787885,1.4408496934636965e+38
1.5451148417537726,11.140293527364095,0.20487315970767253,0.051478697196793696,8.822948295394232e+28,95.0847701125535,1.4384663592290658e+38
1.5459096546428828,11.136283145755355,0.20505236379944947,0.05104148633646478,8.732279997347001e+28,93.86596580298324,1.4370818467101034e+38
1.5467019660321737,11.118892116696594,0.20547834369596216,0.05087692408423448,8.636374098972026e+28,92.59750951123516,1.4349081151690814e+38
1.5474915524395116,11.109229208283478,0.20576205790147412,0.05056450443607471,8.546108636266033e+28,91.39617533842555,1.4332092069011652e+38
1.5482772888120468,11.088359232384496,0.20625400533632357,0.05050618519280352,8.456370866781953e+28,90.20723111917144,1.4308445207599498e+38
1.5490591456509808,11.078151097612482,0.20654831245869698,0.05020708362208277,8.3676678741511e+28,89.03596722323378,1.4291310740151247e+38
1.5498386305919343,11.069287413982488,0.20681772323934441,0.04987931179137611,8.279837057456844e+28,87.88007710022451,1.4275110597114799e+38
1.5506145376214522,11.056968256806137,0.20715180590593282,0.049629411615007515,8.192613327589792e+28,86.73697037697097,1.4256920737862864e+38
1.5513868170518461,11.037429947388235,0.20762185727136212,0.049547608922656,8.10709980136803e+28,85.61819811010584,1.4234437773781847e+38
1.5521562617321292,11.028133571614774,0.2078999375471943,0.04924933403665015,8.02441659663297e+28,84.53514634132988,1.4218286087315247e+38
1.55292102646257,11.016424186245297,0.2082234584210017,0.0489925189750349,7.940284015492646e+28,83.44306211883556,1.420073939301123e+38
1.5544428601978963,10.985448144411066,0.20901522368932246,0.04865985722155678,7.77611616044786e+28,81.31861533968375,1.4161359569263213e+38
1.5536856977121665,10.999939226036052,0.2086381952609814,0.048854379162284314,7.858830908394096e+28,82.38405277834222,1.4180438187777205e+38
1.5551986318183577,10.977329860686972,0.2092714994463472,0.048344086745626146,7.6971500159918695e+28,80.29743473635266,1.4146325899995567e+38
1.5559514124020117,10.967868291186344,0.20955341359896706,0.04805829649306547,7.61872893942989e+28,79.28726080776298,1.4130577539354579e+38
1.5566990179300597,10.95508580192486,0.2098987263164916,0.047835908913805264,7.5393857499788325e+28,78.27331998467824,1.4112845922459136e+38
1.557443903662818,10.934861213279028,0.21038756782723375,0.047786094976290744,7.462269604894391e+28,77.28761715364229,1.4090617547551351e+38
1.5581865600518157,10.924891647368895,0.2106799714920114,0.04750895596602336,7.385232899568937e+28,76.30763136938675,1.4074836190991683e+38
1.55892275267795,10.91160417401988,0.21103618513470565,0.04732409116969716,7.311867552560556e+28,75.37136581807907,1.4057028122496223e+38
1.5596582842055877,10.904250287538295,0.21127814742556486,0.04699303460812466,7.236283365498533e+28,74.41651556895344,1.404305143874898e+38
1.5603899865836006,10.887194022816622,0.21170841816866098,0.046899417641900726,7.165562369920663e+28,73.51662391507628,1.4023120852491472e+38
1.5611164752185906,10.873707528164273,0.21206968667563614,0.04670330079339869,7.091511813796599e+28,72.58775138089847,1.4005458933812716e+38
1.5618404581490133,10.865517883140466,0.2123279530416374,0.046408793243634026,7.020296384008956e+28,71.69240540804286,1.3991214394794446e+38
1.562559278426902,10.853210565507725,0.21266656104657464,0.046208096738815936,6.950439105440074e+28,70.81590019337226,1.3974451102110962e+38
1.5632764605659437,10.836063555220084,0.21310084904664903,0.04610145301072264,6.879792641766972e+28,69.9354629686335,1.3954764611729586e+38
1.5639873083008253,10.822816121888994,0.21345870961830837,0.04592673653328026,6.811927282315622e+28,69.08836715431458,1.3937552323648795e+38
1.5646964324912571,10.814575848300072,0.213718214213602,0.04563662985796366,6.743168892135971e+28,68.23616695944133,1.3923618728322876e+38
1.5654006954746282,10.803016493207656,0.21404319178076367,0.04543262637914336,6.677225700599704e+28,67.41701070622759,1.3907651994330248e+38
1.5661017107737982,10.784992217261085,0.21449692132163603,0.045362760345406886,6.611525407053366e+28,66.60439672792018,1.388767131572136e+38
1.5667983475111105,10.774833008183935,0.21479466582899837,0.04512496456668521,6.545949212027675e+28,65.79731247203969,1.3872742915381849e+38
1.5674898543398494,10.762945441895917,0.2151268087858635,0.04493906586331434,6.483100469273277e+28,65.0219675577547,1.385676707630722e+38
1.5681791600875319,10.754754398493617,0.21538532816441788,0.04465873058507985,6.418179761277431e+28,64.22949890672318,1.3843259586365658e+38
1.5688629914430157,10.742870476131218,0.2157176169592476,0.04447324673575729,6.356287774097347e+28,63.471608888054774,1.3827442025113918e+38
1.5695435796951518,10.733602724871446,0.21599753599009533,0.04423115006617796,6.294465160691524e+28,62.718113689220374,1.3813386313091846e+38
1.5702198844942397,10.723331294253942,0.21629759189835818,0.044018164709074624,6.234240704825662e+28,61.984378408104774,1.3798757831054771e+38
1.570891455926788,10.711038390032543,0.21663844857544262,0.04383194719741834,6.172365867556091e+28,61.23811595764934,1.3782889795929858e+38
1.5715596745076506,10.693826798582993,0.21707942665635804,0.043768680473017726,6.114095249636976e+28,60.53114170860569,1.3763926907811153e+38
1.572223260728165,10.683025445278584,0.21739066430305626,0.04356567884041631,6.055065103049741e+28,59.820326381165415,1.3749150485289119e+38
1.5728838364383078,10.675645443190849,0.21763234568419898,0.043296608664955216,5.99691103350826e+28,59.12149483220981,1.373667985174855e+38
1.5735383647644205,10.663585169317102,0.21796914930105357,0.0431299152931662,5.940155751419785e+28,58.44026815676941,1.3721207640788535e+38
1.574189017140182,10.65279539581803,0.2182801419256942,0.042931353299497224,5.882954979201816e+28,57.758004760542995,1.3706628548166786e+38
1.5748365250629768,10.634553536289806,0.21874450499741155,0.042883884601802716,5.826308083555337e+28,57.084355125374586,1.3687272229954488e+38
1.5754784423503134,10.623358254694578,0.21906428207463619,0.04269937995077273,5.770769445772471e+28,56.425114158063025,1.3672533278178264e+38
1.5761169556285743,10.613516291900545,0.21935628656786882,0.0424916711658906,5.716145615402352e+28,55.777895674640455,1.3658755504893857e+38
1.5767510028118152,10.604384031624882,0.219633510929908,0.04227110660582385,5.662052212781945e+28,55.13905748024464,1.3645496951457137e+38
1.5773805595370545,10.592191051878572,0.21997413250712192,0.04213174569677116,5.6110158982452725e+28,54.53309250243251,1.363028180295157e+38
1.5780059930886807,10.581072212162882,0.2202925982004578,0.041961637386823084,5.559091665374937e+28,53.92145984786657,1.3615826364149403e+38
1.5786274997258645,10.572041693462612,0.2205676072570321,0.041746721122359595,5.5070589333421e+28,53.31169024006451,1.3602808228163892e+38
1.5792442384648748,10.561448276916552,0.22087510035819774,0.04156574979495271,5.45576956508368e+28,52.71212941298151,1.3588802467777407e+38
1.5798568406143496,10.550889856373894,0.22118189816128248,0.04138340270018484,5.4047381889438615e+28,52.11791509174671,1.3574874091701062e+38
1.5804655152659957,10.541237243951507,0.22146972768685383,0.04118773246568581,5.3546222634293365e+28,51.53529492859568,1.3561606310203067e+38
1.5810695566689545,10.521036853995563,0.2219797560394466,0.04120054963679338,5.305163054548053e+28,50.961816756781175,1.3541360141407468e+38
1.58166935444731,10.511405779463361,0.22226743282148653,0.04101098192523428,5.256627394220849e+28,50.39990773618485,1.3528191819145429e+38
1.5822655801974779,10.502927931950303,0.22253069815643536,0.040796224996889355,5.20804733809354e+28,49.84011858073954,1.3515861430366146e+38
1.5828560713898667,10.492547092339738,0.2228339888793444,0.040631872047994746,5.16148280502903e+28,49.3024385634378,1.3502280055202032e+38
1.583442652737737,10.481919102868705,0.22314259063294936,0.04047711386293309,5.1158355287294375e+28,48.77597116435374,1.3488590118719625e+38
1.5840254619728573,10.474648094969615,0.22337967362761882,0.04024296070316659,5.068624853255515e+28,48.237012800033476,1.3477213616281785e+38
1.5846024629720044,10.46206028866641,0.2237299076922822,0.04012972882452626,5.024065978300249e+28,47.725968328193865,1.3462282218780146e+38
1.585744472405858,10.44120753368438,0.2243382942157329,0.03979839733457699,4.9331263745243905e+28,46.6935891626164,1.343547791058833e+38
1.5851761522157766,10.453277726942526,0.22399894671669354,0.039935863052256576,4.978844207058872e+28,47.21086245862471,1.3449978026112542e+38
1.5863089841588125,10.43227899634229,0.22461022658446364,0.039613762575153574,4.889281891491256e+28,46.1963013246711,1.3423154137637064e+38
1.5868685154317341,10.420675952113642,0.22493963583359397,0.039484885870189494,4.846334198792151e+28,45.709838773560165,1.3409047516098188e+38
1.5874237725498408,10.410245040140602,0.22524380894973514,0.03933274726127258,4.8035471709439525e+28,45.2270965771082,1.3395776060024621e+38
1.5879751997406324,10.401077193053775,0.22552065860173506,0.03915948027679669,4.761365648445882e+28,44.75216027025813,1.3383413045148354e+38
1.5885218013889737,10.391044653369686,0.22581610057827625,0.03899781852740086,4.718884926422571e+28,44.27662778538744,1.3370491014733147e+38
1.589063509143407,10.378560726396127,0.22616482413097266,0.03887401050649852,4.675714862974038e+28,43.79684163282601,1.3355916843909561e+38
1.5906644044583849,10.349566372362226,0.22702691295922214,0.03841678639472505,4.556536151785417e+28,42.466166174132525,1.3318221916452457e+38
1.5901361455659202,10.352892925189156,0.22687859421675777,0.03867999866696086,4.595132930871407e+28,42.897064974704556,1.3326408635612287e+38
1.5896026700583903,10.362716613450369,0.22658747351997147,0.03884202306719347,4.6363153514936555e+28,43.354192115022585,1.3339093509995364e+38
1.5911891909446265,10.339417509270577,0.22732472924082966,0.03827593344827171,4.51761452722839e+28,42.03403865758509,1.3305388488268626e+38
1.5917100128792878,10.321020879521557,0.2278044622600075,0.038279581448189534,4.477993728194735e+28,41.597265993205085,1.3286881957190117e+38
1.5922261295569122,10.320876707097861,0.22788151176491986,0.03796695900281475,4.441112561774188e+28,41.187847375825505,1.3281038777885659e+38
1.5927372249500904,10.309300855308543,0.22821062048380159,0.037843703567770046,4.401925804727445e+28,40.758961869266344,1.32672969718882e+38
1.5932449667562132,10.291192577802583,0.22868505585080354,0.03785034670776797,4.3641674432894735e+28,40.344996022928946,1.32490465977511e+38
1.593748332423762,10.282480957261601,0.2289511159354059,0.03768834660875373,4.327127301250789e+28,39.939442912878995,1.3237360236323381e+38
1.5942463014664041,10.280577551284667,0.22906505464000354,0.03741445588634573,4.291706546454639e+28,39.55068190054753,1.3230443967425533e+38
1.5947399795782733,10.26987184713564,0.2293748475200415,0.03727923729072275,4.253977191812124e+28,39.142340888246856,1.3217413670773374e+38
1.5952293332347354,10.258309498363921,0.2297038446752644,0.03715877225859136,4.2164151257336965e+28,38.73724905724644,1.3203805994177315e+38
1.5957150021216426,10.249985754643763,0.22996037143949513,0.036999156861559704,4.1812983187040265e+28,38.35619881665523,1.319250692944988e+38
1.5961959174219742,10.239067406591072,0.2302749670260904,0.03690119981832882,4.148064634825558e+28,37.994049499143046,1.3179403023642203e+38
1.596673061723596,10.230379515306208,0.23053941583120152,0.03674850371334187,4.113404348651199e+28,37.62031778582278,1.316790316555407e+38
1.597145416484337,10.221673791563695,0.2308040246878348,0.03659793044556118,4.079149569717603e+28,37.25189585891462,1.3156407510809156e+38
1.5980766517479665,10.200035107326414,0.23142851841845027,0.036385722671836505,4.012752325553149e+28,36.538891747789826,1.3130484394662937e+38
1.5976132618797367,10.210652434252683,0.23112083555195811,0.03649529811626137,4.045827846383017e+28,36.89352585138645,1.3143294834744198e+38
1.5985359573900988,10.190057666748402,0.2317216984959541,0.03626875374787542,3.980327973046312e+28,36.191606212305416,1.3118151064619252e+38
1.5989906955742124,10.178916896548278,0.2320413070622308,0.03615385976555168,3.946076767569527e+28,35.829182108657385,1.310500342236239e+38
1.5994413389049449,10.168848289477271,0.23233652190271006,0.03602431488006547,3.912529163337828e+28,35.474562880118626,1.3092640245553213e+38
1.5998874036120978,10.157514093514601,0.232660641225808,0.035953253468091154,3.883098272457921e+28,35.15866157710537,1.3079383818453355e+38
1.6003302183090524,10.150098868220242,0.23289505562062923,0.03578499948976826,3.8508393007624184e+28,34.81836820613314,1.3068969025420499e+38
1.6007676084855718,10.13912887390269,0.23321075758334586,0.035710038893749144,3.8220516928875467e+28,34.5108904718491,1.3056003393937206e+38
1.6012013518812023,10.129402756440884,0.23349793481813377,0.03558849772063486,3.790808716752757e+28,34.18244925596416,1.3043957695298819e+38
1.6016304346880381,10.127467655351545,0.23360513401800723,0.035311048574050485,3.7576641006065474e+28,33.8382145190857,1.303753639546718e+38
1.602055642403476,10.118583467436897,0.2338723139247149,0.03518759773378525,3.7281315488222595e+28,33.52774127928695,1.302613935326502e+38
1.6024760123957786,10.10674332276573,0.23420773614917834,0.03512660879541077,3.6999463131159066e+28,33.23064599095545,1.301261289666228e+38
1.602893236540956,10.099120602000335,0.2344455387970998,0.034970958409115425,3.669681263436407e+28,32.91595123484972,1.3002167622641031e+38
1.6033059285456677,10.090568092697442,0.23470466201789594,0.03483901531821724,3.6403821496401966e+28,32.611143805318775,1.299106145120363e+38
1.604117935423018,10.06926925820426,0.23532023614077613,0.0346759433553184,3.5852634493431704e+28,32.03617432130161,1.2965829816882556e+38
1.603713425782895,10.077643453018194,0.23506540137831983,0.03480211291155324,3.61329627855278e+28,32.32740145322867,1.2976775941698746e+38
1.604517079392713,10.05708530369811,0.23566394622061398,0.03458266173087592,3.554038294496368e+28,31.717681154836853,1.2952096577549457e+38
1.604912853882987,10.047617106912679,0.23594420431013902,0.03447722803182972,3.5265556537095083e+28,31.433628261444202,1.29403683019622e+38
1.605692093122502,10.028249713210997,0.23651465957329612,0.03431082913399917,3.475841220273662e+28,30.906486245945477,1.2916630174647344e+38
1.605305067950139,10.038711706373016,0.23621122380873233,0.03437117058305277,3.500154797132428e+28,31.1602128546177,1.2929074637351572e+38
1.6060758995747813,10.019589711265025,0.23677566350718351,0.03419272905516465,3.448946620334471e+28,30.630719226278924,1.2905535568094214e+38
1.6064553081541766,10.010539830773432,0.23704570190261956,0.03407665284981432,3.421743391519165e+28,30.353253241126634,1.2894159322808343e+38
1.6068300596298977,10.009082923373699,0.23713551164010407,0.0338138847552151,3.3928879866210984e+28,30.062204957442,1.288838891319527e+38
1.6072014434796726,9.999125697392278,0.23742651677311366,0.033733249670200124,3.3679942180687667e+28,29.807174905570882,1.2876374541721415e+38
1.607931032254658,9.977987567598579,0.2380375072613633,0.03358093697919893,3.3174976155894045e+28,29.293723791944632,1.2851435947517182e+38
1.6075679770694107,9.988351768747735,0.23773682191119339,0.03366909736547564,3.3435177665812607e+28,29.556836615387702,1.2863746735966613e+38
1.608290625496344,9.970053979176646,0.23828020005848957,0.03346191850425067,3.2926184141593923e+28,29.041550407224584,1.2840946164880626e+38
1.6086454223182618,9.958676693756024,0.2386050489967622,0.033390991219820455,3.266935012034582e+28,28.7832550345155,1.2827887795067279e+38
1.6089966546712062,9.949303843516125,0.23888197569711794,0.0332888549832801,3.2416441962473737e+28,28.529271816783652,1.2816334083447876e+38
1.609343754018934,9.948762935372985,0.23894649896361955,0.03306807609525537,3.2192696668731003e+28,28.30181651968752,1.2811386237301458e+38
1.6096862410575499,9.937187573253585,0.23927574631755683,0.03301282231710459,3.195237243516328e+28,28.06066751126583,1.2798197142233894e+38
1.6100254315259035,9.927924709827352,0.2395494600706819,0.03290774866228605,3.170250383210424e+28,27.811917406804408,1.2786752981356698e+38
1.6103605810683157,9.918282310637442,0.2398322603986217,0.03281237877696231,3.145741720894695e+28,27.56820273738811,1.2775028890643298e+38
1.6106922168107909,9.908969383997077,0.24010710349744196,0.03274411333435545,3.124486732922776e+28,27.35375370375143,1.2763565931089724e+38
1.6110190582234802,9.899161534864847,0.24039376656044095,0.032684316204071445,3.1033765662188664e+28,27.14139299878126,1.2751720190378874e+38
1.611342015271935,9.89821123638153,0.24046504184389492,0.03242925980511094,3.077681275477073e+28,26.889704725221776,1.2746568884236867e+38
1.6116611622385564,9.887972933017892,0.2407617030535801,0.03236324074690464,3.0555638677576242e+28,26.67004272368852,1.2734423797752307e+38
1.611976441665727,9.87757661841147,0.2410622570864163,0.03231779055207078,3.0352657043366825e+28,26.46697517649345,1.2722164354274982e+38
1.612287411364721,9.868024338359024,0.24134215497792674,0.03223496517695765,3.012876170224656e+28,26.24641641431344,1.2710544704691652e+38
1.6125941248757636,9.857527410843405,0.24164511220276805,0.032160092105968395,2.9899248183521635e+28,26.021717023184028,1.2698212168839318e+38
1.6128966781357545,9.85690207760297,0.24170578253247813,0.0319453142724537,2.9690150079305824e+28,25.815509649875626,1.2693404188968557e+38
1.6131950492810085,9.846926546705344,0.24199540373636425,0.031883958334557226,2.9483479918361013e+28,25.612111673419044,1.2681500896354637e+38
1.6134889239325447,9.837214443060704,0.24227844907794072,0.03181980389429675,2.9279335074444814e+28,25.411617823853195,1.2669805287984498e+38
1.6137787396750813,9.828320098719702,0.24254126160737507,0.03173656360205253,2.9070960448886426e+28,25.2081212807064,1.265875259191892e+38
1.6140633952162273,9.817340390533351,0.2428553494904967,0.031669591314106287,2.8847934456907013e+28,24.992679980696494,1.2646103420771449e+38
1.614343734077907,9.818326434705229,0.24287313591830098,0.03145361967419688,2.8665596570017204e+28,24.81315396354611,1.264265158939073e+38
1.6146194118076205,9.808162607303471,0.24316633400976795,0.03141380767217441,2.848143614199849e+28,24.63270379239958,1.263067148362792e+38
1.6148903529266925,9.797642006545455,0.2434682916862993,0.031329112514338925,2.825263403211826e+28,24.414328898633187,1.2618427262537976e+38
1.6151567646870104,9.788156436509366,0.2437444379005452,0.0312747226167818,2.80673229928292e+28,24.234197154493373,1.2606991455748191e+38
1.6154193017914091,9.779982817190453,0.2439878000519224,0.031216696648431776,2.789847216629719e+28,24.0688382993064,1.259658972802972e+38
1.615676274806464,9.777411104009952,0.244090797779812,0.031022110535456813,2.7688137210979767e+28,23.868385731027278,1.2590512040534529e+38
1.6159304086522541,9.770031620040434,0.24431358669775557,0.030929834725800815,2.7501758434243115e+28,23.68908262751408,1.2580755341070433e+38
1.6161798374659133,9.759944296231433,0.24460384562116455,0.030903030682305425,2.7336366303046477e+28,23.52845503452787,1.2568897778000946e+38
1.6164245049266266,9.74748027636466,0.24495369548856086,0.030885183650662253,2.7146574188879645e+28,23.347422902949123,1.2555177532023002e+38
1.616665790718393,9.746659083029904,0.24501090141296905,0.030703480587208978,2.697550017326336e+28,23.182982685105088,1.2550522219423808e+38
1.6169041729041256,9.738704337401286,0.24524718773941045,0.03063327014030956,2.6804165038910757e+28,23.018759830991733,1.2540337771805623e+38
1.6171379857870452,9.727218958249253,0.24557226839578536,0.030607669810803984,2.662421087157162e+28,22.84769533828967,1.2527381142280556e+38
1.617368656135219,9.727066642203306,0.24561114305772377,0.030408273177689394,2.6448694003886997e+28,22.680893935111946,1.2523277236198811e+38
1.6175963252586365,9.717448126235242,0.24588886137173774,0.030371019361493196,2.6285941723416723e+28,22.525468379399367,1.251178799029854e+38
1.6178202967467303,9.708145197392845,0.24615856513285794,0.030327324468442482,2.61227221205097e+28,22.37010796063309,1.2500530983292299e+38
1.6180406890691115,9.697486504152414,0.24646269325984405,0.03027628477947596,2.593591165704737e+28,22.195011406351036,1.2488196900897996e+38
1.6182578679358688,9.696997532332006,0.24650820387971453,0.03011115470618098,2.5787951987112954e+28,22.0535883856032,1.2483850285700178e+38
1.6184723078925296,9.689573462924887,0.24672976691684043,0.030044900984082915,2.5632861625160437e+28,21.90643845095711,1.2474065872870286e+38
1.6186833402781218,9.681007658602832,0.24698027418303511,0.029980029387403916,2.546466047188561e+28,21.74850721898371,1.2463377141560294e+38
1.6188893617756992,9.677942115666895,0.2470899514997716,0.029832356930520106,2.529913572767687e+28,21.59339288814325,1.2456992002653787e+38
1.6192934783076016,9.656755838116005,0.2476938657013658,0.029763004269223105,2.4965256819903064e+28,21.281843828963236,1.2432363504178397e+38
1.619093124605106,9.667765437612212,0.24738118121873048,0.02980200898138014,2.5140799406777723e+28,21.44475000241531,1.2445014489419203e+38
1.6194913390532693,9.649776055391879,0.247903312727705,0.029692465074472055,2.4816209397431362e+28,21.141867362539383,1.2422907005308754e+38
1.619684815108376,9.649046660725986,0.247951670883105,0.029529252967139125,2.467047494390233e+28,21.005160535496564,1.2418388130801222e+38
1.6198754817467989,9.638114701189147,0.24826212978248813,0.02949356763448541,2.450139313835216e+28,20.84892496853893,1.2405782486636642e+38
1.6200623224777482,9.63654584961525,0.248331187295518,0.029350457098523852,2.4362667997146426e+28,20.718928204536244,1.240060064032151e+38
1.6202468408816575,9.62853897975585,0.2485660011716973,0.029279478071563243,2.4202950508339896e+28,20.571380806034256,1.2390315934641061e+38
1.6204275250177256,9.616718384181748,0.24889928466460962,0.029293889121262975,2.406658906499335e+28,20.44407813424322,1.237697367213824e+38
1.6206053317719458,9.608232505517627,0.24914644501998784,0.029237783097302055,2.391470215655271e+28,20.303911280351507,1.2366283594971e+38
1.6211189212265105,9.588498366910168,0.24973833464915068,0.029001022611258136,2.347844459482316e+28,19.90196674016118,1.2338751720114999e+38
1.6207797203260441,9.608197549210315,0.24917416146919558,0.029055785181737227,2.376540677693806e+28,20.166304930259876,1.2362342738165104e+38
1.6209504321004238,9.59704753315068,0.2494899315705593,0.02904996279037623,2.362309665252388e+28,20.034993316201714,1.2349504131326813e+38
1.6212835431713937,9.587133005799867,0.24979926550971965,0.028838810198837307,2.333050388948895e+28,19.766523555336104,1.2333749056033836e+38
1.6214458108113092,9.579353733480552,0.2500271460322063,0.028781417673109044,2.318975990756454e+28,19.637450571921335,1.2323609969036142e+38
1.6216038318388732,9.566927392397067,0.25037630112155795,0.028800021193008094,2.30546330555618e+28,19.51351256249075,1.2309703601499222e+38
1.6217598442894825,9.55853029197646,0.25062036445761116,0.02874042606422674,2.2906135394771015e+28,19.378499985592434,1.2299046595353436e+38
1.6219113385863833,9.55563323934684,0.25071976533194495,0.028631186842469458,2.278451197328052e+28,19.26660656270487,1.2292803067048374e+38
1.6220612901776696,9.547376376461223,0.25095979544694613,0.028567935922508725,2.263612578690408e+28,19.1322851705479,1.2282251643344893e+38
1.6223508807660354,9.537915554939115,0.25125357567039874,0.028389033027420477,2.2383138527750706e+28,18.9015789975889,1.226682134023589e+38
1.6222075732332746,9.546940590768743,0.25099388436558157,0.02843098612914263,2.2522471231489585e+28,19.027641739251678,1.227801212362823e+38
1.6224912920187409,9.527742878337984,0.2515436053382588,0.028352877023923306,2.223567378341819e+28,18.768928013666347,1.225468880067922e+38
1.6226292319985927,9.528805712963319,0.25153693158154,0.028205468216662605,2.213240918466523e+28,18.673823965300986,1.2251677415737512e+38
1.6227635432199483,9.518431990440702,0.25183191404106986,0.028157834813946514,2.197502258704117e+28,18.533360186489002,1.2239365889485092e+38
1.6228951249312569,9.508599373715818,0.25211276833623336,0.02815930409837317,2.1862895720194502e+28,18.43132056856921,1.2227480697833182e+38
1.6230237839964032,9.508139300393642,0.25214495523254393,0.027995100860563202,2.1730150429414494e+28,18.312150968514675,1.2223223338302667e+38
1.6232731593387044,9.489357085833875,0.25268284228670557,0.027966975502851363,2.1494753390261314e+28,18.099870850725495,1.2200135941669558e+38
1.6233933268244074,9.489204274372263,0.2527056172984263,0.027779406522387473,2.134887328861832e+28,17.970378529573168,1.219612604683626e+38
1.6231499717563178,9.498790092675367,0.252412752732427,0.02795911943850518,2.1595733508947254e+28,18.191803849575944,1.2211722799992868e+38
1.6235096827687607,9.475778237610216,0.2530818089474648,0.027831881521635755,2.123831344216635e+28,17.8709096001299,1.2181231754919206e+38
1.6236252189873153,9.477652115243945,0.2530497776540555,0.027633105171788217,2.110748672948873e+28,17.754507538801093,1.217889626526733e+38
1.6237372638151581,9.468561149347822,0.25331021558977257,0.027615237271302724,2.0992866192936965e+28,17.652003192519643,1.2167557341396652e+38
1.6238459952666038,9.457535363221453,0.2536225121296108,0.027618653546262664,2.087350541017793e+28,17.545762383586048,1.2154604427144908e+38
1.6240560909703485,9.44644385825724,0.2539531546073515,0.027471552833653646,2.064086840953666e+28,17.33899373136345,1.213770004700691e+38
1.6241575469979297,9.43859381614728,0.25418024431014913,0.027429904714052617,2.052408481887783e+28,17.235507507431475,1.212734641336486e+38
1.623953287333545,9.449710547104493,0.2538492952304881,0.027574053854662745,2.0753730183256626e+28,17.439320147089234,1.214429113374175e+38
1.6242561779606763,9.439814154720043,0.25416281870660695,0.02724695009619145,2.040037425734751e+28,17.126418257425353,1.2124473428285278e+38
1.6243515293588322,9.42857978046672,0.25448059799320333,0.027273658069201206,2.0299147993650144e+28,17.03643612261573,1.2111304963711927e+38
1.6244440586244728,9.427666764021444,0.25451974059677157,0.027110719129644485,2.0168108608250747e+28,16.921638735190623,1.2106658609544136e+38
1.6245347585852519,9.418175470020222,0.2547904616097851,0.02712401869094295,2.0076635759455255e+28,16.840188474263094,1.2094926506500318e+38
1.6246225623310038,9.408847987290047,0.25505683341670454,0.027090434379990286,1.995268038998522e+28,16.731693180797787,1.2083312367255712e+38
1.6247069808012649,9.406951457221105,0.2551215111869736,0.026990376594536965,1.985895886561429e+28,16.648775285017845,1.207784724965782e+38
1.6249473306883448,9.388730591183256,0.2556544442252421,0.02680503691628734,1.953231919862485e+28,16.362829938322626,1.2051065807600395e+38
1.6248693336831872,9.39698570341399,0.25541759503722905,0.026832980767386563,1.963879185676451e+28,16.455974419313115,1.2061805500458751e+38
1.6247904729481786,9.399679518896217,0.2553320031803608,0.02694235473996495,1.9747121597658184e+28,16.550763337958948,1.2067942545040178e+38
1.6250219395250547,9.378733282507481,0.2559387111754155,0.02676368936220451,1.9398579297346796e+28,16.247061641966678,1.2038847595067203e+38
1.6250943453415831,9.379273862296664,0.25593536316091603,0.02665818117851096,1.932767511747798e+28,16.18407076929224,1.2035419331854271e+38
1.6252312482510514,9.36830586721915,0.2562565868989915,0.026525598288207455,1.9119367180327428e+28,16.002901862978273,1.2018491926795595e+38
1.6251640099792648,9.36787842523519,0.2562576772898058,0.026628493127821017,1.9189154420246929e+28,16.064636568343552,1.2022019268727729e+38
1.625358202970195,9.357317755406614,0.2565775448582557,0.02639056047450662,1.8910739772628284e+28,15.822100143531083,1.2001523106695525e+38
1.6254181601945314,9.346567157480619,0.25688214087093625,0.026362811816336356,1.8782586649581841e+28,15.711979740865404,1.1988623997076567e+38
1.6254760817027736,9.347579761159807,0.2568634663293676,0.026247275076087005,1.87104028377145e+28,15.6488082402504,1.1985588302755338e+38
1.6252967916016776,9.360004694469946,0.2564941986109743,0.026468412908562985,1.8993773340623325e+28,15.894574584111712,1.2007675370421175e+38
1.6255313954126727,9.337057497353486,0.25716168566806535,0.02621960212361051,1.8585715302969575e+28,15.541878831334373,1.1972865836455244e+38
1.6255843730222324,9.32900269894627,0.25739211123672473,0.026199919472408434,1.8491794879294627e+28,15.460820449482082,1.1962201454634154e+38
1.625683456703263,9.31868637078212,0.2576927653847098,0.026067960523872107,1.8297154231359354e+28,15.293421743820877,1.1945732162709506e+38
1.6256355760713677,9.329581071834674,0.257384261508825,0.026070278926142682,1.8405999667023053e+28,15.38666444073322,1.1958806167219638e+38
1.625772443895451,9.306928053804416,0.25803245636782046,0.025955316531453918,1.8103440966540386e+28,15.127368519621138,1.1928012969201832e+38
1.6258139918206682,9.297557242725299,0.2582991226906178,0.02596035990508559,1.8015985795863088e+28,15.052366860153091,1.191619803262748e+38
1.6257292553699654,9.308824505790088,0.25797303516419196,0.026076942305014634,1.8206811578132415e+28,15.215766684757506,1.1933514104508818e+38
1.6258528349047503,9.296790153544189,0.25832660691215226,0.02582341854955377,1.7913559588713927e+28,14.96500193829084,1.1911652218886983e+38
1.6258905688987364,9.289327134541185,0.2585401460250132,0.025790084838759705,1.7818743439802262e+28,14.8840651699353,1.1901452241486117e+38
1.6259251316700813,9.279638730817801,0.25881557649752873,0.02580832244133526,1.773855086396585e+28,14.815505213517635,1.1889339359159198e+38
1.6259569299007852,9.277779614858055,0.2588725015971832,0.025691957212629398,1.7640889009734117e+28,14.732495885887861,1.1883859845679913e+38
1.6259870801356235,9.26853357539547,0.25913555091231016,0.025695079985325088,1.7555294878651915e+28,14.659654141428604,1.1872107662003222e+38
1.6260400306513958,9.256866216778558,0.25947061490965156,0.02558109072496501,1.7367688104718485e+28,14.500630751148664,1.1854376102017063e+38
1.6260153516934999,9.269976744080315,0.2590997131381766,0.025516182037489434,1.7446645319609484e+28,14.567659169550607,1.1869447650815412e+38
1.6260641950467452,9.257774406088883,0.2594490163812631,0.025430744320270676,1.7274085192926842e+28,14.42140819845093,1.1851267677700777e+38
1.6260855888787353,9.247844152578717,0.2597310276365286,0.025455001592523015,1.71980282192341e+28,14.356966940668876,1.1838905338908471e+38
1.6261050050720036,9.24862283738719,0.2597122607108341,0.025290267745566267,1.7093924836406222e+28,14.269209191743757,1.1835679142726538e+38
1.626122499411685,9.239494197533224,0.2599716538321798,0.025327452451708924,1.703474007646197e+28,14.21903963215422,1.1823995897203665e+38
1.6261372638499172,9.237988041730226,0.2600164002552238,0.02518742043644449,1.6926754194630748e+28,14.128261513894632,1.1818811058405348e+38
1.626150207235781,9.228361566626358,0.26028970560272113,0.025216498928935342,1.6858184987768755e+28,14.070468838527452,1.1806682418656327e+38
1.6261613358994813,9.218519104775911,0.26056939586913663,0.025189288246853455,1.6750381924049032e+28,13.980014015746875,1.179435786580853e+38
1.626170769083229,9.219713214503184,0.2605371590377412,0.025090126037380363,1.6695249796778842e+28,13.933596123201276,1.1791501212341903e+38
1.6261769461684132,9.207487082608816,0.26088410343695967,0.025097636816015293,1.658981102217181e+28,13.84533559713451,1.177710388255891e+38
1.6261823386296181,9.20957463865554,0.26082583312570146,0.02497586538618234,1.6528042544123717e+28,13.79355686283076,1.1775017440112606e+38
1.626184805258236,9.198486505007928,0.26114063657131154,0.02496746651779799,1.642326010579e+28,13.706006230201584,1.1761588384254168e+38
1.626186051730036,9.199038021732905,0.2611251803662152,0.024865156866601307,1.6360866095307742e+28,13.653883076962165,1.1758180558454866e+38
1.6261845110767057,9.188508021210227,0.2614241813054895,0.024861400137983374,1.6264982289120783e+28,13.57392800177808,1.1745215841662097e+38
1.6261814363533618,9.187765051944407,0.2614448270601106,0.024758200481245968,1.6190918899803958e+28,13.51224620080916,1.1740686987498734e+38
1.6261605575528324,9.16711379265734,0.262030433846965,0.02467004905776713,1.595277140792008e+28,13.314353225894203,1.1711185332152424e+38
1.6261700982760692,9.179599083744852,0.26167557812285275,0.024635357891877905,1.6039117274042193e+28,13.386025721743387,1.1725873499561023e+38
1.6261772302593975,9.180485894729275,0.2616514484788151,0.024720718750300824,1.6102468167536248e+28,13.438602807691273,1.173053169904178e+38
1.6261502210441356,9.168313446400859,0.261994482388954,0.024541167438908138,1.587981719225764e+28,13.25388608802193,1.1708339900061113e+38
1.6261385047731858,9.161342611062565,0.2621919440416218,0.024507189228040547,1.5797637577692257e+28,13.185770929805878,1.1698432781359031e+38
1.6261227439353902,9.156909929973388,0.26231632359276313,0.02446368793398763,1.5731482706729559e+28,13.131189962060038,1.1690683935912725e+38
1.6261063586193278,9.147590082207284,0.26258093370485275,0.02444889453435082,1.564212381410611e+28,13.057259236775957,1.1678711890772072e+38
1.6260887533631252,9.139562367058476,0.2628087257446523,0.024451912041135757,1.557553044046945e+28,13.002374277940712,1.1667858587780464e+38
1.6260686105502176,9.13818597248245,0.2628450540488209,0.024338092837615666,1.5491359112937652e+28,12.932909475978807,1.1662770529851615e+38
1.626046158072341,9.126730048900592,0.26317134478374776,0.02439004048492061,1.5427358228767008e+28,12.880367776380925,1.16489015901404e+38
1.6259971143264798,9.115985992571265,0.26347357028045165,0.024294101880443314,1.5276438345378718e+28,12.756287734458674,1.1631754980331464e+38
1.626022948362234,9.127540340787956,0.2631442258085918,0.02424103827344241,1.5339918063545235e+28,12.808277688205381,1.164572418384046e+38
1.6259717330445886,9.111822988309104,0.26358983131330205,0.024239548379914454,1.520736300173312e+28,12.699598886709389,1.1624259200622247e+38
1.62594205100682,9.110072593833141,0.2636356642886296,0.02415803087730701,1.514166863340509e+28,12.645892030612462,1.1618829396711478e+38
1.625911266821148,9.108770565072668,0.26366835681708833,0.024028146593451816,1.5049501181954165e+28,12.570106302957337,1.1613799467671567e+38
1.625878519937794,9.098395741815946,0.2639636990978517,0.024083345159449532,1.4998365804243824e+28,12.528657067895919,1.1600835099417632e+38
1.6258085214524336,9.08862341493587,0.2642361432347251,0.023982353219787783,1.4855434435114398e+28,12.411933126723799,1.1584498065527698e+38
1.6258448699499628,9.099534529381085,0.26392520215745696,0.02392432315373414,1.4908658396760395e+28,12.455010169573645,1.1597947304155914e+38
1.6257713589932568,9.08926403230199,0.2642114802559831,0.023838940475675075,1.4771804907023867e+28,12.343470091076382,1.1581174112450488e+38
1.6257319828358014,9.078539226786047,0.2645171960403367,0.023879036104037625,1.4709559983475917e+28,12.2929462040067,1.156787908862823e+38
1.6256914328899656,9.080502277022084,0.2644534156046672,0.023729081237143856,1.4632997511715841e+28,12.230487300810507,1.1565715355922967e+38
1.625648197074395,9.067877709348418,0.2648145524550509,0.023782603465244533,1.4564335839321047e+28,12.174717672919346,1.155073108692287e+38
1.6256049147255913,9.070307401591826,0.2647365670224825,0.02365363986818479,1.4504776038650181e+28,12.126544283655774,1.1548990166837992e+38
1.6255581189397748,9.057478637705831,0.2651039009386307,0.02369977608042203,1.4430582169768879e+28,12.066252025531783,1.1533804802354656e+38
1.6255111329561813,9.058711049741705,0.26506017264259857,0.023619886490210452,1.439172521551061e+28,12.03550075965288,1.1531008296985776e+38
1.625461935261414,9.048192237739666,0.2653602819121773,0.023605900970402254,1.4299889887348796e+28,11.96051065650172,1.151785256963669e+38
1.6254115636998538,9.04886585277622,0.26533230532322083,0.02352874942129218,1.4258459671418063e+28,11.927706212498414,1.1514562875011598e+38
1.6253600103690304,9.040730113065703,0.2655626543311693,0.023490670145201235,1.4171504124333796e+28,11.856845023502277,1.1503510674702571e+38
1.6252507214900067,9.030335410799983,0.2658504631334584,0.02341286727670995,1.4043553977372682e+28,11.753744286411772,1.1486554626398902e+38
1.62530610809561,9.040028789939656,0.26557444900150284,0.023428793429026564,1.4128693647691302e+28,11.822987179879592,1.1499002628545574e+38
1.6251346439162164,9.027366140603037,0.26591891270177165,0.023270770646672163,1.3935388150668846e+28,11.667380865412463,1.147614547533442e+38
1.6251933612073097,9.028011231289097,0.2659095187946543,0.023345922810779924,1.3985387883893081e+28,11.707127972145129,1.1480607253044777e+38
1.6250743402770544,9.01605357000181,0.26624268514636984,0.023291316880013298,1.3860518556619e+28,11.60684972939874,1.1462245222634853e+38
1.6250139564304944,9.009900047038958,0.2664146221514577,0.02327158035797925,1.380157849086247e+28,11.559640581727153,1.1452924011697627e+38
1.6249507205332976,9.007870919471438,0.26646426552896896,0.023187640312187344,1.3736318222183075e+28,11.50722002524655,1.1447237631557115e+38
1.6248868155887257,8.999189285863839,0.2667108375989401,0.023208670900262848,1.3682650100666314e+28,11.464515208870301,1.1435658239174466e+38
1.6248218432674244,8.99075842678567,0.2669502643891434,0.02320660470548868,1.361746493539738e+28,11.412178843921744,1.1424297313111418e+38
1.624753944100881,8.990280206277605,0.2669533081967511,0.023114579181196252,1.355985819927167e+28,11.36627596502022,1.1419985852494612e+38
1.6246846216911894,8.98791912215159,0.26701204264657613,0.023034680210742887,1.3495251527478264e+28,11.314534279996574,1.1413999303141153e+38
1.6246153174579294,8.979982331890222,0.26723663626164534,0.02304793479154327,1.3443502887649254e+28,11.273552054406833,1.1403070651715987e+38
1.6245428256741108,8.97793146005251,0.2672857553441555,0.02295471344161507,1.3373846081482356e+28,11.217641217263132,1.139735487310491e+38
1.6244702900214252,8.969510271064632,0.26752475598736,0.022981499780736304,1.332677429154369e+28,11.180654451509012,1.1385979617338548e+38
1.6243960012692078,8.96914139828634,0.267523523750723,0.022863057430418596,1.3255364607132697e+28,11.123287620842238,1.1381779988024057e+38
1.6243203436941298,8.95913879909999,0.2678097313867728,0.022915743691306896,1.3211991878194946e+28,11.089473502981708,1.136897974380498e+38
1.624242507182917,8.957464640563918,0.267846949587301,0.022840837525868875,1.315650557769668e+28,11.045547354804468,1.1363604532862331e+38
1.6241651983422145,8.950152988282676,0.2680530028214389,0.022831988670541446,1.309782104048319e+28,10.998896053101404,1.1353216326966183e+38
1.624084538045374,8.948141610664104,0.2680999409988125,0.02276799509937725,1.3046440832739719e+28,10.958470381788981,1.134753861796762e+38
1.62400394052201,8.94919069326976,0.2680552092877873,0.02262280276095661,1.2970844055037003e+28,10.897676012636017,1.1344619677179059e+38
1.6238380431677364,8.9396160728993,0.26831489310851114,0.02254391075628757,1.285661421131653e+28,10.807222699231161,1.1328329554149775e+38
1.6239217462210416,8.939827867913337,0.2683223667608691,0.022680096315673776,1.293581201022921e+28,10.870993984710172,1.1332380376340481e+38
1.6237531576763518,8.93001031624257,0.2685894706216262,0.022611187826676635,1.282585122301676e+28,10.784181843745356,1.1315863080751712e+38
1.6236669078170292,8.930422286711385,0.26856281411788663,0.02246800611289703,1.2747573609577913e+28,10.721211890664671,1.1312375906713749e+38
1.623578927792935,8.918802453837914,0.26889813900430215,0.022528843980296656,1.2699149853507099e+28,10.683379737746266,1.1298084335837728e+38
1.6234907818760824,8.920274827248656,0.2688391585218663,0.022429409579830046,1.2653539737450672e+28,10.647899555818658,1.1295565179863274e+38
1.623215882809931,8.908011257348122,0.269163682593394,0.022295335377073927,1.2491678921451524e+28,10.52059840562285,1.1272980715824696e+38
1.6234001332464736,8.918399078688887,0.2688806877433637,0.02233434066458329,1.2586664734965088e+28,10.594581972808289,1.1290019747744051e+38
1.623122914406157,8.899787958152658,0.26939695628318444,0.022318210589261363,1.2446885254483475e+28,10.485875304753872,1.126174679079346e+38
1.623309136276194,8.90989793242347,0.26912214718880534,0.022394694559367323,1.2560641077355603e+28,10.575640728278454,1.1278535581063503e+38
