0.18322564612228262,17.020318573769384,0.015901551950722737,0.011918026697256542,1.7003792414169116e+29,7814757.982969212,9.127152107574492e+36
0.16459508148906007,18.750866284803845,0.01296631152560428,0.007328594069082276,1.6967988771900685e+29,13330521.80078467,8.053762361964803e+36
0.1559053499543732,19.89217292725937,0.011577098480442085,0.005507121574725464,1.7133212891527255e+29,17653660.357207287,7.583350310841888e+36
0.17370494345221418,17.806056968330612,0.014410045590786616,0.00947320441021126,1.693708700002629e+29,10164332.775516644,8.568578310157454e+36
0.14764498071783924,21.290339788644605,0.010243704217385238,0.00400330642599218,1.7491812549947766e+29,23661508.292192474,7.158523455499216e+36
0.1931484195538444,16.36327242687293,0.017435802185762028,0.014630423837960083,1.714394360114921e+29,6052795.244255943,9.729229568488014e+36
0.13982394508020057,23.05308297274031,0.008959287501437362,0.002790333480386131,1.814697305361079e+29,32225338.27601075,6.781399732190406e+36
0.1324533295372416,25.288767714429955,0.007736706962222908,0.001867749561409446,1.9295675946341655e+29,44920713.473481186,6.455615448924246e+36
0.214161226871289,15.318297175494356,0.020651485214941496,0.020868550525064814,1.7581169275167066e+29,3703774.7994864066,1.1063266852735434e+37
0.26056233152502173,13.960927398268106,0.02756882764297554,0.03552695600226534,1.882055206609444e+29,1487220.1052106475,1.4250787125810937e+37
0.20346354567600777,15.801254134713208,0.01902023969745218,0.01762389554356169,1.7340543976880897e+29,4719877.449909558,1.0374609678866133e+37
0.23666268783328134,14.550750333727239,0.02402510745440647,0.027870945478967426,1.8158570818615374e+29,2321313.241997541,1.2570647649899257e+37
0.225231258480046,14.909325083089247,0.02231472887151784,0.024266109875238542,1.7856366781974074e+29,2923821.319168043,1.179532368242923e+37
0.24844369326829976,14.24001094881635,0.025771434235962235,0.03159993914772919,1.8481655882670625e+29,1853113.602718808,1.338923145442454e+37
0.2857602960900302,13.519434736574766,0.031222256608529137,0.0432881883259677,1.9528329565178188e+29,972650.2604485063,1.6102875328079661e+37
0.27300564829278795,13.722454142849648,0.0293873739558486,0.03944360162572094,1.917072431577026e+29,1199724.1680872927,1.5155404179138108e+37
0.3396265553596009,12.899305945809317,0.03889163776057237,0.058795025413397546,2.0973712815420876e+29,440522.5688774514,2.031055192385062e+37
0.3121510982989517,13.170768705066028,0.03500859482869885,0.051160815184584874,2.025331365291479e+29,648593.8099113905,1.8123927548562728e+37
0.3257600368809168,13.02027393253355,0.036957162477431145,0.05515545330428848,2.0615415038391307e+29,533339.9340422841,1.9196445581019862e+37
0.298813268985755,13.329745271118274,0.03311303313241012,0.04731817057940285,1.9890248720966943e+29,792395.2584648519,1.7092266827874343e+37
0.3537370064108301,12.779841506742647,0.040886126081717454,0.06263085894457152,2.1326457629481618e+29,365441.01715240156,2.1464008938733023e+37
0.3680773641814983,12.678817984431996,0.04288261670798152,0.0662209173953501,2.167165340013004e+29,304437.0764286244,2.265729564098636e+37
0.38263415778457843,12.590557970745206,0.04489104291727349,0.06963791327246477,2.2007649010001442e+29,254657.2319563516,2.388945121655721e+37
0.3973932652804837,12.511168441886577,0.04691844032553766,0.07294101071948017,2.233387854600837e+29,213876.3106998604,2.5159341965482963e+37
0.4581891617607507,12.259151456697035,0.05520842231619223,0.08500836680680696,2.3510764040903333e+29,110495.28101787038,3.059646964528593e+37
0.42746441016042885,12.370840930455781,0.05104129383279827,0.07930102181133629,2.2949747601293995e+29,152608.6501342722,2.7807951030816945e+37
0.41234104994758713,12.431315759544157,0.04899597561379585,0.07637227207140741,2.2647705936942434e+29,180319.378944024,2.6464953169063878e+37
0.4427511543388172,12.309877661151257,0.05312842000299921,0.0823036996322827,2.3237588618063623e+29,129626.44059131366,2.9184878480078976e+37
0.4737663906649702,12.208344785386181,0.057322932201853416,0.08774756461852551,2.3769607979025838e+29,94515.23648471736,3.2039956411364396e+37
0.4894710756655139,12.169470813761109,0.05941228762112523,0.09007231331891002,2.401335279568423e+29,81118.27067049914,3.351679466808274e+37
0.5052913876264038,12.131234340118462,0.06152588070893365,0.09236337704737896,2.4239730184631698e+29,69842.43123936295,3.502362879548832e+37
0.5212155602485534,12.099991313960714,0.0636287291490627,0.09437883403033116,2.4451354252052364e+29,60327.74647226432,3.6560902258988065e+37
0.5372326544128034,12.071418976900029,0.06573929068309146,0.0962553253238852,2.4644465432115026e+29,52264.69714069457,3.8126554981866173e+37
0.6020074450815064,11.969481578959796,0.07429292489400796,0.10291374917409304,2.5255334249922485e+29,30314.112439164073,4.46433277319189e+37
0.5533309833788244,12.039066799165175,0.0678911397990976,0.09825818774477457,2.482194951090106e+29,45416.32520963918,3.9717200858640157e+37
0.5857289731095016,11.988017358253375,0.07217225568502175,0.10160257914814555,2.512722712643932e+29,34590.91724350559,4.297653715126345e+37
0.569499936042509,12.017343694274189,0.07000130440319874,0.0997912563901212,2.498261632910129e+29,39579.52408446938,4.133640488897121e+37
0.6183250824951843,11.950044289270638,0.07643077871766447,0.1042066536197611,2.5365652663935865e+29,26635.61742930286,4.633099083019355e+37
0.6346720360808833,11.939064100394665,0.07852356613952695,0.10507640956263627,2.5460073993184457e+29,23464.639780835172,4.804276472581806e+37
0.6510386249892338,11.917508230400898,0.0806941831969754,0.10635576163633247,2.5538262224440177e+29,20723.28564708058,4.97678198461677e+37
0.6674158465682789,11.90821843474211,0.08278862254493455,0.10702858327697043,2.5599810825696158e+29,18346.584854260847,5.151694970064415e+37
0.6837943232419736,11.898187862712831,0.08489177306322046,0.1076744479931043,2.564600840478167e+29,16281.460983012623,5.328204394482522e+37
0.7001655424946849,11.880198022417385,0.08705585584288504,0.10861843878429597,2.5675858388523176e+29,14481.793488704248,5.505679381338268e+37
0.7328519945699158,11.859773368913899,0.09127688684534635,0.10963162674521235,2.569335550368418e+29,11535.60835100223,5.865563088015349e+37
0.716520814457577,11.86982739131244,0.08916724377796904,0.10916227075087054,2.5691981243341972e+29,12910.84268939207,5.68499627333602e+37
0.7491511620669188,11.84847056847546,0.09339596174686612,0.11010133128400222,2.568071185873221e+29,10329.060426199878,6.047120790254683e+37
0.7654110393943696,11.848595228265006,0.0954220612125504,0.10998233050013034,2.565430490789989e+29,9268.035558629512,6.2306375322595195e+37
0.781624293442242,11.84032493138838,0.09751139365095306,0.11019997671945007,2.5615487411012845e+29,8333.231104168832,6.414318662320917e+37
0.7977837863162244,11.828884789932854,0.0996236246953898,0.11050674917847962,2.556294173183785e+29,7507.335922295531,6.5984125887379555e+37
0.8138835884666452,11.819500053477835,0.10171479297489296,0.11067402384742898,2.5500239078622665e+29,6776.9431682300965,6.783299141100118e+37
0.8617630388781272,11.808529637482224,0.10779856371968927,0.11003854468380635,2.5236375162318438e+29,5039.514587110144,7.342478269112929e+37
0.8458790543803462,11.81069305074827,0.10579224262459075,0.11036467991796083,2.5334365919661875e+29,5552.259184359332,7.155555067783966e+37
0.8299175601561805,11.822006051200594,0.10369664650659717,0.11021857905653229,2.5422233984411906e+29,6128.2996137540795,6.969987410201776e+37
0.877564563510496,11.802624280537074,0.1098301131138731,0.10984752625768038,2.5129636668044444e+29,4582.388091732146,7.529153657898603e+37
0.8932777064875623,11.801732538873898,0.11180511240826543,0.1093655340532089,2.5009921903962312e+29,4173.312499233792,7.716584426897082e+37
0.9088981493562541,11.792219475112084,0.11385198337715853,0.10924864128754502,2.4882661400143877e+29,3807.3410538778303,7.902819463240833e+37
0.924421086087849,11.789930037398554,0.11581893055281842,0.10875775391727577,2.4746819289683668e+29,3479.134501474731,8.089963934076307e+37
0.9398427096047335,11.782552050556463,0.1178248091990913,0.1084619537429431,2.4602388676510442e+29,3184.2153996158168,8.276136989735603e+37
0.9551584561786263,11.782844663463813,0.1197419173159598,0.1077810948870839,2.4450985594722236e+29,2918.907234135606,8.463238121949642e+37
0.9703649000123623,11.774700864941183,0.12173238512840395,0.10744486680542562,2.429059219151527e+29,2679.561666292411,8.64856678766937e+37
0.9854578148958274,11.772069960429395,0.12365342174359124,0.1068301438733196,2.412464896106515e+29,2463.609447224891,8.834355011303706e+37
1.0004347633145831,11.763806663792398,0.12562087992243462,0.10643969032641752,2.395223319945778e+29,2268.314075140371,9.018558848443328e+37
1.0152920687507307,11.763370522980948,0.12749118333076329,0.10566492668703482,2.377347986371148e+29,2091.4083441643656,9.203606090648588e+37
1.0300271048312646,11.754592469584047,0.12943806489293783,0.10523695649717611,2.3588981010998095e+29,1930.9319232267278,9.386294845797333e+37
1.0446369491873981,11.753737482139634,0.1312835559541914,0.10443924756542998,2.340166103811521e+29,1785.3395159084528,9.569817644557137e+37
1.0591193703744592,11.754185972385919,0.133098539029045,0.10354761574554751,2.3206300383392386e+29,1652.6557625223634,9.752837103433428e+37
1.073472012804639,11.744257382855974,0.13501626843041753,0.10309985226468578,2.300852947389398e+29,1531.9206831505662,9.932624698072772e+37
1.0876931676350619,11.739483911158324,0.13686056568826366,0.1024030707068062,2.2806625010920976e+29,1421.7723599031199,1.011257460827134e+38
1.1017798287905367,11.738479597138259,0.1386449012834614,0.10153207231633836,2.260297032756301e+29,1321.2727464943614,1.02923971845597e+38
1.1157305397635695,11.734256209807016,0.1404509526953724,0.10076645798966129,2.2392204047939124e+29,1229.1398153304972,1.0470341551104858e+38
1.129544724878414,11.72582754331519,0.1422921247205118,0.10017260300227962,2.2180405884488984e+29,1144.862626687194,1.0646022474022714e+38
1.143219952904009,11.725273255195695,0.14402164206869122,0.09924031477138066,2.196878373777231e+29,1067.7217334036884,1.0822588374628926e+38
1.1567553021524446,11.715689011589875,0.14584602567609634,0.09865776102926054,2.175071047078796e+29,996.7058355372546,1.0995389730778117e+38
1.170149575873374,11.719267773346834,0.1474897492189007,0.09752339701269083,2.1533480214976102e+29,931.5547306199161,1.1170674182812436e+38
1.1834009102388094,11.70679158359183,0.14931895693819933,0.09703551274572515,2.1311948384154106e+29,871.4946159723761,1.1339855615758352e+38
1.1965093302920111,11.706954124052261,0.1509708527910694,0.09602148414768207,2.1090700964339234e+29,816.2282352450995,1.1511469756996239e+38
1.2094735354286261,11.697464205351624,0.15273043203235637,0.0953918575409169,2.0867621345559546e+29,765.2302778689908,1.167860685646124e+38
1.2222925867654173,11.6955446227894,0.15437453508525706,0.09445015551661005,2.064467003882769e+29,718.1796663243355,1.184669677521681e+38
1.2349670193238804,11.689834449398372,0.15605149514543887,0.09365773429731108,2.042153901811494e+29,674.7031195523084,1.2012042089090254e+38
1.2474949530378538,11.689343788681626,0.15764115234528076,0.09264605517799897,2.0196708965980727e+29,634.4357813236437,1.2177659105040544e+38
1.2598763555969805,11.676140722245986,0.15938576827610504,0.09213536914657157,1.9972204308480793e+29,597.1554774713487,1.2337149302272382e+38
1.27211178762856,11.678307931787725,0.16090379586255396,0.09101745496274356,1.9748190920856863e+29,562.6029181402107,1.2500634022135262e+38
1.296142865797093,11.660254994148413,0.16419720530174922,0.08964585471021012,1.930071817858206e+29,500.73753635285755,1.2814274896118113e+38
1.2842001251100688,11.665867354260987,0.16260601590529558,0.09046082656699958,1.952309821348449e+29,530.5010493648965,1.2656998699077569e+38
1.3079386141642229,11.65897203010509,0.16570974017876108,0.08865512894252328,1.907691678238339e+29,473.01228997724405,1.2971606674392862e+38
1.3195886963229706,11.647712545756796,0.16734736472019873,0.08804113594080631,1.8853495225765323e+29,447.1981410021395,1.312317384628275e+38
1.3424551171473103,11.637601207159241,0.17039515384975404,0.08634710610799032,1.8410609166623567e+29,400.74704894287714,1.3426249903292413e+38
1.3310941620110692,11.648959737834682,0.16878838961369308,0.0869574602610848,1.8631404096666816e+29,423.1581790722224,1.3278260380878429e+38
1.3536728535611036,11.637854323298802,0.17181526182999013,0.08530945500446772,1.8191343219739294e+29,379.83695617683844,1.3577597563854373e+38
1.364748213431846,11.627245291647048,0.17337905642788365,0.08467789131358168,1.7974516812068913e+29,360.32599952715975,1.3722357805221022e+38
1.375681972237955,11.618600301612739,0.1748981314741978,0.08395733026781722,1.775540958447442e+29,342.0121325540332,1.386619290691912e+38
1.3864750350587027,11.618507571293339,0.17627172068231128,0.0829410254475974,1.7539780109812466e+29,324.9113793506449,1.4012330854806792e+38
1.3971287554964464,11.611745020157517,0.17772964598858673,0.08216287165458157,1.732471426182532e+29,308.8765739994774,1.4153573849003055e+38
1.4076431053345255,11.599463585939523,0.1792567783141405,0.08158236222446812,1.711152920270406e+29,293.85093915222967,1.429025945035403e+38
1.4180200926422977,11.597139986422528,0.18061441980827891,0.08065527081559859,1.690013867926309e+29,279.75598917039474,1.4430170347580272e+38
1.4282609655007728,11.587822484639641,0.18206508518855863,0.07998202561360446,1.669185425260652e+29,266.54331601584,1.4564751229121733e+38
1.4383667149903552,11.578592167081016,0.18349946514124033,0.07930243187618989,1.648421643154665e+29,254.10969379698696,1.4697561300067231e+38
1.4483373877227443,11.578269874847164,0.18477661583782676,0.07832262758064716,1.6278283474452105e+29,242.41581298122992,1.4833404257226853e+38
1.458174076494248,11.568545472365049,0.18618794144188155,0.07766403890004832,1.6073734089924587e+29,231.40405332137337,1.4962382866043337e+38
1.4774471155892417,11.549003429310599,0.18896804472133277,0.0763789322517461,1.567469689780758e+29,211.31993908081068,1.521474921817624e+38
1.4678770915536963,11.55919137741877,0.18757854974174584,0.07699741236170733,1.5871443153969934e+29,221.03904833805748,1.5089726580057815e+38
1.4868855949668192,11.542722874826758,0.19027871954785042,0.07560682462938116,1.547409863578775e+29,202.07781553153453,1.5340241439032515e+38
1.4961904529194934,11.53482645985857,0.1916005491185333,0.0749054462723794,1.527818407035336e+29,193.39194875519226,1.5462946325883057e+38
1.5053663484819493,11.52883532847682,0.19287578321062876,0.0741469428380874,1.5084240448165018e+29,185.18827109249207,1.5585055984985606e+38
1.5144116758611577,11.51923226019971,0.194196478166428,0.07351468899610969,1.4893433013096682e+29,177.45004653258331,1.5703141305723285e+38
1.5321147195521332,11.508449511162636,0.19665065778926616,0.07199747784892169,1.4517919499607788e+29,163.21084248399876,1.59392259125848e+38
1.5233270981713138,11.51791342940143,0.195362090093462,0.07261909487145468,1.4703573563039595e+29,170.12107082929953,1.5824630890282398e+38
1.540774628914633,11.498998062997575,0.1979247262449066,0.07136805512400447,1.433200276166444e+29,156.6434854956744,1.6051997412581032e+38
1.5493075678655452,11.487066943342757,0.19922756430694546,0.07082990227981627,1.4150292590381555e+29,150.4451724081871,1.6161282376904028e+38
1.557714857463739,11.48734075869024,0.20030389448316402,0.06992078368039036,1.3970335151951993e+29,144.56663146565865,1.6276981900689731e+38
1.5659987090095053,11.472490761495648,0.20162975306733716,0.06947585479035823,1.3791944450221744e+29,138.9855175070141,1.6380682761232417e+38
1.5741585852414461,11.46932798823065,0.20273626677958867,0.06868499600996963,1.3616163471917418e+29,133.6944543241958,1.6490638034265698e+38
1.5901175893704096,11.448646726986862,0.20516157401851637,0.06755858970646937,1.327254983533797e+29,123.91081235883851,1.6695311033858142e+38
1.582197881872143,11.45994323285472,0.2039385220465661,0.06809094069087165,1.3443262628186394e+29,128.67723993500505,1.6594543420745183e+38
1.597919658046925,11.44082478384983,0.206309174033278,0.06693577536642578,1.3105330807543384e+29,119.39175542297905,1.6796853555051356e+38
1.6056052992554761,11.439218442271011,0.20733058578485397,0.06613488710071454,1.293943759481024e+29,115.08599683712424,1.6901331320835477e+38
1.6131766602563744,11.428546279841926,0.2085027914982243,0.06559875870631694,1.2774784871850056e+29,110.98006973810337,1.6997442192133518e+38
1.6206353799921183,11.419255547303528,0.20963725236839004,0.06503203201321602,1.2613026306450197e+29,107.07640225614792,1.709290692657626e+38
1.6279823980722041,11.409032800267525,0.21077631691790602,0.06450120572245702,1.2454175856463153e+29,103.3635738309717,1.7185977592570577e+38
1.6352203065829845,11.401379535643093,0.21185552959191042,0.06389630805266823,1.2296055005797786e+29,99.81262713153222,1.7279422773506395e+38
1.642349224870298,11.3975200554225,0.2128511887341173,0.06319612274882166,1.2140743299883372e+29,96.43146730387254,1.7374285823011648e+38
1.6493730582081698,11.383114498732324,0.21403200860194374,0.062794077094252,1.1987461367746965e+29,93.20383597222461,1.745916843273585e+38
1.6562907941052327,11.38162588638772,0.21495780410556234,0.06204978395468912,1.1837631659556902e+29,90.1328139604445,1.7552909941582767e+38
1.663104865855709,11.368462955447365,0.2160920643796225,0.06161882772895805,1.1687596343468982e+29,87.18225149782148,1.7635563222160126e+38
1.6698175568211922,11.35874596476097,0.21714986886155674,0.06112234252965685,1.1543963409006775e+29,84.39386448680747,1.771949453167069e+38
1.676429436039014,11.351936517708578,0.21814047742545645,0.060535118664761675,1.1398827575342849e+29,81.70240534800848,1.7804356540016364e+38
1.6829404193023647,11.346769175041302,0.2190874275418861,0.05992060028073903,1.1257456401717886e+29,79.14028614671425,1.7889137856791867e+38
1.689354457181214,11.333252374555743,0.2201847098368741,0.05952400416874757,1.1116497010532959e+29,76.67699657522132,1.7965262071615047e+38
1.6956695824381471,11.320430291200369,0.22125812621521432,0.05911762757029178,1.0978289734260683e+29,74.32408776781813,1.8040383576429693e+38
1.7018889418029695,11.320516051304883,0.22206797216442226,0.058377787543531616,1.0841310253316678e+29,72.06538957288026,1.812548804913768e+38
1.7080131101558944,11.310834883332447,0.22305782980317007,0.057907870924206566,1.0708137218458439e+29,69.91316706767118,1.8200508472056814e+38
1.7140426019984116,11.299968360575098,0.2240605097545365,0.05747751546893092,1.0577600045309816e+29,67.8547304296335,1.8272977306355382e+38
1.7199789047307827,11.2865379567921,0.22510405018939297,0.05709510331631065,1.0444931899359794e+29,65.85534943371873,1.8341607551469117e+38
1.7258252275672283,11.283639960301832,0.22592720421660945,0.0564691589858418,1.0317166466667362e+29,63.95542955415301,1.8418606617623576e+38
1.7315788383419546,11.2689383442383,0.22697613794173155,0.05615117066036618,1.0192409078472573e+29,62.13932701775825,1.848315400294192e+38
1.7372437260745177,11.261222755154332,0.22787471469107445,0.05566375508898337,1.0069392365201552e+29,60.39493969983673,1.855288359425186e+38
1.7428203693404825,11.251972252004835,0.2287941468265912,0.05519297417995493,9.943289343090207e+28,58.69052430651192,1.8619799293225503e+38
1.753711458140278,11.240837637334353,0.23045195662450724,0.054144467084853695,9.706227701971493e+28,55.53423906207797,1.8756788679738783e+38
1.7483088487851723,11.250360355926357,0.22954754770801988,0.05457579990887069,9.825061873671733e+28,57.08809660785194,1.8692771095081683e+38
1.7590290111086229,11.2297183136976,0.23137960473671146,0.05374712746377735,9.587438436017291e+28,54.030455012582856,1.8817892659390265e+38
1.7642624807191998,11.21814848081473,0.2323073494352942,0.0533920468492543,9.475137201430657e+28,52.61027392609979,1.8877194031849935e+38
1.7694138867018532,11.209335406622865,0.23316883468057126,0.05294446386799556,9.358858776819783e+28,51.212595252911335,1.893796279637324e+38
1.7744841485592375,11.202352149503733,0.23398274875199326,0.05248376142623079,9.248559046503724e+28,49.890114484876165,1.899934178811757e+38
1.7794729716839925,11.189589443905293,0.2349082010130441,0.05216603524459907,9.140324378633873e+28,48.61896134373355,1.9053521009493073e+38
1.7843831389441338,11.17900011995609,0.23577952325275206,0.05178846914037095,9.031313018898854e+28,47.38178179629674,1.91086641778631e+38
1.7939708821144187,11.168784004007593,0.23726322696608865,0.05082033718637621,8.82206025967301e+28,45.06030415828027,1.9226841534741817e+38
1.7892167463974582,11.176320201095082,0.23647490177361521,0.05125034372411232,8.92676246702998e+28,46.204072290533865,1.9170898456445836e+38
1.7986511526963447,11.159680765510606,0.23807626698955675,0.050424210507812865,8.717681159833629e+28,43.950854891781496,1.9279993100777913e+38
1.8032557377553171,11.147596960601716,0.2389444785548539,0.05009136426245984,8.613351484010043e+28,42.87326948614621,1.932873472942154e+38
1.8077881791674209,11.138808897485621,0.23973405117374455,0.04971332143120931,8.514704149113106e+28,41.85360766103967,1.937987839942031e+38
1.8122476095281292,11.129556535329653,0.24052521461530357,0.049365553641776486,8.42008215522804e+28,40.881770778746045,1.9429363931909686e+38
1.8166363462054713,11.124596408848708,0.24121519948304254,0.048893383044739384,8.320978998538314e+28,39.914939774563486,1.948247842096618e+38
1.820953110231275,11.109935657330535,0.24210745040130674,0.048641598578931196,8.22372492866762e+28,38.98304947394767,1.952371473627312e+38
1.8252023271310704,11.102714034016318,0.2428302544452884,0.048238209105402406,8.129053158420176e+28,38.08780474732413,1.9572151218763907e+38
1.8334951521260856,11.090029056764651,0.2442125717756366,0.047425872458543,7.94660756749281e+28,36.398541710682416,1.966786200242539e+38
1.829381970996727,11.09943345429483,0.24345826243248497,0.047785322665190005,8.040843305954637e+28,37.246088702559305,1.9623969170750083e+38
1.8415233165419345,11.071414027941985,0.24569429100770754,0.046758277281823225,7.769212126028987e+28,34.8170456317277,1.975271504055776e+38
1.837541280880602,11.077704813292204,0.24502378890197338,0.04716871714208532,7.859700982103335e+28,35.60586570632617,1.970732848462647e+38
1.845439341502434,11.059465052155112,0.24648278326899017,0.046487104343390914,7.682562734330759e+28,34.06499183505753,1.97904941237799e+38
1.8492929229224608,11.050160613539898,0.24720545635778363,0.046159266647826956,7.59634831568105e+28,33.333228515890816,1.9830347779909296e+38
1.8530837010045877,11.041961076836381,0.24789613718587816,0.04580690005321486,7.51043305001475e+28,32.62051744595749,1.9870506564425256e+38
1.8568121542136962,11.028952662609715,0.2486878872371204,0.0456068804697438,7.433695167359419e+28,31.964354942818748,1.9903952762600882e+38
1.8604802842113648,11.019346962112486,0.24939638238723216,0.045278003598450745,7.348007242488169e+28,31.285655795773167,1.9940463281231477e+38
1.8676375589241576,11.008342029275726,0.25060608949468055,0.044523711605263375,7.189587133630941e+28,30.029078363909733,2.00206019580584e+38
1.864088763406838,11.010299938951155,0.2500854203760861,0.044949632266653126,7.264820875231016e+28,30.633245784468052,1.9976694888298017e+38
1.8711282286450488,10.997154305540997,0.2513299050160223,0.0442602356359412,7.110797864353639e+28,29.423994257465054,2.005239335959228e+38
1.8745623355465535,10.991549941872888,0.2519195572889279,0.04390357064267796,7.035541796937462e+28,28.84690081810343,2.0090136704116903e+38
1.8779389789886485,10.976908893066794,0.25270995587951234,0.043700976196936595,6.956558696021383e+28,28.267546790109215,2.0115802095667815e+38
1.8812607991892991,10.970166352218586,0.2533125622853443,0.04336057527972783,6.881199026748277e+28,27.715335302360746,2.015037539044619e+38
1.887739352860996,10.956947288425734,0.25449156492248953,0.04269873767502745,6.735439119888836e+28,26.665934953373853,2.021732488522157e+38
1.884526927876365,10.957611164361111,0.25404309633855854,0.043158541604276235,6.810032809255633e+28,27.19183490552719,2.017678340698898e+38
1.8940053378027224,10.93668936686686,0.25580925725636017,0.04221795166118462,6.598262072372395e+28,25.69357970124667,2.0272028233846038e+38
1.8908985167397028,10.946660992479993,0.25515700026528443,0.042468872279523145,6.667792699286681e+28,26.178335604177573,2.0244902867151864e+38
1.900065450783312,10.916931495136076,0.2570922063042367,0.041684003609057434,6.45617609541095e+28,24.74193201836258,2.032402635538918e+38
1.8970601960709863,10.923474226365876,0.25653182966668536,0.04200294774145459,6.525093344402561e+28,25.204739747814973,2.0294128217566224e+38
1.9030202934769074,10.907826488359927,0.2577069516297684,0.04143345614199499,6.390653683604936e+28,24.30128469013969,2.0349814062669335e+38
1.9059251562827204,10.904753839954111,0.2581730533708238,0.04107572666806119,6.3265596131963225e+28,23.874783421892086,2.038270010632735e+38
1.90878194395055,10.894982481437575,0.2587919226329597,0.04081778717638037,6.258714708569407e+28,23.44253712485421,2.0406083856265143e+38
1.9115915358257107,10.878346385563578,0.2595691952592473,0.0407162015866948,6.195618817655965e+28,23.03616833619066,2.0419604883835647e+38
1.917069297122503,10.866818280626122,0.2605891578165607,0.04013540313999462,6.074949474523195e+28,22.26663853109472,2.0473182776015885e+38
1.9143535694275686,10.877867863350106,0.2599556784558003,0.040323103352685956,6.134453252711041e+28,22.644677869307824,2.045378320503105e+38
1.9197394754916595,10.856922322633388,0.26118997265805327,0.039902629591760407,6.012266004513582e+28,21.884053006581865,2.0493376029393206e+38
1.9223655230978682,10.84937947470414,0.2617290956334009,0.039638404473380046,5.951736291454955e+28,21.5161658493841,2.051604054663738e+38
1.9249463832209905,10.838336012423943,0.26234751904809145,0.03942621972892075,5.889808983972982e+28,21.149936665585752,2.0533231646423012e+38
1.9274840738499253,10.828777551215607,0.2629252533902214,0.03924174590731541,5.836446386849302e+28,20.820711029400886,2.0551735796214203e+38
1.9299784641813036,10.826995129837622,0.26330885023665684,0.03886023706124966,5.774949223678578e+28,20.46854174952163,2.058022479517138e+38
1.932431325701364,10.8186970837761,0.2638457136641346,0.03861981774121729,5.717261309054901e+28,20.135793322099694,2.0599151352900143e+38
1.9348419089231366,10.808529144453113,0.2644233621204419,0.038435978263452526,5.663357092056033e+28,19.82200426844105,2.061481149279216e+38
1.9372120968579303,10.798441729515252,0.26499459655414637,0.0382480729102041,5.609420809544601e+28,19.513411693425656,2.062992407370004e+38
1.9395414786030791,10.787728688536117,0.26557671308415626,0.038059534771813223,5.5541367652598425e+28,19.20535142939796,2.064348724154005e+38
1.9418303510332942,10.783437121662331,0.26599594116164843,0.03777680609704908,5.501920436755347e+28,18.912934960656912,2.0665416158157175e+38
1.946293604946668,10.769271645936684,0.266958011698115,0.0373088033968136,5.3981630297736e+28,18.344474101070023,2.0699702169341704e+38
1.9440817682863767,10.769290350072664,0.26665416807667613,0.037633965665122934,5.445257628890613e+28,18.61002011755027,2.0672874871841543e+38
1.9484674895638092,10.758395984163524,0.26752635586629603,0.03711987452463456,5.343762443375554e+28,18.05852901968047,2.071054508986766e+38
1.9527024415294936,10.736817394322093,0.2686466550749143,0.03681559523485549,5.247019503833681e+28,17.540153101687242,2.0730586946220102e+38
1.950604304888779,10.751657646192005,0.26798759201201483,0.036886880004647724,5.293611632085312e+28,17.791281524835817,2.0726698892379526e+38
1.9567928001120591,10.727672087110593,0.2694388939067691,0.03625337533754519,5.1449234154806e+28,17.01985098975698,2.0766284319561334e+38
1.9547657692194298,10.728307014380176,0.26914385410957975,0.036601144049651674,5.195814581020711e+28,17.277506521018676,2.074300661930978e+38
1.9587844238595726,10.718014095023216,0.26995616705620756,0.03608699667716593,5.0982998703902765e+28,16.78004860281464,2.0775940210151724e+38
1.9626638723403627,10.696478162172461,0.27103542292841537,0.03578748382634372,5.005393511567874e+28,16.312090887183675,2.0790297779005392e+38
1.9607417209902698,10.708557520550366,0.2704645509029311,0.03592270409595347,5.052739488707549e+28,16.547256742225418,2.0785335033255277e+38
1.9664085972890735,10.68847822412376,0.27175580053750403,0.0352562466680333,4.912680011722292e+28,15.858083611217392,2.08224723360679e+38
1.9645524660259999,10.696278316992029,0.2713012983729333,0.035446598406617076,4.957252676210905e+28,16.077700897501593,2.0812221505879295e+38
1.9682311598185958,10.677081125586708,0.27229802767790073,0.035160329675312615,4.873249742983863e+28,15.658105006784568,2.0826847282033494e+38
1.9700223626715538,10.670307672521078,0.27271884505472344,0.03495881756648651,4.829970334516088e+28,15.448621422179833,2.0837597443094225e+38
1.971780812255917,10.660399078140824,0.27321598707242684,0.034767800784712435,4.781317163460226e+28,15.224934057319881,2.0843144449503832e+38
1.9735076131831353,10.657108497437878,0.27353969229958336,0.034552705463474616,4.7444078045862115e+28,15.041426601741989,2.0858124338980867e+38
1.9752045410139605,10.648365913013384,0.27399967270347814,0.03437496206828136,4.700673397384813e+28,14.83886720551995,2.0864466991130832e+38
1.9768702422638218,10.636864206591454,0.2745272655664959,0.03423435676289466,4.656217558509639e+28,14.636710793317912,2.0866126480760107e+38
1.980113342481032,10.617264225483792,0.27548525569244864,0.03396750672370404,4.577515409028578e+28,14.271861148798514,2.0873141552193486e+38
1.9785064789271585,10.626240114756216,0.275029188111194,0.03412188788318343,4.617790168909504e+28,14.455990650039878,2.0868620171332558e+38
1.9832402925195471,10.598052490383392,0.27642047327608477,0.03366002956751011,4.4951878089908045e+28,13.905038734193012,2.087885293690621e+38
1.98169157131088,10.609978965583107,0.2758941389475903,0.03379050887547728,4.538061362446982e+28,14.092599202879436,2.0879798087441328e+38
1.9847616437791245,10.59790743047345,0.27663630291978475,0.033394500046580795,4.459422000166033e+28,13.741616607471917,2.0895631086857935e+38
1.9862549680410928,10.588807519498582,0.2770823598573329,0.033270582086048835,4.423832612007083e+28,13.580781163024309,2.0898183072234337e+38
1.9877209598329073,10.57912281400686,0.27754070906502865,0.03310656353358428,4.381929794283517e+28,13.402609888740978,2.0899386899717126e+38
1.9891595054123827,10.577939591710168,0.2777726372218429,0.03284623764324814,4.34504281885184e+28,13.241801127096513,2.091338516200205e+38
1.99057232036196,10.567647599783173,0.278240646368722,0.03275754353813555,4.312270110022705e+28,13.095352707251381,2.0912822234851945e+38
1.9919593737207835,10.56062697734191,0.2786196287075215,0.032587187472119014,4.275613208511586e+28,12.938891596921165,2.0916961748271463e+38
1.993320162909067,10.54942437130161,0.27910603806482454,0.03245180909308967,4.2353152781388025e+28,12.773252393275435,2.0914119931579768e+38
1.9946549060874987,10.54787321079348,0.2793340022685776,0.03224920323795966,4.205779602684005e+28,12.641794039103925,2.0926060287799226e+38
1.9959662710334916,10.530821238432265,0.27997025483841553,0.032229879482745895,4.169393663811651e+28,12.491309222752635,2.0913176472620548e+38
1.997251698208756,10.52828017479663,0.2802181751943232,0.031984918785313045,4.132714825197758e+28,12.341629095080867,2.092283440473023e+38
1.998514327417153,10.522575932801265,0.28054732551898254,0.03181238662627428,4.099299136926058e+28,12.203216841533122,2.0927155253324792e+38
1.999751277431102,10.508594395099834,0.2810944613291811,0.031776925848933976,4.067598198874596e+28,12.071442766195897,2.0917864796442316e+38
2.0009647744949604,10.506079576096715,0.28133236203624956,0.03153047220362641,4.0312239159341675e+28,11.92726183363707,2.0926526223372838e+38
2.002156462545005,10.498956890643832,0.28169088613682086,0.0313798823190383,3.998389426082733e+28,11.794949112746453,2.0927501101816134e+38
2.003324571695553,10.487914657504069,0.282151983931003,0.03133419664516207,3.971616493922752e+28,11.681853725883,2.0921796932704275e+38
2.0055943129972356,10.47908955653578,0.2827095457111464,0.030922749831080884,3.9030029899457817e+28,11.415225215350034,2.093075680271798e+38
2.004470726137781,10.478525132836232,0.28256638392627026,0.03119507670067034,3.936315243381219e+28,11.544957256654918,2.091839492105847e+38
2.0088359792380936,10.453072169506893,0.2838712855675549,0.03060619201435872,3.815329583684495e+28,11.06905936705208,2.0921030697135223e+38
2.0066965277065925,10.471145326893671,0.2830795178732716,0.030807924813947594,3.8737928979760278e+28,11.298712300992108,2.092904201965823e+38
2.0077765111435335,10.460731651268587,0.28351382615141496,0.030750639583778622,3.8474012070062523e+28,11.191587096742099,2.0922955988354963e+38
2.0108900910352023,10.436553967095803,0.2846113046412004,0.030348942940203433,3.7534635456533384e+28,10.834068561856444,2.0914197914028294e+38
2.009873331759943,10.448980792082592,0.28412908457916325,0.030447005411554547,3.788063546418178e+28,10.961623086370516,2.092459957529317e+38
2.01188816277061,10.42858489014006,0.2849701624014525,0.030240036343623936,3.7257372989008023e+28,10.727390749426844,2.091081501201026e+38
2.013821962089192,10.416926971718352,0.2855632976407889,0.029948790546225842,3.6692761959351735e+28,10.51419644549612,2.0910151444229965e+38
2.0128658801754447,10.421996898511075,0.28528887331243247,0.030104956835035928,3.6973939314464965e+28,10.619952651851047,2.0909394682414505e+38
2.014760520786696,10.408083765781907,0.285939128141553,0.029842787346374012,3.640795583628984e+28,10.408309120227454,2.0904412174899817e+38
2.0156799115545367,10.400101252464475,0.2862891804560735,0.029733202980860796,3.613537370045394e+28,10.306845358374558,2.089979964593866e+38
2.016580371025004,10.393132162299779,0.2866091299714015,0.029613030984702846,3.5868905763335285e+28,10.2080196655226,2.0896583324948655e+38
2.0174613841531204,10.38080723823562,0.2870747790501355,0.029571885493550276,3.560718709795698e+28,10.111429557364863,2.088411188414611e+38
2.018324237667409,10.379435981814725,0.2872355013142064,0.029375807716017967,3.5347736355634394e+28,10.016315063236355,2.0889688896944944e+38
2.0191699592957213,10.370741251131221,0.2875967756340235,0.02930059240528246,3.5109804593301775e+28,9.928075670103945,2.088275407571105e+38
2.019996948171617,10.361759912304482,0.28796395075028525,0.029189124851387752,3.4825047509287997e+28,9.827412794448637,2.0875034706693125e+38
2.0208063237026956,10.35811802700156,0.28818062048260223,0.029052600222226423,3.4601290925951457e+28,9.744731749298218,2.0876046631610848e+38
2.023134152519088,10.341391158404633,0.2889792444369475,0.02862513463740317,3.381780242196909e+28,9.46941222571489,2.0867881333927087e+38
2.0223744685815777,10.347787596964274,0.2886921690001754,0.028741916387003835,3.406091159197934e+28,9.555412616710385,2.0872223324337303e+38
2.0215987459711204,10.34873685756421,0.288554964517257,0.02893637242786966,3.4307085354275137e+28,9.642953514175355,2.086712468338363e+38
2.024601653408641,10.329098759911219,0.28953301479141547,0.028381003152132413,3.3330582879347023e+28,9.299209251950392,2.085926964083108e+38
2.023876659144049,10.331237718298436,0.2893694123886507,0.028572758303445,3.359053786161817e+28,9.388534284329968,2.0856892722633113e+38
2.0253125499605322,10.322847897365104,0.28981006266518977,0.028265938013082192,3.3095127666972297e+28,9.217323691859493,2.085445992618303e+38
2.0260063358196234,10.31028897680056,0.2902624766278725,0.028232785077025216,3.285571545343857e+28,9.134987985396348,2.0838598047828603e+38
2.0266852712985695,10.302479528878422,0.29057984399253556,0.028141065448859717,3.262513780567567e+28,9.055696230283635,2.0830621892851243e+38
2.0279963379887667,10.289164968893964,0.29114408497856875,0.027931055434872253,3.217295979343924e+28,8.901357254025587,2.0817918239600067e+38
2.0286298190113445,10.280220163277432,0.29148843225801296,0.027856270871167092,3.194758781721773e+28,8.825210959495509,2.0807293580215674e+38
2.0273485862467058,10.300922485999127,0.2907188851987052,0.027986801186504217,3.242178157462283e+28,8.98453863509313,2.0833151531768218e+38
2.029852396196378,10.269026133868927,0.2919820374617932,0.02761306359777743,3.149661674843512e+28,8.674464225288203,2.0796946823051706e+38
2.0292489577988952,10.282582843298282,0.2915103974834102,0.02765150013436939,3.174920101159339e+28,8.757037111618343,2.0815995107309898e+38
2.0304422343279307,10.258703941165798,0.2923607565402403,0.02759592528263608,3.1319185604602045e+28,8.6130767301263,2.0783261209098945e+38
2.031580895064238,10.250003592665294,0.29277300995551986,0.027297976329023654,3.0849885621792763e+28,8.460265757138258,2.0776044573510405e+38
2.0310183844605545,10.258363434663304,0.2924534227568161,0.027391052481556613,3.108151243550967e+28,8.53559731813183,2.078671991015536e+38
2.0321290287735727,10.240646787371093,0.2931195787808844,0.02728485654993035,3.069457520091827e+28,8.406326933055537,2.076340030601576e+38
2.0326637002416352,10.239348445564385,0.2932338783094428,0.02707659471609263,3.044098305345446e+28,8.32591673767514,2.0764635084689145e+38
2.033185612990982,10.230242682335739,0.29357023936045246,0.02703179921581437,3.025573106591521e+28,8.264632737603677,2.0752043214981123e+38
2.033693766604001,10.218014489460653,0.29399502308836717,0.027003775990068465,3.0044161295592933e+28,8.196592514609115,2.0733743204585467e+38
2.034672985747681,10.208589105350136,0.29440815141901394,0.02680579396242481,2.968658981094323e+28,8.079570304817251,2.0722994804585073e+38
2.034189577679173,10.218588067659056,0.2940501923555926,0.026818236776981325,2.9846107514251763e+28,8.132641392706748,2.0737749061793775e+38
2.035143832505752,10.199718910601245,0.2947323724185589,0.026709663571483112,2.945184133097072e+28,8.00641245191725,2.0710025166923398e+38
2.035602107784079,10.201494385829893,0.2947474335051754,0.026510595092213624,2.9257786629280206e+28,7.9447101369663775,2.0715671749055956e+38
2.0360482626972884,10.19117218990973,0.2951106373503464,0.02651104740393887,2.911056274402985e+28,7.896075766457895,2.0699781925194486e+38
2.0364826093008266,10.183072060154137,0.2954083887666148,0.026419803442046436,2.8895265199428927e+28,7.829322880831656,2.0687635396468233e+38
2.0369047925859114,10.180264694256483,0.2955511102241537,0.02631387817385374,2.873976598665034e+28,7.779122762636179,2.068470012599376e+38
2.0373148035798794,10.169555480139824,0.29592189956296183,0.026249090937981914,2.8518529913329044e+28,7.711475406045783,2.066755253220354e+38
2.0377146409931353,10.170970883135164,0.295938787440394,0.026071612937534707,2.83454249603e+28,7.657150633483316,2.0671835991838665e+38
2.0381019319020064,10.15708398916588,0.29639972214445215,0.026080561512718498,2.8162108870127127e+28,7.60040469416708,2.064868323913543e+38
2.0384784299198073,10.15761283559008,0.2964390413652944,0.025921942361344937,2.7998117690667843e+28,7.549171310257987,2.0651086611163304e+38
2.0388456404471493,10.150904586593235,0.2966883794745214,0.02585155063890434,2.7830008806349283e+28,7.497088835378807,2.0640457982319044e+38
2.039199954637498,10.140460567990067,0.297045561450774,0.025816405232498875,2.7649494115836865e+28,7.4419915644733585,2.0622937107038713e+38
2.0395443364057653,10.139272911786417,0.29713052683724883,0.025678403608945213,2.7485592419692672e+28,7.39163301714386,2.062186221885489e+38
2.039878463865517,10.121304060861307,0.2977068010328088,0.02574580410360368,2.7314410855311752e+28,7.339583587980459,2.059050725754863e+38
2.0408178040243703,10.109642428386483,0.29818745917121253,0.02538951877199127,2.6781596492928932e+28,7.179865987161457,2.0571455647628505e+38
2.0402013981525333,10.119572243009712,0.29780488742290107,0.02557524502418221,2.7110254601511094e+28,7.278961790446164,2.0588166397268957e+38
2.040515738735482,10.11251108059824,0.2980587484997106,0.02552607584754409,2.696386382069128e+28,7.234082017902206,2.057612153596574e+38
2.0411127361351644,10.096593467640412,0.29861598902694175,0.0254362901685209,2.6658219412457904e+28,7.141627970166003,2.0548309793861565e+38
2.0416679838103526,10.089666748297649,0.2989022825591116,0.02519488939038232,2.6314770342721123e+28,7.040038584044754,2.0536170757984818e+38
2.041395504694518,10.09350786107498,0.2987486584148912,0.025325356313728106,2.6501423947578796e+28,7.09470736578549,2.054299388737997e+38
2.041932942658096,10.081804524189058,0.2991741998915493,0.025175222169230703,2.6191941522831712e+28,7.002632928751431,2.0521963541924137e+38
2.0421870634086345,10.080005924139968,0.29926482146832,0.024991408899981915,2.5977520389299646e+28,6.940985518537949,2.0518610552310857e+38
2.0424348601348434,10.068742216605257,0.2996359563320809,0.02502725148373682,2.5869753174689146e+28,6.907998919333666,2.0497978313761856e+38
2.04289839141485,10.055970813564958,0.3000845923814075,0.024870015025887746,2.554459878622823e+28,6.81343788867179,2.0473967317136495e+38
2.0426707552911467,10.064708760387536,0.29979065709281466,0.02494663911346989,2.573481931947125e+28,6.8680004541316,2.049031818980191e+38
2.043116021146465,10.052786981014851,0.3002116107039503,0.024790491114903983,2.5422634135672714e+28,6.777295913715526,2.0467611970189865e+38
2.0433249884200118,10.049619236330349,0.3003369554666339,0.02468317397692978,2.527272422528209e+28,6.73388779128308,2.0461176121027235e+38
2.043527172791449,10.043591700530376,0.300546934718966,0.0246211124929506,2.513367155286232e+28,6.69352513565973,2.044943300228662e+38
2.043720311407944,10.033882184703874,0.300866198734725,0.02456207976676774,2.495244697947868e+28,6.642122535399634,2.0430807702047057e+38
2.0439036150124026,10.030736301581106,0.3009875511953437,0.0244832943003835,2.4833443073273557e+28,6.607481045193857,2.0424074426373024e+38
2.044079877370927,10.021135030075778,0.30130190949266317,0.024426259278277893,2.46572449988134e+28,6.557771554689567,2.040539405588388e+38
2.0442490561302877,10.024562162228808,0.3012238311533951,0.024248122065042583,2.4519307098704967e+28,6.5183880523229805,2.0410583236818382e+38
2.0444078939597534,10.012981906376652,0.30159563591534005,0.02426810402150938,2.439810084460501e+28,6.483646431420994,2.0388014676549807e+38
2.0447040418878792,10.0011921661742,0.3019949068571495,0.024133425513194376,2.412019684498569e+28,6.405154619778654,2.0363510439924817e+38
2.044560050629407,10.011547206077063,0.30166130565291854,0.024156758389714268,2.4268764661277003e+28,6.446876703318374,2.0384043032697692e+38
2.044840905979326,10.001105627891386,0.30201773445405605,0.023998517158581208,2.3984324755631607e+28,6.366942411528187,2.036183995679209e+38
2.0449708976501584,9.995967815640222,0.3021921773919554,0.023921113344239412,2.3845621814203473e+28,6.328110297953381,2.0350760040599095e+38
2.045204269142822,9.978538117589004,0.30275456840871834,0.023876014725281853,2.3593885017776573e+28,6.257733349105111,2.0314959746788127e+38
2.0450909141782128,9.989269819435686,0.3024125501535195,0.023884103218565968,2.372906776484585e+28,6.2953318451892635,2.0336643539012623e+38
2.0453132125643205,9.974664633880254,0.3028882710799327,0.023797953229243395,2.3471137527471465e+28,6.223519669936565,2.030594344111475e+38
2.045412407146541,9.972117350044334,0.302980334420732,0.023702873406830114,2.3347528655828665e+28,6.1892430105557725,2.0299247042783144e+38
2.045505563577472,9.962932772734813,0.30327345605795547,0.023678172498289105,2.3215989384943443e+28,6.1529717175881,2.028014826825956e+38
2.0455894881648633,9.94865654678085,0.30372111132900365,0.023724156176472225,2.3094894486684724e+28,6.119622232192923,2.0251399907167145e+38
2.0456701535241604,9.944373780460111,0.30386389763291477,0.023650960620324867,2.2974126147061487e+28,6.086421218400855,2.0241244439252827e+38
2.0457426676007713,9.954442914977141,0.3035672930694373,0.023370947598370127,2.281729414454817e+28,6.043801227459307,2.0257743328296206e+38
2.045807756857972,9.932389480104003,0.3042510003813716,0.023536828773813485,2.2725825704726427e+28,6.0186157116917895,2.021421335189651e+38
2.045867066371924,9.935174568574467,0.3041745288872314,0.02334891842750202,2.257601563493939e+28,5.978074024389328,2.0216994269433697e+38
2.0459171696780163,9.937965778177778,0.3040965445784556,0.023184377563322707,2.2448428443268975e+28,5.943561421330148,2.02196482569983e+38
2.045965969670917,9.916483300148538,0.3047625903367335,0.023345250045294978,2.236093563014374e+28,5.919690346753958,2.0176907891107302e+38
2.04600339006288,9.927287215189185,0.3044364837179066,0.02306931462430454,2.221726752206256e+28,5.881118732119321,2.0194440700804934e+38
2.0460382065756413,9.922664357559125,0.3045835002093487,0.023000517293831176,2.2099483674007703e+28,5.849442532652422,2.018307771514501e+38
2.0460649293906776,9.901223618312798,0.30524705139587194,0.023157005376338476,2.2010492454398435e+28,5.8255072900963345,2.0140028796838232e+38
2.046086588951911,9.910883740572924,0.3049527557748762,0.022925210555759648,2.1896679356211834e+28,5.795077689010346,2.0155305992908356e+38
2.046112113041394,9.901583447666333,0.30524299748796135,0.022781885151390662,2.1657879601332078e+28,5.731520508125179,2.0131897476938938e+38
2.04610273286519,9.892252041487271,0.30552953391774423,0.023037650309623833,2.179802089149921e+28,5.768739594443398,2.011735872898254e+38
2.0461161427407446,9.883440142019593,0.30580394280057194,0.022916053842713117,2.158656465582916e+28,5.712591535958236,2.009467811948146e+38
2.0461062936829832,9.870512594819633,0.30620298453763545,0.022797695445003506,2.133499276585069e+28,5.646152336132359,2.0063931112156004e+38
2.046113488386869,9.879897010095513,0.3059132134605182,0.022834938404914337,2.147162674727657e+28,5.682211634039933,2.0084843475492347e+38
2.046092691487122,9.869024357351467,0.30624712369714696,0.022735490587193923,2.1260743665286823e+28,5.62668987017131,2.0057845269430873e+38
2.0460511085435242,9.861273030062062,0.3064816165413457,0.022563647808528656,2.101731562240648e+28,5.562831495548129,2.0036493375716365e+38
2.046074834079455,9.86090242844331,0.30649668904247285,0.022683120795048903,2.1124630958596602e+28,5.590911395260879,2.0039174875027056e+38
2.0460211158839385,9.85861127028704,0.30655987068223534,0.022464168795637264,2.089642938162203e+28,5.53124090207287,2.002799383541813e+38
2.0459881131113034,9.852800746867754,0.3067357114120104,0.022420016833807187,2.079397188075634e+28,5.504564552001221,2.0013516038710438e+38
2.04590482118981,9.83648078999497,0.3072321165859634,0.022406376956040135,2.0609781906751905e+28,5.456916582553533,1.997540422489791e+38
2.045854720010228,9.834113958502162,0.3072985343963303,0.022340592557130907,2.0524561553124817e+28,5.435017967412117,1.996722739302669e+38
2.0459491777762193,9.845407541146294,0.30696020667666035,0.02242974916283048,2.0725066098248943e+28,5.486845921179815,1.9995955739945736e+38
2.045798441789281,9.829077743897837,0.30744753013450393,0.022287469566162184,2.042338062646108e+28,5.40896861554574,1.995389684311009e+38
2.0456756453034455,9.820797072933251,0.30768829313158635,0.02215866310693489,2.0219958435355866e+28,5.356701332574109,1.9930549901444534e+38
2.045740548130211,9.824314627635207,0.3075878851094678,0.022232946112116247,2.0324101026161933e+28,5.383436890522763,1.9941089541470404e+38
2.0456059620067295,9.819178749138938,0.307728521289426,0.022051305199709773,2.010541989210078e+28,5.3272648822242035,1.9923568473505804e+38
2.0454541360132588,9.801035452254851,0.30827529433939505,0.022053525138599605,1.992236244638892e+28,5.280720170850435,1.9881071311067826e+38
2.045532395257616,9.81009680733008,0.3080023314637072,0.02207186328176195,2.00312697791356e+28,5.308572078717373,1.9902338042894883e+38
2.04528345053099,9.798686153112943,0.30832347477336774,0.021855464113558876,1.971979014863114e+28,5.229206777646363,1.9868454409364603e+38
2.0453710527939246,9.800039348590836,0.3082941053667297,0.021975315042731963,1.9841624411412693e+28,5.260387604696337,1.987512945049421e+38
2.045192982896444,9.792601948253743,0.3085013917410505,0.02182946934072245,1.9635262135544312e+28,5.207943708109214,1.985272967384706e+38
2.045096264344556,9.782357933103736,0.30880984767240205,0.021858825368390986,1.9559042261355346e+28,5.188954417861398,1.9828956892540232e+38
2.044996845726987,9.784438073640413,0.30872918664226134,0.021702463943805622,1.943978713872879e+28,5.15857014697473,1.9828727015571226e+38
2.044891788857082,9.763353912021033,0.3093799991272703,0.021870527523391196,1.9380163537920785e+28,5.1440695278700925,1.978406643024081e+38
2.044669848899821,9.76183478028352,0.30939456125995574,0.021660266623277347,1.9178917017736313e+28,5.0934161797669715,1.977248552675537e+38
2.0445516119661717,9.758476467976262,0.30948313977449216,0.021618503896088458,1.910903467984331e+28,5.07632483899431,1.97616183826509e+38
2.0447822214823406,9.759532984856323,0.3094845402320724,0.02181371493228153,1.9292025696724936e+28,5.12204720915325,1.977241016291398e+38
2.044431239640718,9.759251040568287,0.309440357430168,0.02150325062985615,1.9014704578082611e+28,5.052753220260851,1.9758671789446494e+38
2.0443067321542134,9.749173047070473,0.3097413699584876,0.021522768523892434,1.893389864415569e+28,5.032813087319392,1.973485152354109e+38
2.044177897551779,9.750742741466944,0.30967199004166374,0.021386088068787817,1.88288094423245e+28,5.006456727699827,1.9733338817625833e+38
2.0439099546000663,9.733301975924919,0.3101862171758172,0.02136969552339427,1.8646715279722195e+28,4.961289767517726,1.9690667009646487e+38
2.044046218140879,9.733312413426457,0.3102065640437504,0.021520279754162965,1.8778212373534464e+28,4.994611776973413,1.9695282969898705e+38
2.043769733821215,9.72277457125418,0.31050077043763297,0.02144367021102544,1.8610293359933798e+28,4.953297920649996,1.9665747040138637e+38
2.0434780719797683,9.721027785873785,0.3105122459270695,0.021232459866985784,1.8410443541776288e+28,4.903603997468045,1.9652984314523995e+38
2.0436245304951446,9.717120761429232,0.31065935928927363,0.021400429462482662,1.8518828353464998e+28,4.930704987323082,1.9650142535242623e+38
2.0433271811630207,9.710960149235985,0.3108112110066534,0.021294716829433187,1.8369009814691e+28,4.894374905074736,1.9628818895330146e+38
2.0431724922856724,9.710912394701221,0.31078920956187134,0.02114192850705944,1.8236764854129202e+28,4.860978288055871,1.9623938923227824e+38
2.0430138103588673,9.69866733484391,0.311157428959437,0.02121523208846039,1.8184908522001512e+28,4.849038769851869,1.959545541403867e+38
2.0428519001961956,9.697432061399846,0.31117240209137004,0.021166724392811396,1.813177831992457e+28,4.836787794318082,1.9588207270393024e+38
2.0426880483413945,9.697546762862592,0.31114376354369816,0.021012861223984106,1.8001041042586109e+28,4.803838853782464,1.9583558852448754e+38
2.042522061612375,9.684741687420734,0.3115298382845315,0.021080552916127013,1.7940115025167414e+28,4.789525505828455,1.9553911122110002e+38
2.0423485644309243,9.687240710650615,0.31142301741228967,0.02094791925262814,1.7850252550977191e+28,4.767559156566123,1.955375610674609e+38
2.0421748782732823,9.68101726945613,0.3115967144985762,0.020967394094715593,1.780952963721286e+28,4.7587057352400794,1.9536744329175437e+38
2.041996317197904,9.676719938829152,0.31170783426269144,0.02092246996317682,1.7731963566420573e+28,4.740051994335687,1.9523391639149717e+38
2.0418172312626917,9.671621274191835,0.3118448081077728,0.020901952887161006,1.7667955274920972e+28,4.725013089740291,1.9508502030668506e+38
2.0414450804054822,9.667045017064313,0.31193556635114833,0.020717646237630505,1.7470773580141186e+28,4.676540271453278,1.9489426785576944e+38
2.0416334808044785,9.662448933895593,0.3121127445302712,0.020868715806152197,1.7556373051603527e+28,4.697285449698174,1.9485644165072337e+38
2.0412556723631887,9.659160121656925,0.3121612378958357,0.020762391765554496,1.7437219171196736e+28,4.669724412037699,1.9469013041909515e+38
2.041063409171898,9.650448502955532,0.3124136023843783,0.020746314154453577,1.7345285600157025e+28,4.64729260571092,1.944695258155387e+38
2.0408672995740815,9.650279168230973,0.31238906647476555,0.0206874828272212,1.7294581329438204e+28,4.635934220316801,1.944143147506443e+38
2.0406695543626245,9.64109210253194,0.312656447179661,0.0206684564800102,1.7196585398907846e+28,4.6118995864368,1.9418382765111098e+38
2.0402630310021372,9.63885246777378,0.3126667954374531,0.02052512706447103,1.7057506157622633e+28,4.5791596233222664,1.940350697784342e+38
2.040467952930527,9.639641649199872,0.3126725992886269,0.020620474649311427,1.714376173666131e+28,4.600004735176487,1.941032144678054e+38
2.040056098948767,9.627932111690587,0.3129896857114415,0.020552010334982305,1.6983313386987854e+28,4.561555051713387,1.937697356600816e+38
2.0396343012662035,9.628564562297441,0.31290441820326964,0.02037113676419999,1.6839376838124672e+28,4.527573698204894,1.9367547749388767e+38
2.039847809498442,9.632045744818829,0.31282407220126085,0.02041401940445572,1.6905352193275774e+28,4.542934114230739,1.9379685997838742e+38
2.0394195707214404,9.619327320607558,0.3131719199840641,0.02042151159404875,1.6800198652834214e+28,4.519418425407278,1.9344208360544573e+38
2.0392029527011672,9.61075694397778,0.3134178971436694,0.02040199158289976,1.6709503736215405e+28,4.49740856788714,1.932213826163433e+38
2.038981640652246,9.60758047817474,0.313487493531494,0.020361788896997367,1.664903640667906e+28,4.483566070977358,1.9310512295792666e+38
2.0387610333134654,9.602470107688847,0.31362039369559835,0.020329088184245097,1.6578137466402544e+28,4.466889018495047,1.9295150582834118e+38
2.038533900343983,9.597782475179843,0.31373861168192085,0.020293087174972517,1.6508425434200714e+28,4.450584077008359,1.9280510699470383e+38
2.03830787213538,9.600798592589978,0.3136052741029258,0.020183094624426308,1.644476111084272e+28,4.435879170492997,1.9280944101981693e+38
2.038077030390312,9.598770635786249,0.31363600646994,0.020120146254740994,1.6376165619796357e+28,4.419878159445551,1.9271468163897833e+38
2.0378445026688956,9.58744383788298,0.31397071677318067,0.02018470267797571,1.6332006289009463e+28,4.410475107533509,1.924384034525916e+38
2.037373588652389,9.569876195346952,0.31447439314779363,0.02020930923891622,1.6202651227715915e+28,4.380601744405149,1.9198410773421906e+38
2.037610823264941,9.589850736226369,0.31385592122025113,0.020054723043989274,1.6247214855890883e+28,4.390093574281193,1.9243013172844783e+38
2.0368934032596213,9.569551140123323,0.31441095461067525,0.02004962624236751,1.6071896860077443e+28,4.350374815337983,1.918661673970834e+38
2.037135781874133,9.572619492065154,0.31434757625186366,0.020082304258969785,1.612391652075972e+28,4.3618598074012045,1.919823250203157e+38
2.036649078277072,9.558248349375106,0.31474499276376944,0.02009931891976903,1.6016805841026118e+28,4.338063788147732,1.9158864978915952e+38
2.0364033246322357,9.567687099515998,0.31439654791557525,0.019896145036417703,1.59333381887585e+28,4.318061614056601,1.917170272163831e+38
2.036155453527812,9.557961838829637,0.31467814023824253,0.019944817070159538,1.5891304001002128e+28,4.309292011937118,1.9147026575025354e+38
2.0359059527936503,9.559432656333687,0.31459117053541974,0.019831210147912996,1.5812947326051645e+28,4.290671947881453,1.914424036615516e+38
2.0356539273659937,9.54872330057499,0.31490501275803623,0.019876197462149678,1.57602413310573e+28,4.279018596669492,1.911759139031787e+38
2.0354008924693043,9.550035442243727,0.3148226081074668,0.019802850365522744,1.571287443172588e+28,4.268810582593114,1.911447445362029e+38
2.035144322846691,9.54933616183446,0.31480597455974924,0.019698521685959012,1.5624371687009827e+28,4.247442865200772,1.9107370620668303e+38
2.034885551712708,9.537198645461908,0.31516653348718476,0.019778266867277534,1.5588179278413337e+28,4.240299168678938,1.9077849608155867e+38
2.034626042697031,9.53877067199475,0.3150744062422888,0.01968504985260165,1.5527501325988007e+28,4.226487875103883,1.9075185034152944e+38
2.0340991525971543,9.516771258686019,0.3157209661703513,0.01978647025844737,1.5428350565763138e+28,4.204941437392803,1.902046298331525e+38
2.0343643805311427,9.529403483913327,0.3153435574246728,0.01971249347734096,1.5472951305819402e+28,4.214348929153337,1.9051063515436537e+38
2.03383534961716,9.522223953142586,0.31549925291753,0.019648722850612473,1.5364884547904886e+28,4.190360543960928,1.9025412820854797e+38
2.0332981050795182,9.520599386264832,0.31546973435188147,0.019481856830118355,1.5221407746446193e+28,4.156718247733431,1.9010576096428277e+38
2.033567621337487,9.51111631289206,0.3158261315515671,0.019696777060183975,1.5312836675490113e+28,4.178915660032137,1.8997793265437413e+38
2.03302675819638,9.50877373047456,0.3158199182891448,0.019535045132190305,1.5168407997691654e+28,4.145009933503947,1.8981529461683233e+38
2.0324785482726355,9.507846822868554,0.3157655373569601,0.019418459500712016,1.507053509773938e+28,4.1238215871441675,1.896797425085898e+38
2.032752828493084,9.496906896463381,0.3161719435049743,0.019624272284455842,1.514284511402669e+28,4.140813377987958,1.89523388057671e+38
2.03192553155397,9.500855581442933,0.3159119148425165,0.019335108741990847,1.4950758255252716e+28,4.096616691336905,1.8942498971956047e+38
2.032202597183614,9.489297814825761,0.31633981797138033,0.019561706471345166,1.5034193636829043e+28,4.116671160238101,1.8925657308952422e+38
2.0316464709902484,9.491199944250518,0.316189869159738,0.019392577064140035,1.4919152579919568e+28,4.090764821582137,1.8917643054237842e+38
2.031364605167933,9.480206250370662,0.31651261952629195,0.019455646466772482,1.4881188324641488e+28,4.08318686538309,1.8890100070222106e+38
2.031080756487891,9.488662573638917,0.31618635472913076,0.01926859292089185,1.4803964459000886e+28,4.064836898508222,1.8900781638848158e+38
2.030795519636335,9.48462783563172,0.3162764368131738,0.019248028308735805,1.4756750621562505e+28,4.054719379990528,1.8886899147049705e+38
2.030511680861409,9.479542137271975,0.31640188777158523,0.019253201518156415,1.4721185346292847e+28,4.047775034409576,1.8870994038713726e+38
2.029935411675472,9.472195803328239,0.31655741296462336,0.0191923903463686,1.4617914587124348e+28,4.025087897972314,1.8844623779391508e+38
2.030221922930903,9.465485281533857,0.31682654675690997,0.0193305886367273,1.4671094645217922e+28,4.036881498148963,1.8837341640785342e+38
2.0296448109872167,9.47163564004777,0.3165308142486052,0.019076925432878377,1.4525674719865973e+28,4.002553525513414,1.883753441986289e+38
2.029352579518799,9.450914047122362,0.3171791490634752,0.01924611648432936,1.4494899027209949e+28,3.996949882568146,1.8790755888972114e+38
2.0290580746370637,9.456219502850196,0.3169551902024549,0.01911162083916409,1.443405187132813e+28,3.9830606785684477,1.879519509544197e+38
2.0287633354988546,9.457123490748105,0.3168788568541457,0.019082525605521893,1.4418967782761334e+28,3.981789356515905,1.879096517810355e+38
2.0284676379598783,9.448548926668629,0.31712019678328973,0.019052403054434265,1.4331061481296912e+28,3.9603994352114187,1.876808006220423e+38
2.028170608100781,9.450490488252827,0.31700861925743823,0.019013074154805448,1.4316178542562738e+28,3.959184405255231,1.876588260211724e+38
2.0278689111754034,9.433312549112662,0.31753864589321074,0.019110693291255497,1.425937792320025e+28,3.9464103478025385,1.8725956496291567e+38
2.0275717798217547,9.43017909362689,0.31759761501032613,0.019084541691077254,1.4216230483578952e+28,3.9373526450856815,1.871379861562522e+38
2.0272707832946666,9.441501317595977,0.3171696613975914,0.018866693110938516,1.4138524634709845e+28,3.9187389483633064,1.87300646996595e+38
2.0269679476693327,9.421589398223526,0.3177924997114619,0.01901886885690598,1.4102904591325267e+28,3.911787090934634,1.868476755952694e+38
2.026662798265343,9.42063075530523,0.3177769913963464,0.01899307510331146,1.407661432679176e+28,3.907435174148349,1.867680029265975e+38
2.026051071804308,9.418320379197365,0.317759003077421,0.01883354497371573,1.3941271618126826e+28,3.8757119588576376,1.866010143244876e+38
2.0263580511973944,9.42976650731893,0.3174213850172848,0.01880764190917923,1.40069010511964e+28,3.891008476357371,1.8688741442226215e+38
2.0257423727978687,9.41449715948757,0.3178396097821626,0.01880826360614964,1.3894322146385264e+28,3.8656038901194076,1.8646459520006668e+38
2.025433616015965,9.405871180750461,0.31808260710148156,0.018883954733090683,1.388644570977939e+28,3.8663581380337115,1.8623353224171817e+38
2.0251243121298192,9.416123300618947,0.31768776250582237,0.018685429262760542,1.3815505518723071e+28,3.8495449118776173,1.863747961388999e+38
2.0245001537314717,9.395572286331497,0.31828451571837546,0.018798669060403596,1.3748214860986932e+28,3.8367039399985563,1.858472639986364e+38
2.02481446926034,9.41166617743834,0.3177895821983883,0.01868325381163345,1.3781233935531353e+28,3.842934431133407,1.8622614024718727e+38
2.024187654698403,9.389387523850754,0.31844500649314644,0.018778802518605767,1.3688543217366532e+28,3.8230010744129537,1.8566417878908433e+38
2.023872963746634,9.387495907813983,0.31845965724393027,0.01875811093039337,1.3659692429316986e+28,3.8179103302599584,1.8556564073705273e+38
2.0232405264107443,9.387471266888827,0.3183609778697863,0.01860090661486409,1.354503817363306e+28,3.7917849925063662,1.854425912052091e+38
2.0235578212300407,9.398427270251899,0.3180397245612445,0.018556167694158555,1.3591495035685502e+28,3.801808052833894,1.857200783737382e+38
2.02292370817953,9.389703149133192,0.31823546502901856,0.01854720823060337,1.3521998315851181e+28,3.7883003484344915,1.854253350313349e+38
2.021964279780237,9.36776762571004,0.318829358261089,0.018586768203598173,1.3393295354744553e+28,3.761153850976996,1.8480794242257337e+38
2.0226043536707228,9.387292505345107,0.3182669354251421,0.018496694870081088,1.3467869589514072e+28,3.7761154295028443,1.8531619452481783e+38
2.022286194618019,9.370278383572787,0.31879467510510007,0.018627247545365103,1.3440461201779591e+28,3.7713959791296,1.8491922570658496e+38
2.021643047575593,9.36842571595107,0.3187563126226616,0.018485308868734708,1.3324864963436047e+28,3.7449108301430187,1.8475950351352224e+38
2.021320995028129,9.35986990933751,0.3189968609937423,0.018555052906429496,1.3314175503531346e+28,3.744888489539009,1.8452901184219287e+38
2.020997118796518,9.368658912431242,0.31864653613203187,0.01839705267783233,1.3262897337147826e+28,3.733455539089371,1.8464083602514298e+38
2.0206720909549722,9.36735391302645,0.3186396742917923,0.018329865042437794,1.3205259161827638e+28,3.7202211800953746,1.8455323470256826e+38
2.020346527324353,9.35548039114133,0.31899267304203666,0.018384853670400117,1.3161144549653208e+28,3.710781470377386,1.8425718249209032e+38
2.0200194157803524,9.344206426823275,0.3193258338403185,0.018457623712398334,1.3133815935170205e+28,3.7060754309038964,1.8397251967960004e+38
2.0196942922502354,9.34769912526794,0.3191551435995433,0.01834371106848161,1.3077172272348556e+28,3.693062877526304,1.8398020700232512e+38
2.0190376765676086,9.348544060537884,0.3190225478602523,0.018241991893102463,1.3010535496029044e+28,3.680222730706374,1.8387320459752915e+38
2.019366758865897,9.340756696456884,0.31934055684421697,0.018384219971312545,1.3057454607871846e+28,3.6904859605203417,1.8378133460278997e+38
2.0187084680370404,9.338738031618545,0.31930546168036267,0.018269027318200525,1.296162363230655e+28,3.6693778105685086,1.83617835208308e+38
2.0183781164773698,9.330821200429003,0.31952408260389176,0.018310110004627518,1.2935800466835319e+28,3.6650652544545936,1.8339956100366846e+38
2.0180460164720575,9.327549196295296,0.31958357590945663,0.01828523436315851,1.2895592172640648e+28,3.65668047316006,1.832728609534404e+38
2.017713371147491,9.335952539112805,0.3192432857001784,0.018125753592018318,1.2840805424420784e+28,3.644147547562082,1.8337674171946557e+38
2.017381092215544,9.3263072002769,0.31952082191276937,0.018199396930800957,1.2826512760151134e+28,3.6430901203987927,1.831244619507351e+38
2.0167137165291953,9.326721663256103,0.31940092606177795,0.01804793575490246,1.272259303322273e+28,3.6195570181376984,1.8300864875332344e+38
2.01704942419188,9.321081737893536,0.3196473871313242,0.018156036619365497,1.276014616595576e+28,3.6272208326995523,1.8295960844714345e+38
2.0163798939513957,9.299861364201561,0.32027041241373233,0.018288454137246963,1.2707566382109442e+28,3.6182755986428856,1.8241584744821914e+38
2.016043469278854,9.30776286450581,0.3199451395938181,0.018145792131221465,1.2662093017991867e+28,3.608336964387154,1.825102693568691e+38
2.0157076519283477,9.309635223896606,0.319827508701195,0.018078386354002492,1.2627750815008626e+28,3.601549007226547,1.824853762090832e+38
2.0153701834014406,9.28831347478359,0.32050801916068355,0.018245260985964382,1.2599038935067215e+28,3.5963696207925433,1.820013919038509e+38
2.015031532032055,9.28586095510412,0.3205387990286359,0.018216656299047403,1.2562687690833856e+28,3.589007602420153,1.818907835432619e+38
2.014692984958914,9.29480609865248,0.32017651646729045,0.018054749371798042,1.2511118938035214e+28,3.5772791329566824,1.8200596346130123e+38
2.0143542478104375,9.294264498603486,0.32014133845606035,0.01797352822110103,1.2451208142046837e+28,3.563143368942205,1.81933288659992e+38
2.014014826927665,9.275246747585694,0.3207436940687783,0.018160567042380532,1.2452592644802158e+28,3.566543389745019,1.814948919075212e+38
2.013675233992798,9.287804238326753,0.3202560264431035,0.017929068291010385,1.2377302469555472e+28,3.5479697473388083,1.8168168962253365e+38
2.0133341323412517,9.285472344730934,0.3202821908549834,0.017908083145525805,1.2347303509551927e+28,3.542369746244781,1.8157350507489815e+38
2.012993889820892,9.279152697255446,0.3204461590091123,0.01793461595333565,1.2323574818049592e+28,3.53855109136413,1.8138676694907733e+38
2.0126508644630317,9.276629200676394,0.3204787084563876,0.017892138270660708,1.227767833641035e+28,3.5283777768915496,1.8127467271777006e+38
2.012307994329752,9.275469079048063,0.3204641892916244,0.01784081835996825,1.2234809139384585e+28,3.5190544273283013,1.8118965214835744e+38
2.0119663168459865,9.258237317688549,0.32100613454798677,0.018000634264342615,1.223016651150751e+28,3.5207070417029573,1.807869140445039e+38
2.0116213843980133,9.26639286214234,0.3206686253883666,0.0178517317806968,1.2182513864405826e+28,3.509996985245944,1.808862267322507e+38
2.0112777345711597,9.257231778597331,0.3209311287010203,0.01788008060645699,1.2141663077624042e+28,3.5012167357236366,1.8064310780789872e+38
2.010933286269486,9.248232421261271,0.3211884077444496,0.017952841079779115,1.2131929615263648e+28,3.5014071580196755,1.8040300331658575e+38
2.01058803796291,9.259323779947044,0.32074859214163093,0.01773561872515286,1.2057179181626847e+28,3.482822093636976,1.8056061462146535e+38
2.010241908215845,9.25730821595107,0.32076319769090367,0.01771788131412925,1.203201661723762e+28,3.478546855081097,1.804586963568874e+38
2.0098956153118372,9.24578658087363,0.3211075917815708,0.017805061161827423,1.2016162958945359e+28,3.476957189037686,1.8016888617418246e+38
2.009201343524979,9.245830014284543,0.32099516469659284,0.017669023057426566,1.1924634539294455e+28,3.4564384374678867,1.8004583006483302e+38
2.0095509438953916,9.241953629064417,0.321185677310447,0.0177778802902693,1.1972970721575037e+28,3.467431307319884,1.8003150591026984e+38
2.0088557655039114,9.240636725129109,0.321120324301342,0.01771209264821203,1.1920168070811214e+28,3.4581167183054498,1.798815914124896e+38
2.008506186463934,9.226328891690493,0.3215623375699875,0.01781897624467139,1.189954691352791e+28,3.455139642501999,1.7953624539564827e+38
2.0081593528502175,9.230405723186268,0.3213648081795152,0.017704629483059033,1.1849330533513422e+28,3.443531027298286,1.795554944277225e+38
2.007809566936181,9.218213345546978,0.3217338080138121,0.017799948080364954,1.1834653002211302e+28,3.442262456168561,1.7925207859859894e+38
2.0074606160653294,9.228788951320741,0.3213092692830036,0.017623705969048126,1.1784843727474073e+28,3.430755017084875,1.7939974830654446e+38
2.0071097026600095,9.22601119628177,0.32134982538789847,0.017595448223243,1.174825158709981e+28,3.423093281289356,1.79282787755989e+38
2.0064102062526787,9.219360780813982,0.3214695579240057,0.017575521677186342,1.1692713124296068e+28,3.412853927708039,1.79027907566585e+38
2.0067604443081852,9.218366707091114,0.32156034561408664,0.01762826284677659,1.1721479616997084e+28,3.41826575789035,1.7906996882568334e+38
2.005355135217103,9.206175292130782,0.32176069383005285,0.017547419907570902,1.15907752743307e+28,3.39200950872755,1.7858174935394748e+38
2.005004112112946,9.19680752931488,0.3220320563056806,0.017609781925717542,1.1572907541512316e+28,3.3897462803458165,1.783348679128064e+38
2.005707043769424,9.215613780023526,0.32148755770041615,0.017469421091480537,1.1598527541468124e+28,3.3913015418650603,1.788301107223246e+38
2.0060594306666313,9.219362281709582,0.32141330389445805,0.017478206147610184,1.16279801259101e+28,3.3969280875235985,1.7896615779122142e+38
2.0046531663653595,9.191038390450082,0.3221777909285691,0.017623788915561,1.1545831110646441e+28,3.384776730184819,1.7815928329922264e+38
2.0039462480885124,9.187693419075007,0.32218143275279915,0.017561637248048358,1.1484193308043083e+28,3.372649428186788,1.7796981485082103e+38
2.0043001142634984,9.18955132664214,0.32217317616786884,0.017613171184480365,1.1529543501774698e+28,3.3829797938618027,1.7806825512337744e+38
2.003592862110083,9.19650439649618,0.32181599683506873,0.017391286181864578,1.1427431666114364e+28,3.3589404278956296,1.7808252938451733e+38
2.0025323797655368,9.188446373797284,0.321927737415019,0.017313329981517415,1.1326456173458178e+28,3.3380847681980224,1.7773886205036843e+38
2.0032397466636502,9.186668719856636,0.32210377013803054,0.017422559786606652,1.1386893497696603e+28,3.349975753452901,1.7782662754393288e+38
2.0021781819597138,9.178094063981932,0.32223384637195834,0.01737103649822064,1.1300333788995572e+28,3.333332963457222,1.7747284859216134e+38
2.002886223854954,9.17794725047328,0.3223529561809924,0.0175352185734376,1.140622639588036e+28,3.358625940829104,1.775926258023794e+38
2.0018231022130335,9.167095393727905,0.3225632464783205,0.017466556359302027,1.1294553326959343e+28,3.334583701888186,1.7719375306199385e+38
