0.18322564569718594,17.02098813829391,0.015900926385220258,0.01191568656088878,1.7003797852508945e+29,7814760.573025064,9.127097432237411e+36
0.17370494269738154,17.812557298956836,0.014404786875033534,0.009455955758228695,1.6937129994174994e+29,10164358.798132796,8.568549198013472e+36
0.16459508086463503,18.75099936172188,0.012966219453757628,0.007328345209838922,1.6968014691192563e+29,13330542.4165587,8.053718995684296e+36
0.15590534988863455,19.890754904457573,0.011577923813246084,0.005509080232554973,1.7133198428088323e+29,17653645.491638273,7.583310124292931e+36
0.19314841929873586,16.36288907632014,0.017436210649545206,0.01463214001621183,1.7143946280249886e+29,6052796.230104485,9.72916113667397e+36
0.14764498129775444,21.292948482396497,0.010242449255884923,0.0040008538523720345,1.7491808789475175e+29,23661502.740645047,7.15849367940862e+36
0.1398239447353199,23.050589795212915,0.00896025652587545,0.0027918330451302442,1.8146909420903277e+29,32225225.674669985,6.781369030249678e+36
0.13245332942798974,25.288447228853016,0.007736805004684429,0.0018678462372223397,1.929545199514027e+29,44920192.29593372,6.455590149466092e+36
0.22523125893039025,14.900004000013249,0.022328688472256875,0.024342097137475736,1.7856360013922284e+29,2923820.181729202,1.1795107042028182e+37
0.23666268742526334,14.550431853475038,0.02402563327519719,0.027874008266842547,1.8158578931957954e+29,2321314.2991825,1.2570528583005386e+37
0.2484436935020935,14.240196983747671,0.02577109758039081,0.031597891040777294,1.8481665216660058e+29,1853114.5298974914,1.3389105103408007e+37
0.21416122737250437,15.319671177781126,0.020649633057201473,0.020859192817081852,1.758116842002447e+29,3703774.575995038,1.106319355202923e+37
0.2034635460673003,15.802137149887097,0.019019176892964937,0.017618973805791673,1.7340545731075546e+29,4719877.881993873,1.0374540690049977e+37
0.26056238364590834,13.961669268982712,0.027567368253288423,0.03551757431910488,1.882058182470049e+29,1487220.9693055793,1.4250663277789814e+37
0.2730056282500221,13.721824661950189,0.02938871992733007,0.03945264409051332,1.9170721580425565e+29,1199724.43729655,1.5155215157039984e+37
0.2857602960632468,13.51932410751151,0.031222512098331084,0.04328996122680887,1.9528330344994577e+29,972650.299744747,1.6102680717253695e+37
0.3396266323638577,12.90036954266794,0.03888844007869713,0.05877074697256218,2.0973696731962064e+29,440521.73166520224,2.0310325014236986e+37
0.2988132974510702,13.330369706642486,0.03311148517031523,0.04730705420933631,1.9890234104054895e+29,792394.2987284847,1.7092080510360436e+37
0.3257599995577724,13.019759113292814,0.03695861958018885,0.055166363742905296,2.061541689287889e+29,533340.2875502021,1.9196136742912686e+37
0.3121510837928399,13.17034665615698,0.03500971506585871,0.05116901248100869,2.0253313427058156e+29,648593.9533840073,1.8123661528200443e+37
0.35373705140527073,12.780544920361885,0.04088388099787125,0.06261372839420425,2.132649267400513e+29,365441.3852442057,2.146372364323413e+37
0.36807740457705934,12.679366953538823,0.042880764757321915,0.06620637139507189,2.167158411897941e+29,304435.93613178236,2.2656963758263975e+37
0.38263411901479305,12.589952318523366,0.04489319789696617,0.0696548942118032,2.2007721464852655e+29,254658.19936769488,2.3888953985080737e+37
0.39739330563380076,12.511731466496945,0.0469163337722397,0.07292439954661764,2.2333816982023912e+29,213875.61255353643,2.5158933031926045e+37
0.41234098197046753,12.43037246707406,0.048999685649309954,0.07640070809516769,2.2647543983766733e+29,180318.23811783615,2.646428788151745e+37
0.42746426262150033,12.368893927216472,0.05104931068779959,0.0793616144580113,2.294921512537142e+29,152605.37269358052,2.780705306990882e+37
0.44275119144397496,12.310296004229055,0.0531266189823484,0.08229009903811212,2.3237696819077747e+29,129626.98985242186,2.9184301248316366e+37
0.4737664491190311,12.208992296255957,0.05731989911967088,0.08772366806178954,2.376943719033354e+29,94514.499069833,3.2039306996855244e+37
0.4581892154452415,12.259840143493456,0.05520532749507877,0.08498515110934263,2.3510946077333952e+29,110496.07181569077,3.0595885392616054e+37
0.4894710413369834,12.169099002779387,0.05941409871930273,0.09008603095224213,2.401334122189597e+29,81118.26001938908,3.351583443018807e+37
0.5052913585592695,12.130899451433462,0.061527575668586985,0.09237572520128264,2.4239624807968076e+29,69842.14770393925,3.502258573350879e+37
0.5212157270454915,12.102000952808078,0.06361818342324552,0.09429923121185695,2.445102576779686e+29,60326.83948995711,3.656044265996456e+37
0.5372325649198793,12.070358751163363,0.06574505408217254,0.09629820422487023,2.464461834769357e+29,52265.064967982114,3.812507738202574e+37
0.5533309793032859,12.038861614206395,0.06789229640518184,0.09826663534188193,2.482196819538986e+29,45416.361068912855,3.9715889837376462e+37
0.5857290791918853,11.989177945628027,0.0721652822702592,0.10155588850355766,2.5127839998525717e+29,34591.72961730607,4.297554893905414e+37
0.5695000315413498,12.018376912656317,0.06999529813712102,0.09974910263134498,2.498280018326115e+29,39579.78217594404,4.1335445791890357e+37
0.6183250761362392,11.95007836138158,0.07643056001190127,0.10420509255938235,2.5365634286501042e+29,26635.599501399465,4.632928259460295e+37
0.6346720344177295,11.939137864551343,0.07852308078778646,0.10507301497014193,2.546003797672785e+29,23464.60689461387,4.80409396012177e+37
0.651038669249971,11.917855797672782,0.08069183535199477,0.10633999488539449,2.5538200003653052e+29,20723.228113058096,4.9766010152179215e+37
0.6020073895001974,11.968859444276363,0.07429677973951658,0.10293980349444197,2.525516362666945e+29,30313.92163306931,4.464145777935985e+37
0.6837942456895669,11.897322876218347,0.0848979354312073,0.10771519872259122,2.5646390085011033e+29,16281.712527018553,5.327915921567423e+37
0.6674158885757369,11.908534321779868,0.08278643169581427,0.10701364666100481,2.559963329895199e+29,18346.45185271704,5.151498067976486e+37
0.7001656082948384,11.880842346902655,0.08705114279123485,0.1085887200384165,2.567579482046476e+29,14481.750829979872,5.50547454402655e+37
0.7328518525718937,11.858452906912513,0.09128703301795585,0.10969337440933648,2.569351843086508e+29,11535.692676638659,5.865171672641807e+37
0.7165208398228469,11.869789745919675,0.0891675297311307,0.10916406579620795,2.5691996300546633e+29,12910.84797074274,5.684726450364106e+37
0.7491514161070308,11.850936729890181,0.09337655785751914,0.10998720054634765,2.5680800857238557e+29,10329.078709194553,6.04702284354816e+37
0.7654110692470556,11.84880004074965,0.09542041551569869,0.1099729162142107,2.565432610959483e+29,9268.041410718746,6.230329055486319e+37
0.7816242993204139,11.840202696631922,0.0975124010631257,0.11020546346160462,2.5615440520950786e+29,8333.215536544549,6.413958846254076e+37
0.7977839563776742,11.830374798210174,0.09961109856466367,0.11044190577388677,2.556403645100047e+29,7507.649417966817,6.598192230234594e+37
0.8138840128879369,11.82314300487324,0.10168350559908887,0.11049516347788338,2.5498286633452498e+29,6776.406617722228,6.783294903966545e+37
0.8617630894851126,11.809167392312185,0.1077927483815781,0.1100088223392825,2.5236372326679424e+29,5039.512541128727,7.342086818014993e+37
0.8299174679397421,11.82120885442775,0.10370362806124217,0.1102564985032514,2.5422406897352407e+29,6128.344701015428,6.969478138780795e+37
0.8458792390269889,11.812371994376043,0.10577722900469971,0.11028730436383856,2.533460372123278e+29,5552.305240703168,7.1553107181914515e+37
0.8932777711783918,11.80228780913776,0.11179986033358146,0.10933928045062488,2.500980089135741e+29,4173.290795170392,7.716134511970117e+37
0.8775642920911575,11.799932716854906,0.1098551313768629,0.10996842013103246,2.5128621099916866e+29,4582.209989016978,7.528299694861572e+37
0.9088980798218707,11.791928450583859,0.11385478453118861,0.10926174547332038,2.488257537383029e+29,3807.329347216123,7.902219771244493e+37
0.9244213345642108,11.792033912749488,0.11579829784762098,0.10866886981046214,2.4748664318841752e+29,3479.3892164210465,8.089699225123529e+37
0.9398428079693721,11.783156187713114,0.11781878050474315,0.10843316507443264,2.4602164824591025e+29,3184.184760818777,8.275616321421501e+37
0.9551586012879961,11.78414226595556,0.11972875020881898,0.10772720662234084,2.445222034998446e+29,2919.052419283006,8.462804818627061e+37
0.9703646923310888,11.772813614202954,0.12175187348245534,0.10753535567819719,2.4291572810337986e+29,2679.6727086057144,8.647551258810215e+37
0.9854581342982854,11.775031201552338,0.12362236485806463,0.10670331087136001,2.4126328984747178e+29,2463.7770185158556,8.834178082941501e+37
1.0004348645953502,11.765723637468186,0.1256004253952221,0.1063519993160081,2.3952005985926534e+29,2268.2914094898497,9.018168557453656e+37
1.0152920135194357,11.763076564514257,0.1274943623909644,0.10567785288073364,2.3773417490493976e+29,2091.4034259028385,9.202755861576924e+37
1.030027539006069,11.758245136296173,0.12939790985538405,0.10507781927842524,2.358992820213408e+29,1931.0053880315031,9.386225315650063e+37
1.04463687168137,11.75306689088582,0.13129103682009177,0.1044668664234643,2.3401172853972783e+29,1785.3029340769792,9.568805506083718e+37
1.0591194372420907,11.755379795341076,0.13308503054856488,0.10349583178737244,2.320647628663629e+29,1652.6677679095303,9.752196031271312e+37
1.0734721663248479,11.745257541054071,0.1350047905333333,0.10305369759589719,2.300802373778916e+29,1531.8859155629882,9.93191159315826e+37
1.0876927041874547,11.746070103838377,0.1367837676933762,0.1021237915166237,2.280829860806582e+29,1421.8797216805451,1.0113154228354572e+38
1.1017793531440274,11.73386374439413,0.1386993813649299,0.10172232124005133,2.2600834926624587e+29,1321.1507718603423,1.0290208000098027e+38
1.115730790797793,11.735879259877702,0.14043156018871947,0.10069440553884744,2.2391671985755242e+29,1229.109226963017,1.0469689184812577e+38
1.1295446474146074,11.725296621895435,0.14229855794899313,0.10019578348927416,2.2180516427857658e+29,1144.8687250612675,1.0644759220181131e+38
1.1432197805426785,11.724067868930822,0.1440364276456548,0.0992870732304197,2.1967839420090315e+29,1067.6766427533917,1.0821086184106903e+38
1.1567553853698738,11.716577621240003,0.14583497490116482,0.098625581704173,2.175186329640765e+29,996.758304150272,1.0994433283917419e+38
1.1701492661711337,11.716857579008355,0.1475200492787377,0.09761785520022596,2.1532181587810566e+29,931.4997837157299,1.1168697254653866e+38
1.196509390296491,11.70783412415238,0.15095951288572965,0.09598700577372009,2.109105311977692e+29,816.2416592918523,1.1510389862217906e+38
1.1834010263214012,11.707242091774152,0.149313225618953,0.09701697615569763,2.1311977417307397e+29,871.4953757695414,1.1338687593183564e+38
1.2094733970947051,11.696372057625565,0.15274467575297299,0.09543566008178578,2.086745914548364e+29,765.224767492732,1.167684208350331e+38
1.2222926947248218,11.696019742476244,0.15436827766508432,0.0944310423401376,2.0644685166691168e+29,718.1798754197835,1.184539905524509e+38
1.2349666826831198,11.687680469126164,0.15608021209900153,0.09374023855455545,2.0420704505781216e+29,674.6764678199852,1.20097824725888e+38
1.2474948781065083,11.689509075513445,0.15763891386885115,0.09263991411006665,2.0196798070685376e+29,634.4387708937938,1.217615142070354e+38
1.2598764071222242,11.676922827695662,0.15937509933789792,0.09210387577528135,1.9972065105198992e+29,597.1511932781752,1.2335818282545669e+38
1.2721118140835588,11.678419742084934,0.16090225870050961,0.09101320983068903,1.9748215186633888e+29,562.6035509440075,1.2499003719184943e+38
1.2842005790234046,11.669658709804574,0.16255324429108564,0.09032702729384189,1.95259201655853e+29,530.5767925661653,1.2656740808768051e+38
1.2961425299312095,11.66801141706049,0.16408801110919444,0.08935103050656418,1.9301311065305087e+29,500.75356699094044,1.2815549979318206e+38
1.3079384334861457,11.6577100624826,0.16572765565610162,0.08870860469112213,1.907809533517843e+29,473.0418389312343,1.296925013182631e+38
1.3195887171372669,11.647816834407386,0.16734586901628137,0.08803692126153696,1.8853436682293802e+29,447.1967171031155,1.3121319862323163e+38
1.3424551889411567,11.63803479535604,0.17038881469718986,0.08633125649313173,1.8410659065102393e+29,400.7480279330024,1.3424425412952373e+38
1.3310941925847541,11.649510317809874,0.16878041620165307,0.08693768634330401,1.8631569776732666e+29,423.16189341556986,1.3276538461107713e+38
1.364748390947768,11.629840450261922,0.17334039003874288,0.08457577968716251,1.797288563689114e+29,360.29306586695185,1.3721414931757994e+38
1.353673298692774,11.629854054855537,0.17193351144271124,0.08561284299638725,1.8193374531736888e+29,379.8787455794077,1.3571945835032027e+38
1.3971282993883571,11.60829019429682,0.1777824833343566,0.08229179401469092,1.7326100525347797e+29,308.9017934528543,1.4149544572448408e+38
1.3756819465482977,11.618334356956954,0.17490213164107093,0.08396705219873447,1.7755433381664077e+29,342.0126228793941,1.3863869851977241e+38
1.3864749615732264,11.619043602611649,0.17626357924535577,0.08292168787757019,1.753973624288273e+29,324.91065285241086,1.4010325496151014e+38
1.4076426046844663,11.606651912045757,0.1791456958316088,0.08134061747637697,1.7113753886384364e+29,293.889665580945,1.4291471222291829e+38
1.4180202726864364,11.598576164559518,0.18059207839953,0.08060603126130773,1.690028192979774e+29,279.75818286157056,1.4428460057906117e+38
1.4282608295634747,11.587276410140811,0.18207364805515044,0.07999871883574304,1.669140458923271e+29,266.53626242161306,1.4561947624341434e+38
1.4383663085747844,11.586232838272966,0.18337840254666643,0.07904161518348178,1.64842838037683e+29,254.1110913619592,1.4699059708527478e+38
1.4483380048082786,11.571827845314557,0.18487955963826125,0.07854419985422947,1.6278971285241567e+29,242.4255393979121,1.4827256054216785e+38
1.4581740806251453,11.56858539467866,0.18618729944882603,0.07766240435746904,1.607367314013797e+29,231.40317258556604,1.4959693884144472e+38
1.4678769520036832,11.557052491574467,0.18761324742703084,0.07706687666976372,1.587106991793437e+29,221.03395540720342,1.5085730967805517e+38
1.4774475044078184,11.550889027078943,0.18893724679884683,0.07630511199164275,1.5672335090804542e+29,211.2878201293679,1.5213006741041823e+38
1.4868853061557041,11.541295942115978,0.190302208098591,0.07565108231945299,1.5473588736097743e+29,202.07135295060357,1.5336480342797267e+38
1.4961911162908639,11.539274903653665,0.1915267711393953,0.07476540168295619,1.527904771803269e+29,193.40245209869022,1.5462655825547117e+38
1.5144117262196055,11.521576227539333,0.19415697698994397,0.0734363927583829,1.4892713701402176e+29,177.44144668312845,1.5701486390487582e+38
1.505366369807751,11.52785882717033,0.19289212405572947,0.07417760717878925,1.5084088919494997e+29,185.18639766730834,1.5581410443597826e+38
1.523327210593154,11.517383780264057,0.19537108861491365,0.07263693563629003,1.4703804652138786e+29,170.12368176575148,1.5821110642148391e+38
1.5321145183276863,11.507644038370938,0.19666439644138362,0.07202148126103047,1.4517678157928392e+29,163.2082364912876,1.5935444759522532e+38
1.5493075609196003,11.48755427266959,0.19921911170749643,0.07081605476867707,1.4150527395386523e+29,150.44767221522523,1.6158212175566961e+38
1.540774885629421,11.50096916627983,0.19789083772048263,0.07130358327878863,1.43313323716863e+29,156.63602789244158,1.6049969806441916e+38
1.5577150075187416,11.488003398038396,0.2002923600514961,0.06990053495728886,1.3970318053726058e+29,144.56638490068818,1.627396610558496e+38
1.5659979630067185,11.477371126525876,0.20154392080367814,0.06933477943162801,1.3793239608017199e+29,138.99890027426375,1.6380494204777756e+38
1.5741587996798643,11.470369758049015,0.20271788134187124,0.06865359957277045,1.361612156018343e+29,133.6939517393009,1.6487762248608604e+38
1.590117478994252,11.448148430022574,0.20517048972653507,0.06757377596141549,1.3272644519337393e+29,123.91173932237575,1.6691197493734884e+38
1.5821976332810015,11.458868291709948,0.20395762120186434,0.06812173229360387,1.3443035296031463e+29,128.6751650254943,1.6590092635012054e+38
1.6056054090599825,11.43970571845568,0.20732176868213023,0.06611809898721874,1.2938908403232326e+29,115.08125074828578,1.6897799056290116e+38
1.5979197058501533,11.44102378047984,0.20630559181727917,0.0669304312702519,1.3105424179117716e+29,119.39258819494329,1.6793177941550382e+38
1.6131768152960626,11.429199889342588,0.20849088774364727,0.06558169798970061,1.2775114924975132e+29,110.9828837201517,1.699397073372524e+38
1.627982768110794,11.410590209308344,0.21074759637517726,0.06445345139203215,1.2453451656901031e+29,103.35744586327257,1.7183083557326136e+38
1.6206354560983895,11.419567619284507,0.20963153328204803,0.06502213388618064,1.2612829867058235e+29,107.074709471729,1.708910760891116e+38
1.6352205182277049,11.40226661052606,0.2118390750485143,0.06387598400116663,1.2296926537690979e+29,99.81963715145972,1.727594139986295e+38
1.642349147328167,11.397206904058569,0.21285702701539394,0.06320580310758234,1.2140934992061103e+29,96.43301264106452,1.7369775812814897e+38
1.6562904692917038,11.380264597187308,0.21498347485693384,0.06208804697238081,1.1837849520688263e+29,90.13456115605281,1.754738437634413e+38
1.663105119358325,11.369458168064684,0.216073181941465,0.061591691923085175,1.1687563732278238e+29,87.18194179390778,1.7631918753971115e+38
1.6698173023342118,11.35767787400879,0.21717025681911864,0.06114642197066005,1.154308255576614e+29,84.38748918291107,1.771404323725675e+38
1.6493729786327085,11.382779920921818,0.21403828938901087,0.06280349278536107,1.1987496968119952e+29,93.20413525263345,1.7454566989627545e+38
1.6764298545196306,11.353651222543668,0.21810758682747852,0.06048826314989804,1.1398609505954817e+29,81.70074033737828,1.7801201825387035e+38
1.6893545660735125,11.333679265749032,0.22017643061329414,0.05951157509525374,1.1116269153506076e+29,76.6754002000403,1.7960869340742386e+38
1.6829404744930632,11.3470043558532,0.21908289386645777,0.05991308896509891,1.12572117795204e+29,79.13855346824532,1.788464495177533e+38
1.6956699620730913,11.3220106178684,0.22122729252708845,0.059077456730839084,1.097848966137094e+29,74.32535809208011,1.8036948516783096e+38
1.7018889359799745,11.320457247410017,0.22206912493237488,0.05837917455854168,1.0841286258015271e+29,72.0652313018806,1.8120520149158603e+38
1.7140425415257068,11.299729358215888,0.22406524098855457,0.05748298247522267,1.0577487461846199e+29,67.85402018252438,1.82676981001727e+38
1.7199790048426975,11.286969549490106,0.22509545573143327,0.05708242252274089,1.0444608844523167e+29,65.85329340624868,1.8336877982803246e+38
1.7080129652015612,11.310253801904569,0.2230692708059115,0.05792215059910901,1.0708026781839236e+29,69.91247569605858,1.8194993369136594e+38
1.7258253413945734,11.28407678989942,0.22591847301485568,0.05645905166611447,1.0317316681516838e+29,63.95633963472093,1.8413810240982104e+38
1.7315789565220547,11.269385346387054,0.22696715038384793,0.0561367991853582,1.0191821548697114e+29,62.13572386346209,1.8478302795547237e+38
1.7372435294987938,11.260484021415351,0.22788963841640472,0.05568044356017884,1.0069107948988393e+29,60.39326797605355,1.8546826008910866e+38
1.7428201656011801,11.251199986473475,0.22880982416612927,0.05521138016041994,9.943192374483213e+28,58.68998625167906,1.8613629643096e+38
1.748309017324368,11.250994481099195,0.22953463214548572,0.054562881957736814,9.825504905540176e+28,57.090643307282704,1.8687893500309473e+38
1.7537115727624377,11.241276842581636,0.23044296775275216,0.054133785745266436,9.706208904429881e+28,55.53411336334881,1.875165304367253e+38
1.7590290335885939,11.229766735407637,0.23137861000633256,0.05374611673688422,9.587464841570486e+28,54.03060036981443,1.8812301246240066e+38
1.7642626396960028,11.21879413497341,0.2322940008192264,0.05337971163540611,9.475674516280146e+28,52.61323363791478,1.8872134292186156e+38
1.769413608639606,11.20828751659165,0.23319059755566762,0.05296869665283005,9.358766657543018e+28,51.21213140692697,1.8931114212591595e+38
1.779472847568593,11.189124200193925,0.23491795210935892,0.05217663369508153,9.140280974654664e+28,48.61874742588222,1.904711484920121e+38
1.7744842372648575,11.202679203635551,0.23397592949090731,0.05247612128019417,9.248562665532316e+28,49.890121537323026,1.8993822999665205e+38
1.7843833824025628,11.179894914170728,0.23576068456657756,0.05177482694444755,9.032548044034628e+28,47.388228890768794,1.910360785171782e+38
1.789216895411519,11.176860378077734,0.2364634926497346,0.05123394873280572,8.926063566675356e+28,46.20043560995673,1.9165400034484405e+38
1.7939708821144187,11.168784004007593,0.23726322696608865,0.05082033718637621,8.82206025967301e+28,45.06030415828027,1.9220701487266383e+38
1.7986513004359146,11.160211856589125,0.2380649569937106,0.05041168331851953,8.717589435563626e+28,43.950374406652045,1.927435290299753e+38
1.8032557377553171,11.147596960601716,0.2389444785548539,0.05009136426245984,8.613351484010043e+28,42.87326948614621,1.93224563366045e+38
1.8122476095281292,11.129556535329653,0.24052521461530357,0.049365553641776486,8.42008215522804e+28,40.881770778746045,1.9422946052938045e+38
1.807788264885347,11.139111683976086,0.239727546021728,0.04970296841359446,8.514088023423016e+28,41.850569203728,1.937386090110021e+38
1.8166362593696483,11.124293813851732,0.24122174931400917,0.048903199761338105,8.321517827090339e+28,39.91753402390735,1.94756522352915e+38
1.820953139151483,11.110035362569212,0.2421052814917384,0.04863837415654082,8.223548780880648e+28,38.982211382330675,1.9517271382822686e+38
1.82938188321418,11.099133087203466,0.2434648392689538,0.0477908820980613,8.040690739274216e+28,37.245390932635665,1.961692958641134e+38
1.825202534681177,11.103428101601875,0.24281466550898387,0.048225469054429704,8.12951995155098e+28,38.08997019964084,1.9566332280619056e+38
1.8334951521260856,11.090029056764651,0.2442125717756366,0.047425872458543,7.94660756749281e+28,36.398541710682416,1.966109585787323e+38
1.8375414284648293,11.078208070038908,0.24501267773021282,0.04715501533957324,7.8592028198864585e+28,35.60359464374599,1.970107833841283e+38
1.8415233162699485,11.071412993994748,0.24569431391654248,0.04675831257101228,7.769214361779403e+28,34.817055676759665,1.974581255018553e+38
1.8454394012012596,11.059666674060503,0.24647829776807093,0.046483926643462056,7.682737851087676e+28,34.06576280431988,1.978376434672719e+38
1.8492928618164148,11.049956089204635,0.24721002373064854,0.04616199196707059,7.596093807691761e+28,33.332117226639234,1.982307325948893e+38
1.8530838220112122,11.042365173994986,0.24788708157327505,0.04580277179253191,7.511130441012501e+28,32.623535814787125,1.9863887017189197e+38
1.8568121542136962,11.028952662609715,0.2486878872371204,0.0456068804697438,7.433695167359419e+28,31.964354942818748,1.989678968856997e+38
1.8604802842113648,11.019346962112486,0.24939638238723216,0.045278003598450745,7.348007242488169e+28,31.285655795773167,1.9933234834606763e+38
1.8640888250339422,11.010504343895889,0.2500807859230922,0.0449465016483714,7.264989231300734e+28,30.633950620170044,1.996964950176697e+38
1.8676375589241576,11.008342029275726,0.25060608949468055,0.044523711605263375,7.189587133630941e+28,30.029078363909733,2.0013236536268856e+38
1.8711282286450488,10.997154305540997,0.2513299050160223,0.0442602356359412,7.110797864353639e+28,29.423994257465054,2.0044965031930545e+38
1.8779389789886485,10.976908893066794,0.25270995587951234,0.043700976196936595,6.956558696021383e+28,28.267546790109215,2.010824724873224e+38
1.8745623355465535,10.991549941872888,0.2519195572889279,0.04390357064267796,7.035541796937462e+28,28.84690081810343,2.0082640749030466e+38
1.8812607991892991,10.970166352218586,0.2533125622853443,0.04336057527972783,6.881199026748277e+28,27.715335302360746,2.0142754696738025e+38
1.884526927876365,10.957611164361111,0.25404309633855854,0.043158541604276235,6.810032809255633e+28,27.19183490552719,2.0169102781716537e+38
1.887739352860996,10.956947288425734,0.25449156492248953,0.04269873767502745,6.735439119888836e+28,26.665934953373853,2.0209573274722086e+38
1.8908985167397028,10.946660992479993,0.25515700026528443,0.042468872279523145,6.667792699286681e+28,26.178335604177573,2.023708991041578e+38
1.8940053378027224,10.93668936686686,0.25580925725636017,0.04221795166118462,6.598262072372395e+28,25.69357970124667,2.02641540499917e+38
1.8970601960709863,10.923474226365876,0.25653182966668536,0.04200294774145459,6.525093344402561e+28,25.204739747814973,2.0286196511052557e+38
1.900065450783312,10.916931495136076,0.2570922063042367,0.041684003609057434,6.45617609541095e+28,24.74193201836258,2.031603081666284e+38
1.9030202934769074,10.907826488359927,0.2577069516297684,0.04143345614199499,6.390653683604936e+28,24.30128469013969,2.0341757694354533e+38
1.9059251562827204,10.904753839954111,0.2581730533708238,0.04107572666806119,6.3265596131963225e+28,23.874783421892086,2.0374577045446528e+38
1.9115915358257107,10.878346385563578,0.2595691952592473,0.0407162015866948,6.195618817655965e+28,23.03616833619066,2.0411370882597056e+38
1.90878194395055,10.894982481437575,0.2587919226329597,0.04081778717638037,6.258714708569407e+28,23.44253712485421,2.0397901440029973e+38
1.9143535694275686,10.877867863350106,0.2599556784558003,0.040323103352685956,6.134453252711041e+28,22.644677869307824,2.0445480770228656e+38
1.917069297122503,10.866818280626122,0.2605891578165607,0.04013540313999462,6.074949474523195e+28,22.26663853109472,2.0464823686749558e+38
1.9197394754916595,10.856922322633388,0.26118997265805327,0.039902629591760407,6.012266004513582e+28,21.884053006581865,2.048495948956461e+38
1.9223655230978682,10.84937947470414,0.2617290956334009,0.039638404473380046,5.951736291454955e+28,21.5161658493841,2.0507564366999985e+38
1.9249463832209905,10.838336012423943,0.26234751904809145,0.03942621972892075,5.889808983972982e+28,21.149936665585752,2.052470020137442e+38
1.9274840738499253,10.828777551215607,0.2629252533902214,0.03924174590731541,5.836446386849302e+28,20.820711029400886,2.054314786816747e+38
1.9299784641813036,10.826995129837622,0.26330885023665684,0.03886023706124966,5.774949223678578e+28,20.46854174952163,2.0571571862512852e+38
1.932431325701364,10.8186970837761,0.2638457136641346,0.03861981774121729,5.717261309054901e+28,20.135793322099694,2.0590441274937823e+38
1.9348419089231366,10.808529144453113,0.2644233621204419,0.038435978263452526,5.663357092056033e+28,19.82200426844105,2.060604691140337e+38
1.9372120968579303,10.798441729515252,0.26499459655414637,0.0382480729102041,5.609420809544601e+28,19.513411693425656,2.0621105361443344e+38
1.9395414786030791,10.787728688536117,0.26557671308415626,0.038059534771813223,5.5541367652598425e+28,19.20535142939796,2.0634615633465283e+38
1.9418303510332942,10.783437121662331,0.26599594116164843,0.03777680609704908,5.501920436755347e+28,18.912934960656912,2.0656484349792917e+38
1.9440817682863767,10.769290350072664,0.26665416807667613,0.037633965665122934,5.445257628890613e+28,18.61002011755027,2.066389527416725e+38
1.9484674895638092,10.758395984163524,0.26752635586629603,0.03711987452463456,5.343762443375554e+28,18.05852901968047,2.070144988810531e+38
1.946293604946668,10.769271645936684,0.266958011698115,0.0373088033968136,5.3981630297736e+28,18.344474101070023,2.0690657849094e+38
1.950604304888779,10.751657646192005,0.26798759201201483,0.036886880004647724,5.293611632085312e+28,17.791281524835817,2.071754806826928e+38
1.9527024415294936,10.736817394322093,0.2686466550749143,0.03681559523485549,5.247019503833681e+28,17.540153101687242,2.0721391288200517e+38
1.9547657692194298,10.728307014380176,0.26914385410957975,0.036601144049651674,5.195814581020711e+28,17.277506521018676,2.0733758537668265e+38
1.9567928001120591,10.727672087110593,0.2694388939067691,0.03625337533754519,5.1449234154806e+28,17.01985098975698,2.0756974023248293e+38
1.9587844238595726,10.718014095023216,0.26995616705620756,0.03608699667716593,5.0982998703902765e+28,16.78004860281464,2.0766579811798127e+38
1.9626638723403627,10.696478162172461,0.27103542292841537,0.03578748382634372,5.005393511567874e+28,16.312090887183675,2.078084158963076e+38
1.9607417209902698,10.708557520550366,0.2704645509029311,0.03592270409595347,5.052739488707549e+28,16.547256742225418,2.0775924738003147e+38
1.9645524660259999,10.696278316992029,0.2713012983729333,0.035446598406617076,4.957252676210905e+28,16.077700897501593,2.0802703927711785e+38
1.9664085972890735,10.68847822412376,0.27175580053750403,0.0352562466680333,4.912680011722292e+28,15.858083611217392,2.0812903957053786e+38
1.9682311598185958,10.677081125586708,0.27229802767790073,0.035160329675312615,4.873249742983863e+28,15.658105006784568,2.0817233493807834e+38
1.9700223626715538,10.670307672521078,0.27271884505472344,0.03495881756648651,4.829970334516088e+28,15.448621422179833,2.082793234771737e+38
1.971780812255917,10.660399078140824,0.27321598707242684,0.034767800784712435,4.781317163460226e+28,15.224934057319881,2.0833432859764565e+38
1.9752045410139605,10.648365913013384,0.27399967270347814,0.03437496206828136,4.700673397384813e+28,14.83886720551995,2.0854652829605035e+38
1.9735076131831353,10.657108497437878,0.27353969229958336,0.034552705463474616,4.7444078045862115e+28,15.041426601741989,2.0848357437782316e+38
1.9768702422638218,10.636864206591454,0.2745272655664959,0.03423435676289466,4.656217558509639e+28,14.636710793317912,2.0856269486435573e+38
1.9785064789271585,10.626240114756216,0.275029188111194,0.03412188788318343,4.617790168909504e+28,14.455990650039878,2.0858719597316524e+38
1.980113342481032,10.617264225483792,0.27548525569244864,0.03396750672370404,4.577515409028578e+28,14.271861148798514,2.086319550310405e+38
1.98169157131088,10.609978965583107,0.2758941389475903,0.03379050887547728,4.538061362446982e+28,14.092599202879436,2.086980453983638e+38
1.9832402925195471,10.598052490383392,0.27642047327608477,0.03366002956751011,4.4951878089908045e+28,13.905038734193012,2.0868819204723314e+38
1.9847616437791245,10.59790743047345,0.27663630291978475,0.033394500046580795,4.459422000166033e+28,13.741616607471917,2.0885540131417718e+38
1.9862549680410928,10.588807519498582,0.2770823598573329,0.033270582086048835,4.423832612007083e+28,13.580781163024309,2.0888048602135704e+38
1.9891595054123827,10.577939591710168,0.2777726372218429,0.03284623764324814,4.34504281885184e+28,13.241801127096513,2.0903153911851156e+38
1.9877209598329073,10.57912281400686,0.27754070906502865,0.03310656353358428,4.381929794283517e+28,13.402609888740978,2.0889210271239746e+38
1.99057232036196,10.567647599783173,0.278240646368722,0.03275754353813555,4.312270110022705e+28,13.095352707251381,2.090255061667209e+38
1.9919593737207835,10.56062697734191,0.2786196287075215,0.032587187472119014,4.275613208511586e+28,12.938891596921165,2.0906645185193216e+38
1.993320162909067,10.54942437130161,0.27910603806482454,0.03245180909308967,4.2353152781388025e+28,12.773252393275435,2.0903765371715252e+38
1.9946549060874987,10.54787321079348,0.2793340022685776,0.03224920323795966,4.205779602684005e+28,12.641794039103925,2.0915653116979653e+38
1.9959662710334916,10.530821238432265,0.27997025483841553,0.032229879482745895,4.169393663811651e+28,12.491309222752635,2.0902741437813152e+38
1.997251698208756,10.52828017479663,0.2802181751943232,0.031984918785313045,4.132714825197758e+28,12.341629095080867,2.0912349087386494e+38
2.0009647744949604,10.506079576096715,0.28133236203624956,0.03153047220362641,4.0312239159341675e+28,11.92726183363707,2.0915915619707415e+38
1.998514327417153,10.522575932801265,0.28054732551898254,0.03181238662627428,4.099299136926058e+28,12.203216841533122,2.0916625007716078e+38
1.999751277431102,10.508594395099834,0.2810944613291811,0.031776925848933976,4.067598198874596e+28,12.071442766195897,2.0907303402298676e+38
2.002156462545005,10.498956890643832,0.28169088613682086,0.0313798823190383,3.998389426082733e+28,11.794949112746453,2.0916849108339478e+38
2.003324571695553,10.487914657504069,0.282151983931003,0.03133419664516207,3.971616493922752e+28,11.681853725883,2.091111043501915e+38
2.004470726137781,10.478525132836232,0.28256638392627026,0.03119507670067034,3.936315243381219e+28,11.544957256654918,2.0907671669422528e+38
2.0066965277065925,10.471145326893671,0.2830795178732716,0.030807924813947594,3.8737928979760278e+28,11.298712300992108,2.0918227518031244e+38
2.0055943129972356,10.47908955653578,0.2827095457111464,0.030922749831080884,3.9030029899457817e+28,11.415225215350034,2.0919980670427104e+38
2.009873331759943,10.448980792082592,0.28412908457916325,0.030447005411554547,3.788063546418178e+28,10.961623086370516,2.0913669742954237e+38
2.0077765111435335,10.460731651268587,0.28351382615141496,0.030750639583778622,3.8474012070062523e+28,11.191587096742099,2.091210773365482e+38
2.0088359792380936,10.453072169506893,0.2838712855675549,0.03060619201435872,3.815329583684495e+28,11.06905936705208,2.091014447709159e+38
2.0108900910352023,10.436553967095803,0.2846113046412004,0.030348942940203433,3.7534635456533384e+28,10.834068561856444,2.0903239147944934e+38
2.01188816277061,10.42858489014006,0.2849701624014525,0.030240036343623936,3.7257372989008023e+28,10.727390749426844,2.0899820088106608e+38
2.0128658801754447,10.421996898511075,0.28528887331243247,0.030104956835035928,3.6973939314464965e+28,10.619952651851047,2.0898361616738666e+38
2.014760520786696,10.408083765781907,0.285939128141553,0.029842787346374012,3.640795583628984e+28,10.408309120227454,2.0893305364946996e+38
2.013821962089192,10.416926971718352,0.2855632976407889,0.029948790546225842,3.6692761959351735e+28,10.51419644549612,2.0899078020429436e+38
2.0156799115545367,10.400101252464475,0.2862891804560735,0.029733202980860796,3.613537370045394e+28,10.306845358374558,2.0888658360586253e+38
2.016580371025004,10.393132162299779,0.2866091299714015,0.029613030984702846,3.5868905763335285e+28,10.2080196655226,2.088540617692656e+38
2.0174613841531204,10.38080723823562,0.2870747790501355,0.029571885493550276,3.560718709795698e+28,10.111429557364863,2.0872908902042946e+38
2.018324237667409,10.379435981814725,0.2872355013142064,0.029375807716017967,3.5347736355634394e+28,10.016315063236355,2.0878440822923122e+38
2.0191699592957213,10.370741251131221,0.2875967756340235,0.02930059240528246,3.5109804593301775e+28,9.928075670103945,2.0871474454600608e+38
2.019996948171617,10.361759912304482,0.28796395075028525,0.029189124851387752,3.4825047509287997e+28,9.827412794448637,2.086372450363004e+38
2.0208063237026956,10.35811802700156,0.28818062048260223,0.029052600222226423,3.4601290925951457e+28,9.744731749298218,2.0864696499954733e+38
2.0215987459711204,10.34873685756421,0.288554964517257,0.02893637242786966,3.4307085354275137e+28,9.642953514175355,2.085574551810917e+38
2.0223744685815777,10.347787596964274,0.2886921690001754,0.028741916387003835,3.406091159197934e+28,9.555412616710385,2.086079992825223e+38
2.023134152519088,10.341391158404633,0.2889792444369475,0.02862513463740317,3.381780242196909e+28,9.46941222571489,2.0856424104958703e+38
2.023876659144049,10.331237718298436,0.2893694123886507,0.028572758303445,3.359053786161817e+28,9.388534284329968,2.0845409092017042e+38
2.024601653408641,10.329098759911219,0.28953301479141547,0.028381003152132413,3.3330582879347023e+28,9.299209251950392,2.0847744991059837e+38
2.0253125499605322,10.322847897365104,0.28981006266518977,0.028265938013082192,3.3095127666972297e+28,9.217323691859493,2.084290228272374e+38
2.0260063358196234,10.31028897680056,0.2902624766278725,0.028232785077025216,3.285571545343857e+28,9.134987985396348,2.0827019806114907e+38
2.0266852712985695,10.302479528878422,0.29057984399253556,0.028141065448859717,3.262513780567567e+28,9.055696230283635,2.081901444227676e+38
2.0273485862467058,10.300922485999127,0.2907188851987052,0.027986801186504217,3.242178157462283e+28,8.98453863509313,2.0821503268901513e+38
2.0286298190113445,10.280220163277432,0.29148843225801296,0.027856270871167092,3.194758781721773e+28,8.825210959495509,2.079559862851267e+38
2.0279963379887667,10.289164968893964,0.29114408497856875,0.027931055434872253,3.217295979343924e+28,8.901357254025587,2.0806249135698556e+38
2.0292489577988952,10.282582843298282,0.2915103974834102,0.02765150013436939,3.174920101159339e+28,8.757037111618343,2.0804252667036966e+38
2.029852396196378,10.269026133868927,0.2919820374617932,0.02761306359777743,3.149661674843512e+28,8.674464225288203,2.0785188300257994e+38
2.0304422343279307,10.258703941165798,0.2923607565402403,0.02759592528263608,3.1319185604602045e+28,8.6130767301263,2.077148072137466e+38
2.0310183844605545,10.258363434663304,0.2924534227568161,0.027391052481556613,3.108151243550967e+28,8.53559731813183,2.077489813349374e+38
2.031580895064238,10.250003592665294,0.29277300995551986,0.027297976329023654,3.0849885621792763e+28,8.460265757138258,2.076419768097157e+38
2.0326637002416352,10.239348445564385,0.2932338783094428,0.02707659471609263,3.044098305345446e+28,8.32591673767514,2.075272699533006e+38
2.0321290287735727,10.240646787371093,0.2931195787808844,0.02728485654993035,3.069457520091827e+28,8.406326933055537,2.0751530688339242e+38
2.033185612990982,10.230242682335739,0.29357023936045246,0.02703179921581437,3.025573106591521e+28,8.264632737603677,2.0740112624310397e+38
2.033693766604001,10.218014489460653,0.29399502308836717,0.027003775990068465,3.0044161295592933e+28,8.196592514609115,2.0721796843836837e+38
2.034189577679173,10.218588067659056,0.2940501923555926,0.026818236776981325,2.9846107514251763e+28,8.132641392706748,2.0725761354298687e+38
2.034672985747681,10.208589105350136,0.29440815141901394,0.02680579396242481,2.968658981094323e+28,8.079570304817251,2.0710987542196997e+38
2.035143832505752,10.199718910601245,0.2947323724185589,0.026709663571483112,2.945184133097072e+28,8.00641245191725,2.069799644496384e+38
2.035602107784079,10.201494385829893,0.2947474335051754,0.026510595092213624,2.9257786629280206e+28,7.9447101369663775,2.070360004491195e+38
2.0360482626972884,10.19117218990973,0.2951106373503464,0.02651104740393887,2.911056274402985e+28,7.896075766457895,2.068769243702886e+38
2.0369047925859114,10.180264694256483,0.2955511102241537,0.02631387817385374,2.873976598665034e+28,7.779122762636179,2.067255600409149e+38
2.0373148035798794,10.169555480139824,0.29592189956296183,0.026249090937981914,2.8518529913329044e+28,7.711475406045783,2.065539258292865e+38
2.0364826093008266,10.183072060154137,0.2954083887666148,0.026419803442046436,2.8895265199428927e+28,7.829322880831656,2.0675523915943135e+38
2.0377146409931353,10.170970883135164,0.295938787440394,0.026071612937534707,2.83454249603e+28,7.657150633483316,2.065963511976129e+38
2.0381019319020064,10.15708398916588,0.29639972214445215,0.026080561512718498,2.8162108870127127e+28,7.60040469416708,2.063647395814169e+38
2.0384784299198073,10.15761283559008,0.2964390413652944,0.025921942361344937,2.7998117690667843e+28,7.549171310257987,2.063883882722971e+38
2.039199954637498,10.140460567990067,0.297045561450774,0.025816405232498875,2.7649494115836865e+28,7.4419915644733585,2.0610651791202492e+38
2.0388456404471493,10.150904586593235,0.2966883794745214,0.02585155063890434,2.7830008806349283e+28,7.497088835378807,2.0628187262184345e+38
2.0395443364057653,10.139272911786417,0.29713052683724883,0.025678403608945213,2.7485592419692672e+28,7.39163301714386,2.0609542867854546e+38
2.039878463865517,10.121304060861307,0.2977068010328088,0.02574580410360368,2.7314410855311752e+28,7.339583587980459,2.057819018629504e+38
2.0402013981525333,10.119572243009712,0.29780488742290107,0.02557524502418221,2.7110254601511094e+28,7.278961790446164,2.057581707229649e+38
2.040515738735482,10.11251108059824,0.2980587484997106,0.02552607584754409,2.696386382069128e+28,7.234082017902206,2.0563751718877106e+38
2.0408178040243703,10.109642428386483,0.29818745917121253,0.02538951877199127,2.6781596492928932e+28,7.179865987161457,2.055905659116055e+38
2.0411127361351644,10.096593467640412,0.29861598902694175,0.0254362901685209,2.6658219412457904e+28,7.141627970166003,2.053590392546632e+38
2.041395504694518,10.09350786107498,0.2987486584148912,0.025325356313728106,2.6501423947578796e+28,7.09470736578549,2.0530559845103693e+38
2.0416679838103526,10.089666748297649,0.2989022825591116,0.02519488939038232,2.6314770342721123e+28,7.040038584044754,2.0523710484124273e+38
2.041932942658096,10.081804524189058,0.2991741998915493,0.025175222169230703,2.6191941522831712e+28,7.002632928751431,2.050948613228993e+38
2.0421870634086345,10.080005924139968,0.29926482146832,0.024991408899981915,2.5977520389299646e+28,6.940985518537949,2.0506102944969946e+38
2.0426707552911467,10.064708760387536,0.29979065709281466,0.02494663911346989,2.573481931947125e+28,6.8680004541316,2.047777691328909e+38
2.0424348601348434,10.068742216605257,0.2996359563320809,0.02502725148373682,2.5869753174689146e+28,6.907998919333666,2.0485461703190238e+38
2.04289839141485,10.055970813564958,0.3000845923814075,0.024870015025887746,2.554459878622823e+28,6.81343788867179,2.046141214669358e+38
2.043116021146465,10.052786981014851,0.3002116107039503,0.024790491114903983,2.5422634135672714e+28,6.777295913715526,2.04550307954573e+38
2.0433249884200118,10.049619236330349,0.3003369554666339,0.02468317397692978,2.527272422528209e+28,6.73388779128308,2.044856916457847e+38
2.043527172791449,10.043591700530376,0.300546934718966,0.0246211124929506,2.513367155286232e+28,6.69352513565973,2.0436806926803814e+38
2.043720311407944,10.033882184703874,0.300866198734725,0.02456207976676774,2.495244697947868e+28,6.642122535399634,2.041817117123064e+38
2.0439036150124026,10.030736301581106,0.3009875511953437,0.0244832943003835,2.4833443073273557e+28,6.607481045193857,2.0411412879542128e+38
2.044079877370927,10.021135030075778,0.30130190949266317,0.024426259278277893,2.46572449988134e+28,6.557771554689567,2.039272245345133e+38
2.0442490561302877,10.024562162228808,0.3012238311533951,0.024248122065042583,2.4519307098704967e+28,6.5183880523229805,2.039787204983823e+38
2.0444078939597534,10.012981906376652,0.30159563591534005,0.02426810402150938,2.439810084460501e+28,6.483646431420994,2.0375298583647604e+38
2.044560050629407,10.011547206077063,0.30166130565291854,0.024156758389714268,2.4268764661277003e+28,6.446876703318374,2.037129900024158e+38
2.0447040418878792,10.0011921661742,0.3019949068571495,0.024133425513194376,2.412019684498569e+28,6.405154619778654,2.0350759307529383e+38
2.044840905979326,10.001105627891386,0.30201773445405605,0.023998517158581208,2.3984324755631607e+28,6.366942411528187,2.034905824875006e+38
2.0450909141782128,9.989269819435686,0.3024125501535195,0.023884103218565968,2.372906776484585e+28,6.2953318451892635,2.0323828488038884e+38
2.0449708976501584,9.995967815640222,0.3021921773919554,0.023921113344239412,2.3845621814203473e+28,6.328110297953381,2.0337959669743363e+38
2.045204269142822,9.978538117589004,0.30275456840871834,0.023876014725281853,2.3593885017776573e+28,6.257733349105111,2.0302139701944303e+38
2.0453132125643205,9.974664633880254,0.3028882710799327,0.023797953229243395,2.3471137527471465e+28,6.223519669936565,2.029310258293082e+38
2.045412407146541,9.972117350044334,0.302980334420732,0.023702873406830114,2.3347528655828665e+28,6.1892430105557725,2.0286382567909596e+38
2.045505563577472,9.962932772734813,0.30327345605795547,0.023678172498289105,2.3215989384943443e+28,6.1529717175881,2.0267276033810083e+38
2.0455894881648633,9.94865654678085,0.30372111132900365,0.023724156176472225,2.3094894486684724e+28,6.119622232192923,2.0238532340295664e+38
2.0456701535241604,9.944373780460111,0.30386389763291477,0.023650960620324867,2.2974126147061487e+28,6.086421218400855,2.022835808975271e+38
2.045807756857972,9.932389480104003,0.3042510003813716,0.023536828773813485,2.2725825704726427e+28,6.0186157116917895,2.0201298432449563e+38
2.0457426676007713,9.954442914977141,0.3035672930694373,0.023370947598370127,2.281729414454817e+28,6.043801227459307,2.024480431848438e+38
2.045867066371924,9.935174568574467,0.3041745288872314,0.02334891842750202,2.257601563493939e+28,5.978074024389328,2.020404441572055e+38
2.0459171696780163,9.937965778177778,0.3040965445784556,0.023184377563322707,2.2448428443268975e+28,5.943561421330148,2.020666369214629e+38
2.045965969670917,9.916483300148538,0.3047625903367335,0.023345250045294978,2.236093563014374e+28,5.919690346753958,2.0163947037938147e+38
2.04600339006288,9.927287215189185,0.3044364837179066,0.02306931462430454,2.221726752206256e+28,5.881118732119321,2.018142624511561e+38
2.0460382065756413,9.922664357559125,0.3045835002093487,0.023000517293831176,2.2099483674007703e+28,5.849442532652422,2.0170046912031207e+38
2.0460649293906776,9.901223618312798,0.30524705139587194,0.023157005376338476,2.2010492454398435e+28,5.8255072900963345,2.0127022731945023e+38
2.046086588951911,9.910883740572924,0.3049527557748762,0.022925210555759648,2.1896679356211834e+28,5.795077689010346,2.01422494560813e+38
2.04610273286519,9.892252041487271,0.30552953391774423,0.023037650309623833,2.179802089149921e+28,5.768739594443398,2.0104320741660114e+38
2.046112113041394,9.901583447666333,0.30524299748796135,0.022781885151390662,2.1657879601332078e+28,5.731520508125179,2.011881011778256e+38
2.0461161427407446,9.883440142019593,0.30580394280057194,0.022916053842713117,2.158656465582916e+28,5.712591535958236,2.0081608745323154e+38
2.046113488386869,9.879897010095513,0.3059132134605182,0.022834938404914337,2.147162674727657e+28,5.682211634039933,2.0071756653431505e+38
2.0461062936829832,9.870512594819633,0.30620298453763545,0.022797695445003506,2.133499276585069e+28,5.646152336132359,2.0050841415024714e+38
2.046092691487122,9.869024357351467,0.30624712369714696,0.022735490587193923,2.1260743665286823e+28,5.62668987017131,2.0044733494226068e+38
2.046074834079455,9.86090242844331,0.30649668904247285,0.022683120795048903,2.1124630958596602e+28,5.590911395260879,2.002605759966169e+38
2.0460511085435242,9.861273030062062,0.3064816165413457,0.022563647808528656,2.101731562240648e+28,5.562831495548129,2.0023349807252735e+38
2.0460211158839385,9.85861127028704,0.30655987068223534,0.022464168795637264,2.089642938162203e+28,5.53124090207287,2.001483170354355e+38
2.0459881131113034,9.852800746867754,0.3067357114120104,0.022420016833807187,2.079397188075634e+28,5.504564552001221,2.000034332998669e+38
2.0459491777762193,9.845407541146294,0.30696020667666035,0.02242974916283048,2.0725066098248943e+28,5.486845921179815,1.9982776651566434e+38
2.04590482118981,9.83648078999497,0.3072321165859634,0.022406376956040135,2.0609781906751905e+28,5.456916582553533,1.9962222859378863e+38
2.045798441789281,9.829077743897837,0.30744753013450393,0.022287469566162184,2.042338062646108e+28,5.40896861554574,1.9940685498196677e+38
2.045854720010228,9.834113958502162,0.3072985343963303,0.022340592557130907,2.0524561553124817e+28,5.435017967412117,1.995402757102349e+38
2.045740548130211,9.824314627635207,0.3075878851094678,0.022232946112116247,2.0324101026161933e+28,5.383436890522763,1.9927866111255342e+38
2.0456756453034455,9.820797072933251,0.30768829313158635,0.02215866310693489,2.0219958435355866e+28,5.356701332574109,1.991731152193347e+38
2.0456059620067295,9.819178749138938,0.307728521289426,0.022051305199709773,2.010541989210078e+28,5.3272648822242035,1.9910310522556307e+38
2.045532395257616,9.81009680733008,0.3080023314637072,0.02207186328176195,2.00312697791356e+28,5.308572078717373,1.9889079613633383e+38
2.0454541360132588,9.801035452254851,0.30827529433939505,0.022053525138599605,1.992236244638892e+28,5.280720170850435,1.986781260883523e+38
2.0453710527939246,9.800039348590836,0.3082941053667297,0.021975315042731963,1.9841624411412693e+28,5.260387604696337,1.98618501792534e+38
2.04528345053099,9.798686153112943,0.30832347477336774,0.021855464113558876,1.971979014863114e+28,5.229206777646363,1.985515565292027e+38
2.045192982896444,9.792601948253743,0.3085013917410505,0.02182946934072245,1.9635262135544312e+28,5.207943708109214,1.9839423660984754e+38
2.045096264344556,9.782357933103736,0.30880984767240205,0.021858825368390986,1.9559042261355346e+28,5.188954417861398,1.9815654559570897e+38
2.044996845726987,9.784438073640413,0.30872918664226134,0.021702463943805622,1.943978713872879e+28,5.15857014697473,1.9815396906723724e+38
2.044891788857082,9.763353912021033,0.3093799991272703,0.021870527523391196,1.9380163537920785e+28,5.1440695278700925,1.9770768389196813e+38
2.0447822214823406,9.759532984856323,0.3094845402320724,0.02181371493228153,1.9292025696724936e+28,5.12204720915325,1.9759099999641957e+38
2.044669848899821,9.76183478028352,0.30939456125995574,0.021660266623277347,1.9178917017736313e+28,5.0934161797669715,1.9759147537757987e+38
2.0445516119661717,9.758476467976262,0.30948313977449216,0.021618503896088458,1.910903467984331e+28,5.07632483899431,1.974826742328983e+38
2.044431239640718,9.759251040568287,0.309440357430168,0.02150325062985615,1.9014704578082611e+28,5.052753220260851,1.9745297261338383e+38
2.0443067321542134,9.749173047070473,0.3097413699584876,0.021522768523892434,1.893389864415569e+28,5.032813087319392,1.9721481802196396e+38
2.044177897551779,9.750742741466944,0.30967199004166374,0.021386088068787817,1.88288094423245e+28,5.006456727699827,1.971994379473888e+38
2.0439099546000663,9.733301975924919,0.3101862171758172,0.02136969552339427,1.8646715279722195e+28,4.961289767517726,1.967727558864803e+38
2.044046218140879,9.733312413426457,0.3102065640437504,0.021520279754162965,1.8778212373534464e+28,4.994611776973413,1.9681912376410865e+38
2.043769733821215,9.72277457125418,0.31050077043763297,0.02144367021102544,1.8610293359933798e+28,4.953297920649996,1.965236252260563e+38
2.0436245304951446,9.717120761429232,0.31065935928927363,0.021400429462482662,1.8518828353464998e+28,4.930704987323082,1.963675240046397e+38
2.0434780719797683,9.721027785873785,0.3105122459270695,0.021232459866985784,1.8410443541776288e+28,4.903603997468045,1.9639563516259085e+38
2.0433271811630207,9.710960149235985,0.3108112110066534,0.021294716829433187,1.8369009814691e+28,4.894374905074736,1.9615404410979115e+38
2.0431724922856724,9.710912394701221,0.31078920956187134,0.02114192850705944,1.8236764854129202e+28,4.860978288055871,1.9610504528279212e+38
2.0430138103588673,9.69866733484391,0.311157428959437,0.02121523208846039,1.8184908522001512e+28,4.849038769851869,1.958203353736176e+38
2.0428519001961956,9.697432061399846,0.31117240209137004,0.021166724392811396,1.813177831992457e+28,4.836787794318082,1.957476896633265e+38
2.0426880483413945,9.697546762862592,0.31114376354369816,0.021012861223984106,1.8001041042586109e+28,4.803838853782464,1.957010065738895e+38
2.042522061612375,9.684741687420734,0.3115298382845315,0.021080552916127013,1.7940115025167414e+28,4.789525505828455,1.9540467492792832e+38
2.0423485644309243,9.687240710650615,0.31142301741228967,0.02094791925262814,1.7850252550977191e+28,4.767559156566123,1.9540286636355203e+38
2.0421748782732823,9.68101726945613,0.3115967144985762,0.020967394094715593,1.780952963721286e+28,4.7587057352400794,1.952327231675316e+38
2.041996317197904,9.676719938829152,0.31170783426269144,0.02092246996317682,1.7731963566420573e+28,4.740051994335687,1.950991217983644e+38
2.0418172312626917,9.671621274191835,0.3118448081077728,0.020901952887161006,1.7667955274920972e+28,4.725013089740291,1.949501736710514e+38
2.0416334808044785,9.662448933895593,0.3121127445302712,0.020868715806152197,1.7556373051603527e+28,4.697285449698174,1.9472165444473087e+38
2.0414450804054822,9.667045017064313,0.31193556635114833,0.020717646237630505,1.7470773580141186e+28,4.676540271453278,1.947591726316659e+38
2.0412556723631887,9.659160121656925,0.3121612378958357,0.020762391765554496,1.7437219171196736e+28,4.669724412037699,1.945550634233982e+38
2.041063409171898,9.650448502955532,0.3124136023843783,0.020746314154453577,1.7345285600157025e+28,4.64729260571092,1.9433451127861754e+38
2.0408672995740815,9.650279168230973,0.31238906647476555,0.0206874828272212,1.7294581329438204e+28,4.635934220316801,1.9427912424765783e+38
2.0406695543626245,9.64109210253194,0.312656447179661,0.0206684564800102,1.7196585398907846e+28,4.6118995864368,1.940487061369358e+38
2.040467952930527,9.639641649199872,0.3126725992886269,0.020620474649311427,1.714376173666131e+28,4.600004735176487,1.9396795459035203e+38
2.0402630310021372,9.63885246777378,0.3126667954374531,0.02052512706447103,1.7057506157622633e+28,4.5791596233222664,1.9389965507594595e+38
2.040056098948767,9.627932111690587,0.3129896857114415,0.020552010334982305,1.6983313386987854e+28,4.561555051713387,1.9363444259520274e+38
2.0396343012662035,9.628564562297441,0.31290441820326964,0.02037113676419999,1.6839376838124672e+28,4.527573698204894,1.935398214949878e+38
2.039847809498442,9.632045744818829,0.31282407220126085,0.02041401940445572,1.6905352193275774e+28,4.542934114230739,1.9366128115521457e+38
2.0394195707214404,9.619327320607558,0.3131719199840641,0.02042151159404875,1.6800198652834214e+28,4.519418425407278,1.933065085164889e+38
2.0392029527011672,9.61075694397778,0.3134178971436694,0.02040199158289976,1.6709503736215405e+28,4.49740856788714,1.9308587213033706e+38
2.038981640652246,9.60758047817474,0.313487493531494,0.020361788896997367,1.664903640667906e+28,4.483566070977358,1.929695318111315e+38
2.0387610333134654,9.602470107688847,0.31362039369559835,0.020329088184245097,1.6578137466402544e+28,4.466889018495047,1.928158876019099e+38
2.038533900343983,9.597782475179843,0.31373861168192085,0.020293087174972517,1.6508425434200714e+28,4.450584077008359,1.9266945273691856e+38
2.03830787213538,9.600798592589978,0.3136052741029258,0.020183094624426308,1.644476111084272e+28,4.435879170492997,1.9267353960912954e+38
2.038077030390312,9.598770635786249,0.31363600646994,0.020120146254740994,1.6376165619796357e+28,4.419878159445551,1.9257867348392844e+38
2.0378445026688956,9.58744383788298,0.31397071677318067,0.02018470267797571,1.6332006289009463e+28,4.410475107533509,1.9230254591521667e+38
2.037610823264941,9.589850736226369,0.31385592122025113,0.020054723043989274,1.6247214855890883e+28,4.390093574281193,1.922940475010645e+38
2.037373588652389,9.569876195346952,0.31447439314779363,0.02020930923891622,1.6202651227715915e+28,4.380601744405149,1.9184841672573648e+38
2.037135781874133,9.572619492065154,0.31434757625186366,0.020082304258969785,1.612391652075972e+28,4.3618598074012045,1.9184640052413797e+38
2.0368934032596213,9.569551140123323,0.31441095461067525,0.02004962624236751,1.6071896860077443e+28,4.350374815337983,1.917301721034296e+38
2.036649078277072,9.558248349375106,0.31474499276376944,0.02009931891976903,1.6016805841026118e+28,4.338063788147732,1.914528135122851e+38
2.0364033246322357,9.567687099515998,0.31439654791557525,0.019896145036417703,1.59333381887585e+28,4.318061614056601,1.915807753097054e+38
2.036155453527812,9.557961838829637,0.31467814023824253,0.019944817070159538,1.5891304001002128e+28,4.309292011937118,1.9133413175560335e+38
2.0359059527936503,9.559432656333687,0.31459117053541974,0.019831210147912996,1.5812947326051645e+28,4.290671947881453,1.9130607745617793e+38
2.0356539273659937,9.54872330057499,0.31490501275803623,0.019876197462149678,1.57602413310573e+28,4.279018596669492,1.910397362311997e+38
2.0354008924693043,9.550035442243727,0.3148226081074668,0.019802850365522744,1.571287443172588e+28,4.268810582593114,1.9100838139646163e+38
2.035144322846691,9.54933616183446,0.31480597455974924,0.019698521685959012,1.5624371687009827e+28,4.247442865200772,1.9093721512162324e+38
2.034626042697031,9.53877067199475,0.3150744062422888,0.01968504985260165,1.5527501325988007e+28,4.226487875103883,1.906153633566062e+38
2.034885551712708,9.537198645461908,0.31516653348718476,0.019778266867277534,1.5588179278413337e+28,4.240299168678938,1.9064219836024555e+38
2.0343643805311427,9.529403483913327,0.3153435574246728,0.01971249347734096,1.5472951305819402e+28,4.214348929153337,1.903742668915594e+38
2.0340991525971543,9.516771258686019,0.3157209661703513,0.01978647025844737,1.5428350565763138e+28,4.204941437392803,1.9006847419347015e+38
2.03383534961716,9.522223953142586,0.31549925291753,0.019648722850612473,1.5364884547904886e+28,4.190360543960928,1.9011767726647494e+38
2.033567621337487,9.51111631289206,0.3158261315515671,0.019696777060183975,1.5312836675490113e+28,4.178915660032137,1.8984165423276696e+38
2.0332981050795182,9.520599386264832,0.31546973435188147,0.019481856830118355,1.5221407746446193e+28,4.156718247733431,1.899690761633772e+38
2.03302675819638,9.50877373047456,0.3158199182891448,0.019535045132190305,1.5168407997691654e+28,4.145009933503947,1.896788053899341e+38
2.032752828493084,9.496906896463381,0.3161719435049743,0.019624272284455842,1.514284511402669e+28,4.140813377987958,1.8938709761444326e+38
2.0324785482726355,9.507846822868554,0.3157655373569601,0.019418459500712016,1.507053509773938e+28,4.1238215871441675,1.8954300685419372e+38
2.032202597183614,9.489297814825761,0.31633981797138033,0.019561706471345166,1.5034193636829043e+28,4.116671160238101,1.8912022779865774e+38
2.03192553155397,9.500855581442933,0.3159119148425165,0.019335108741990847,1.4950758255252716e+28,4.096616691336905,1.89288183152332e+38
2.0316464709902484,9.491199944250518,0.316189869159738,0.019392577064140035,1.4919152579919568e+28,4.090764821582137,1.890397651385672e+38
2.031364605167933,9.480206250370662,0.31651261952629195,0.019455646466772482,1.4881188324641488e+28,4.08318686538309,1.8876451646761703e+38
2.031080756487891,9.488662573638917,0.31618635472913076,0.01926859292089185,1.4803964459000886e+28,4.064836898508222,1.8887096173220557e+38
2.030795519636335,9.48462783563172,0.3162764368131738,0.019248028308735805,1.4756750621562505e+28,4.054719379990528,1.8873212252723076e+38
2.030511680861409,9.479542137271975,0.31640188777158523,0.019253201518156415,1.4721185346292847e+28,4.047775034409576,1.8857308750789455e+38
2.030221922930903,9.465485281533857,0.31682654675690997,0.0193305886367273,1.4671094645217922e+28,4.036881498148963,1.882368379187213e+38
2.029935411675472,9.472195803328239,0.31655741296462336,0.0191923903463686,1.4617914587124348e+28,4.025087897972314,1.883093410364068e+38
2.0296448109872167,9.47163564004777,0.3165308142486052,0.019076925432878377,1.4525674719865973e+28,4.002553525513414,1.8823833844239463e+38
2.029352579518799,9.450914047122362,0.3171791490634752,0.01924611648432936,1.4494899027209949e+28,3.996949882568146,1.8777102208072012e+38
2.0290580746370637,9.456219502850196,0.3169551902024549,0.01911162083916409,1.443405187132813e+28,3.9830606785684477,1.8781513980501047e+38
2.0287633354988546,9.457123490748105,0.3168788568541457,0.019082525605521893,1.4418967782761334e+28,3.981789356515905,1.877726927406617e+38
2.0284676379598783,9.448548926668629,0.31712019678328973,0.019052403054434265,1.4331061481296912e+28,3.9603994352114187,1.875439665147419e+38
2.028170608100781,9.450490488252827,0.31700861925743823,0.019013074154805448,1.4316178542562738e+28,3.959184405255231,1.8752181619557214e+38
2.0278689111754034,9.433312549112662,0.31753864589321074,0.019110693291255497,1.425937792320025e+28,3.9464103478025385,1.8712293092747107e+38
2.0275717798217547,9.43017909362689,0.31759761501032613,0.019084541691077254,1.4216230483578952e+28,3.9373526450856815,1.8700132385766594e+38
2.0272707832946666,9.441501317595977,0.3171696613975914,0.018866693110938516,1.4138524634709845e+28,3.9187389483633064,1.871635416856737e+38
2.0269679476693327,9.421589398223526,0.3177924997114619,0.01901886885690598,1.4102904591325267e+28,3.911787090934634,1.8671102847655788e+38
2.026662798265343,9.42063075530523,0.3177769913963464,0.01899307510331146,1.407661432679176e+28,3.907435174148349,1.866312689108183e+38
2.026051071804308,9.418320379197365,0.317759003077421,0.01883354497371573,1.3941271618126826e+28,3.8757119588576376,1.8646412046301253e+38
2.0263580511973944,9.42976650731893,0.3174213850172848,0.01880764190917923,1.40069010511964e+28,3.891008476357371,1.8675030267665214e+38
2.0257423727978687,9.41449715948757,0.3178396097821626,0.01880826360614964,1.3894322146385264e+28,3.8656038901194076,1.863277002961372e+38
2.025433616015965,9.405871180750461,0.31808260710148156,0.018883954733090683,1.388644570977939e+28,3.8663581380337115,1.8609677611688667e+38
2.0251243121298192,9.416123300618947,0.31768776250582237,0.018685429262760542,1.3815505518723071e+28,3.8495449118776173,1.8623763273373383e+38
2.02481446926034,9.41166617743834,0.3177895821983883,0.01868325381163345,1.3781233935531353e+28,3.842934431133407,1.860889962923013e+38
2.0245001537314717,9.395572286331497,0.31828451571837546,0.018798669060403596,1.3748214860986932e+28,3.8367039399985563,1.857104795398551e+38
2.024187654698403,9.389387523850754,0.31844500649314644,0.018778802518605767,1.3688543217366532e+28,3.8230010744129537,1.8552746662573696e+38
2.023872963746634,9.387495907813983,0.31845965724393027,0.01875811093039337,1.3659692429316986e+28,3.8179103302599584,1.854288773985494e+38
2.0235578212300407,9.398427270251899,0.3180397245612445,0.018556167694158555,1.3591495035685502e+28,3.801808052833894,1.855828913444423e+38
2.0232405264107443,9.387471266888827,0.3183609778697863,0.01860090661486409,1.354503817363306e+28,3.7917849925063662,1.853056185953736e+38
2.0226043536707228,9.387292505345107,0.3182669354251421,0.018496694870081088,1.3467869589514072e+28,3.7761154295028443,1.8517902047565207e+38
2.02292370817953,9.389703149133192,0.31823546502901856,0.01854720823060337,1.3521998315851181e+28,3.7883003484344915,1.852881934457861e+38
2.022286194618019,9.370278383572787,0.31879467510510007,0.018627247545365103,1.3440461201779591e+28,3.7713959791296,1.8478244608815282e+38
2.021964279780237,9.36776762571004,0.318829358261089,0.018586768203598173,1.3393295354744553e+28,3.761153850976996,1.8467113552312272e+38
2.021643047575593,9.36842571595107,0.3187563126226616,0.018485308868734708,1.3324864963436047e+28,3.7449108301430187,1.8462257705969806e+38
2.021320995028129,9.35986990933751,0.3189968609937423,0.018555052906429496,1.3314175503531346e+28,3.744888489539009,1.8439223647155296e+38
2.020997118796518,9.368658912431242,0.31864653613203187,0.01839705267783233,1.3262897337147826e+28,3.733455539089371,1.845037048427131e+38
2.0206720909549722,9.36735391302645,0.3186396742917923,0.018329865042437794,1.3205259161827638e+28,3.7202211800953746,1.8441604419993588e+38
2.0200194157803524,9.344206426823275,0.3193258338403185,0.018457623712398334,1.3133815935170205e+28,3.7060754309038964,1.838358159128426e+38
2.020346527324353,9.35548039114133,0.31899267304203666,0.018384853670400117,1.3161144549653208e+28,3.710781470377386,1.8412024339657275e+38
2.0196942922502354,9.34769912526794,0.3191551435995433,0.01834371106848161,1.3077172272348556e+28,3.693062877526304,1.838433050589933e+38
2.019366758865897,9.340756696456884,0.31934055684421697,0.018384219971312545,1.3057454607871846e+28,3.6904859605203417,1.836445422919892e+38
2.0190376765676086,9.348544060537884,0.3190225478602523,0.018241991893102463,1.3010535496029044e+28,3.680222730706374,1.8373608995851688e+38
2.0187084680370404,9.338738031618545,0.31930546168036267,0.018269027318200525,1.296162363230655e+28,3.6693778105685086,1.8348091633224116e+38
2.0180460164720575,9.327549196295296,0.31958357590945663,0.01828523436315851,1.2895592172640648e+28,3.65668047316006,1.831360891342258e+38
2.0183781164773698,9.330821200429003,0.31952408260389176,0.018310110004627518,1.2935800466835319e+28,3.6650652544545936,1.8326278337658603e+38
2.017381092215544,9.3263072002769,0.31952082191276937,0.018199396930800957,1.2826512760151134e+28,3.6430901203987927,1.829875471759752e+38
2.017713371147491,9.335952539112805,0.3192432857001784,0.018125753592018318,1.2840805424420784e+28,3.644147547562082,1.8323963198308113e+38
2.01704942419188,9.321081737893536,0.3196473871313242,0.018156036619365497,1.276014616595576e+28,3.6272208326995523,1.8282275880772085e+38
2.0167137165291953,9.326721663256103,0.31940092606177795,0.01804793575490246,1.272259303322273e+28,3.6195570181376984,1.828715449754068e+38
2.0163798939513957,9.299861364201561,0.32027041241373233,0.018288454137246963,1.2707566382109442e+28,3.6182755986428856,1.8227945088725037e+38
2.016043469278854,9.30776286450581,0.3199451395938181,0.018145792131221465,1.2662093017991867e+28,3.608336964387154,1.8237355268258335e+38
2.0157076519283477,9.309635223896606,0.319827508701195,0.018078386354002492,1.2627750815008626e+28,3.601549007226547,1.8234851836282753e+38
2.0153701834014406,9.28831347478359,0.32050801916068355,0.018245260985964382,1.2599038935067215e+28,3.5963696207925433,1.818650817119881e+38
2.014692984958914,9.29480609865248,0.32017651646729045,0.018054749371798042,1.2511118938035214e+28,3.5772791329566824,1.8186929354739333e+38
2.015031532032055,9.28586095510412,0.3205387990286359,0.018216656299047403,1.2562687690833856e+28,3.589007602420153,1.8175446244941928e+38
2.0143542478104375,9.294264498603486,0.32014133845606035,0.01797352822110103,1.2451208142046837e+28,3.563143368942205,1.8179655223047804e+38
2.014014826927665,9.275246747585694,0.3207436940687783,0.018160567042380532,1.2452592644802158e+28,3.566543389745019,1.813586390318312e+38
2.013675233992798,9.287804238326753,0.3202560264431035,0.017929068291010385,1.2377302469555472e+28,3.5479697473388083,1.815449818531377e+38
2.0133341323412517,9.285472344730934,0.3202821908549834,0.017908083145525805,1.2347303509551927e+28,3.542369746244781,1.81436786412189e+38
2.012993889820892,9.279152697255446,0.3204461590091123,0.01793461595333565,1.2323574818049592e+28,3.53855109136413,1.8125015632498512e+38
2.0126508644630317,9.276629200676394,0.3204787084563876,0.017892138270660708,1.227767833641035e+28,3.5283777768915496,1.811380585903264e+38
2.012307994329752,9.275469079048063,0.3204641892916244,0.01784081835996825,1.2234809139384585e+28,3.5190544273283013,1.8105299444625855e+38
2.0119663168459865,9.258237317688549,0.32100613454798677,0.018000634264342615,1.223016651150751e+28,3.5207070417029573,1.8065069249956416e+38
2.0116213843980133,9.26639286214234,0.3206686253883666,0.0178517317806968,1.2182513864405826e+28,3.509996985245944,1.8074968520254375e+38
2.0112777345711597,9.257231778597331,0.3209311287010203,0.01788008060645699,1.2141663077624042e+28,3.5012167357236366,1.8050676355416147e+38
2.010933286269486,9.248232421261271,0.3211884077444496,0.017952841079779115,1.2131929615263648e+28,3.5014071580196755,1.80266852613626e+38
2.01058803796291,9.259323779947044,0.32074859214163093,0.01773561872515286,1.2057179181626847e+28,3.482822093636976,1.804240575252511e+38
2.010241908215845,9.25730821595107,0.32076319769090367,0.01771788131412925,1.203201661723762e+28,3.478546855081097,1.8032212557635693e+38
2.0095509438953916,9.241953629064417,0.321185677310447,0.0177778802902693,1.1972970721575037e+28,3.467431307319884,1.7989524784354787e+38
2.0098956153118372,9.24578658087363,0.3211075917815708,0.017805061161827423,1.2016162958945359e+28,3.476957189037686,1.800325867171631e+38
2.009201343524979,9.245830014284543,0.32099516469659284,0.017669023057426566,1.1924634539294455e+28,3.4564384374678867,1.799093845648241e+38
2.0088557655039114,9.240636725129109,0.321120324301342,0.01771209264821203,1.1920168070811214e+28,3.4581167183054498,1.7974522952807287e+38
2.008506186463934,9.226328891690493,0.3215623375699875,0.01781897624467139,1.189954691352791e+28,3.455139642501999,1.7940024235142775e+38
2.0081593528502175,9.230405723186268,0.3213648081795152,0.017704629483059033,1.1849330533513422e+28,3.443531027298286,1.7941929852576192e+38
2.007809566936181,9.218213345546978,0.3217338080138121,0.017799948080364954,1.1834653002211302e+28,3.442262456168561,1.7911617968055636e+38
2.0074606160653294,9.228788951320741,0.3213092692830036,0.017623705969048126,1.1784843727474073e+28,3.430755017084875,1.7926346288938852e+38
2.0071097026600095,9.22601119628177,0.32134982538789847,0.017595448223243,1.174825158709981e+28,3.423093281289356,1.7914651784991213e+38
2.0067604443081852,9.218366707091114,0.32156034561408664,0.01762826284677659,1.1721479616997084e+28,3.41826575789035,1.7893386085700388e+38
2.0064102062526787,9.219360780813982,0.3214695579240057,0.017575521677186342,1.1692713124296068e+28,3.412853927708039,1.7889170270947342e+38
2.0060594306666313,9.219362281709582,0.32141330389445805,0.017478206147610184,1.16279801259101e+28,3.3969280875235985,1.7882988659332778e+38
2.005707043769424,9.215613780023526,0.32148755770041615,0.017469421091480537,1.1598527541468124e+28,3.3913015418650603,1.7869388696666473e+38
2.005355135217103,9.206175292130782,0.32176069383005285,0.017547419907570902,1.15907752743307e+28,3.39200950872755,1.784457447110321e+38
2.005004112112946,9.19680752931488,0.3220320563056806,0.017609781925717542,1.1572907541512316e+28,3.3897462803458165,1.781990810074198e+38
2.0046531663653595,9.191038390450082,0.3221777909285691,0.017623788915561,1.1545831110646441e+28,3.384776730184819,1.7802360619281006e+38
2.0043001142634984,9.18955132664214,0.32217317616786884,0.017613171184480365,1.1529543501774698e+28,3.3829797938618027,1.77932559796807e+38
2.0039462480885124,9.187693419075007,0.32218143275279915,0.017561637248048358,1.1484193308043083e+28,3.372649428186788,1.7783411326931275e+38
2.003592862110083,9.19650439649618,0.32181599683506873,0.017391286181864578,1.1427431666114364e+28,3.3589404278956296,1.7794649997985994e+38
2.0032397466636502,9.186668719856636,0.32210377013803054,0.017422559786606652,1.1386893497696603e+28,3.349975753452901,1.7769083348778148e+38
2.002886223854954,9.17794725047328,0.3223529561809924,0.0175352185734376,1.140622639588036e+28,3.358625940829104,1.7745703433514164e+38
2.0025323797655368,9.188446373797284,0.321927737415019,0.017313329981517415,1.1326456173458178e+28,3.3380847681980224,1.7760289302806e+38
2.0021781819597138,9.178094063981932,0.32223384637195834,0.01737103649822064,1.1300333788995572e+28,3.333332963457222,1.773371327275073e+38
2.0018231022130335,9.167095393727905,0.3225632464783205,0.017466556359302027,1.1294553326959343e+28,3.334583701888186,1.7705831093548944e+38
