0.48603538238577815,15.124636452442235,0.047468321696532374,0.08233497521260383,6.508967430398237e+29,227758.03921400325,4.719326760788874e+37
0.4226944153752794,15.46300914436223,0.040378802256561236,0.06961899216213413,6.147532208517779e+29,432383.6970341774,3.9075734321984407e+37
0.3916133477511253,15.692289662018997,0.03686312126826275,0.06243817146745254,5.934508742055499e+29,611502.718715841,3.5237133221049657e+37
0.43840563328269416,15.368183231296893,0.042138059427174857,0.07294538958068926,6.246165895836079e+29,366044.53948495426,4.1054041043602366e+37
0.37627469616019027,15.824988837028203,0.03512226671671234,0.05871438576092646,5.820557727362562e+29,732386.9207533958,3.338082394708416e+37
0.40709200060901984,15.566263275908323,0.03863039351967965,0.06620184519664521,6.043589655632721e+29,513018.6744048998,3.7135619868180267e+37
0.4700910459519861,15.203879240799989,0.04567183938960387,0.07920071998447697,6.426939391517997e+29,265702.3262966178,4.511592116350629e+37
0.45420949176400716,15.275123513300365,0.04392304195313117,0.07631608263255826,6.339320947862967e+29,311216.60421182786,4.306714635402989e+37
0.550254939722493,14.906097810830833,0.05452816946937252,0.09225850350547384,6.781554500636906e+29,127588.21283678563,5.578773176092122e+37
0.5180715814209264,15.00293188389859,0.05100756217488344,0.08766889893765151,6.656244356454341e+29,169270.5693633175,5.143733753046224e+37
0.566384067813562,14.855696758975592,0.05631692553412611,0.09458980000381143,6.836163695225772e+29,111316.19675546218,5.799626544404928e+37
0.5986839695246212,14.777940776706561,0.059841799261662755,0.09843411273370169,6.929761009855851e+29,85512.8059135522,6.24811262402479e+37
0.502031498310162,15.065244479935123,0.04922386576384391,0.08495661881036981,6.585384786498924e+29,195987.04814854244,4.930234455960742e+37
0.5825292447089092,14.814852758479185,0.058081968753170184,0.09659327465880986,6.885517782814225e+29,97420.19315566785,6.022833924824099e+37
0.5341484662488004,14.954497099349666,0.052760767929758014,0.08997279862254783,6.721610010888014e+29,146711.59215494653,5.360066321028868e+37
0.614840297720897,14.7429649757584,0.06160251250864312,0.10017079696731346,6.968965513295076e+29,75276.20947435804,6.475235846092504e+37
0.695405211068325,14.604766467482479,0.07033382864854423,0.10689035090247558,7.094382574627306e+29,41402.44114957018,7.6338728018119205e+37
0.6309916258560528,14.715072444587642,0.06334059318693451,0.1016221524237855,7.003311267091774e+29,66448.70156457367,6.704285634327467e+37
0.6471304988725366,14.686994430768385,0.0650848447656688,0.10303037841139283,7.032876047216771e+29,58813.180946814944,6.93482090790832e+37
0.7114286970951224,14.586948414604294,0.07204234943627438,0.10772565386324764,7.106313972734441e+29,37007.39725532339,7.869411406757981e+37
0.6632498590016299,14.65563019513266,0.06684879814172875,0.10450673243248729,7.057806964887391e+29,52189.72302522326,7.166517400132347e+37
0.727407247615103,14.564289827515951,0.07377500478312349,0.10868616092912131,7.11416329741808e+29,33154.06296558591,8.105408644395785e+37
0.7433352775565002,14.543272087767729,0.07549940866210886,0.1095352757859004,7.118158759487707e+29,29767.680555184405,8.342112745863931e+37
0.6793435983378932,14.625395530140763,0.06861243027614475,0.1058975155352793,7.07826615001339e+29,46428.05602913234,7.399423746361397e+37
0.7750158882940374,14.504278935050428,0.07892878144084245,0.11096655641850196,7.115015362807592e+29,24150.373978129526,8.816965609373163e+37
0.759206671706349,14.522957123862405,0.07721930631421163,0.11030696883528245,7.118381240416853e+29,26784.417880605502,8.579319017410537e+37
0.7907571454114339,14.490997836171942,0.08060570272856955,0.11136901392411358,7.108187083475765e+29,21819.473782498473,9.055235872725569e+37
0.8529566390717542,14.425200227544268,0.08734258457068726,0.11299012214372267,7.04940960072318e+29,14819.004289462357,1.00068201770609e+38
0.8064258974293896,14.47382272174658,0.08230043911137,0.11187238808783517,7.098100941757852e+29,19752.446214373656,9.293267582963424e+37
0.8375286982802764,14.443176548947372,0.08565602422266126,0.11259396579262107,7.068572768221168e+29,16279.24632736003,9.769374519694597e+37
0.8682978725118592,14.412394786627138,0.08899252356203903,0.11314102029942519,7.027548597171037e+29,13513.293847017952,1.0244427551216618e+38
0.8220177073335039,14.457126582777615,0.08398855791846654,0.11230954692899717,7.084832882893425e+29,17915.329234021843,9.53127797191335e+37
0.9287443662297205,14.363692943044027,0.09551047721875416,0.11323850499635636,6.915565625051358e+29,9498.34178177312,1.1189959987889668e+38
0.8835504609013659,14.404583427329726,0.09060488004374789,0.11305362126278619,7.003111022946518e+29,12343.413282746571,1.0482182499879443e+38
0.9436032481474325,14.352780028339328,0.09711232089754365,0.1131188247256473,6.882053523927972e+29,8731.160219645231,1.1424615671815754e+38
0.8987115817184242,14.383658466224311,0.09229366904983312,0.11344058094682319,6.976189530790049e+29,11293.215780960132,1.0717907867489588e+38
0.9137782656260502,14.373696671907922,0.09390598740237209,0.11335727526011644,6.94695993415936e+29,10348.841166361874,1.0954300098962832e+38
0.9583483207401424,14.344930513945105,0.09868380183171213,0.11284552876233045,6.846673493696327e+29,8038.291183964857,1.1658666228043224e+38
0.9729724793551051,14.331627499881126,0.10028269111851523,0.11275505835995617,6.809521725341119e+29,7411.6495424151335,1.1890729757991137e+38
0.9874693837241684,14.320524944330492,0.10185577003016197,0.11254644998786202,6.770636662195735e+29,6844.037173298102,1.2121743547652047e+38
1.0018330256527033,14.313491629445377,0.10338813257052444,0.11215070635078857,6.730277516944082e+29,6329.323578701939,1.2351910453641851e+38
1.0160624985808018,14.294151310646534,0.10499847288159422,0.11220915532020749,6.688414588510861e+29,5861.680202587526,1.2578476616994658e+38
1.05805858544827,14.265113303114514,0.10956085815481144,0.11109018863213185,6.554730629691688e+29,4691.452448049056,1.3254883258328531e+38
1.0856078904160114,14.250727938387701,0.11252703543585243,0.11002691801963964,6.459326098321105e+29,4065.587403107056,1.3701921362031981e+38
1.0718689317882228,14.261869887966807,0.11101614645270728,0.11041764412687774,6.507644859347791e+29,4365.323935406261,1.3479516027643349e+38
1.0301682454155712,14.284834722143033,0.10652557180550595,0.11184770693392775,6.645171617915284e+29,5435.837374313996,1.2805232013102487e+38
1.044162520050319,14.28219709025335,0.10799260404912663,0.1112002812914597,6.600609083505898e+29,5047.130790305999,1.3031924178248838e+38
1.0992894448633372,14.234776750585143,0.1140728607008675,0.10979805702765404,6.409895862999266e+29,3789.585688993958,1.3922796844623244e+38
1.112910439162255,14.223696157740623,0.11557627280177993,0.10935746415518734,6.359365413851381e+29,3535.1980384847184,1.414407940295248e+38
1.126443739574891,14.21703308848328,0.11703653800963365,0.10872893122249452,6.30801921082256e+29,3301.0076175701934,1.4365322585152613e+38
1.139858533462092,14.211537337746423,0.11847612183397813,0.1080404538355953,6.2559708896871606e+29,3085.609709374505,1.4585344125837117e+38
1.1790839559804278,14.17423912130673,0.12287567313203993,0.10670332200087683,6.097892070377193e+29,2539.552126926504,1.5225908894272326e+38
1.1531247920496472,14.195317568038067,0.11999195576107698,0.10774682008411539,6.203446521182214e+29,2887.7031240140773,1.4800805011675852e+38
1.1662104449780892,14.185379380260162,0.12143864331187891,0.10720563406923203,6.1507121588422124e+29,2706.0873873729174,1.5015105016706924e+38
1.1917145645840446,14.165380915968605,0.12426960698890292,0.10611220824990542,6.04518585009234e+29,2386.9837871371183,1.5433547585723216e+38
1.20407098942477,14.162205044495982,0.12558626659260463,0.1053103621198802,5.9927824621827714e+29,2247.341631601593,1.5638405764923238e+38
1.216124850586722,14.145565787503612,0.1269927054213652,0.10501286520033284,5.940830199144788e+29,2119.616892561582,1.5834748421103342e+38
1.227847473507742,14.145156351175915,0.1282205406866302,0.10412016818256037,5.8894757694421144e+29,2002.883009132045,1.6030212719041494e+38
1.2501979642018646,14.124375647504054,0.13074661778719449,0.10310464073352814,5.7893196280605396e+29,1799.0143951405075,1.6397322390956076e+38
1.2392132883874059,14.135712838703865,0.1294938916878915,0.10357219946846663,5.838950408455225e+29,1896.293364137725,1.6217249380867929e+38
1.2709410969394495,14.10436153393659,0.13310455774943847,0.10211413000818324,5.6931944448405624e+29,1629.4083915068538,1.6737408468279095e+38
1.2607803635923347,14.116287541878302,0.13192887989393434,0.10253187053059752,5.740693741793471e+29,1710.2840495485905,1.6571560691047322e+38
1.2806783165302722,14.098723231999683,0.13417796673982002,0.1014893644909952,5.647060958711054e+29,1555.6906493705678,1.6897971504099066e+38
1.2900202831936718,14.086162209169471,0.13527725708742536,0.10112831789438777,5.6019499817940504e+29,1488.1872531661172,1.704945243702873e+38
1.2990003615080545,14.086158856068188,0.13621898041430203,0.10033373347318231,5.5579277805773506e+29,1426.1578189148652,1.7198765146873892e+38
1.3076512465979802,14.076204816888515,0.13722312012134386,0.09990736905865666,5.51478298537955e+29,1368.893980973063,1.7338987208214693e+38
1.3160040565918187,14.064573496180746,0.1382138601051449,0.09955112383169391,5.4724527274691285e+29,1315.8213427472951,1.7473294924621878e+38
1.3240898032912338,14.058060609422476,0.13912749474919284,0.09902394187016694,5.4308809733784504e+29,1266.4385643624628,1.76045693108006e+38
1.3319368238278113,14.047870616828417,0.14005353095075396,0.09863216751756325,5.389817842483092e+29,1220.2730101341776,1.7730189297281138e+38
1.3395726231518275,14.045475258448583,0.1408804594816894,0.09797247937435011,5.349205856355335e+29,1176.9527898443691,1.785472413846867e+38
1.3470241495650777,14.038526288532893,0.14173424592744127,0.0974763573400081,5.30896554285438e+29,1136.1457415272982,1.797417227359245e+38
1.3543154543041729,14.029172427617258,0.14259645090960635,0.09706389432022289,5.268912593874246e+29,1097.5463513269062,1.808964564593819e+38
1.3614700532841808,14.017279906507186,0.14347138228825165,0.09673912121821554,5.2290631145346165e+29,1060.92446889009,1.8201435657965854e+38
1.3685101479825128,14.009144306810477,0.14429701543463497,0.09628263302583479,5.189302888896642e+29,1026.053383843438,1.831229756753499e+38
1.3754562820674032,14.001144267477013,0.14511229002860643,0.0958165768708415,5.149455642608034e+29,992.7237525443096,1.8421196729239353e+38
1.3959026641392154,13.976806995313506,0.14752584240903804,0.09438714828470932,5.0286999439059675e+29,900.4945519932667,1.873836009708024e+38
1.3823272632719752,13.99738849381001,0.1458763177749471,0.09520021890163224,5.1094722731674066e+29,960.7772845126278,1.853006320710632e+38
1.3891411654640107,13.986188389527234,0.1467127787435442,0.09482897165293339,5.069217518334892e+29,930.0580762439154,1.8634536953017124e+38
1.4026089130366532,13.969147988847727,0.14831586577931433,0.09388245510577661,4.988121770073239e+29,872.0775828664085,1.8841473297954074e+38
1.4092569931246421,13.959922483256744,0.14911733280203684,0.0934206385157508,4.947216111794864e+29,844.7164214710858,1.8942467237546394e+38
1.415844240573854,13.94608984670097,0.1499629430401193,0.09310672513476431,4.906212590131741e+29,818.4082859991612,1.9039973387589005e+38
1.422370073432871,13.939643821375363,0.1507238102297544,0.092542279833901,4.865210068674119e+29,793.121300278819,1.913911364527378e+38
1.4288312068819864,13.93075736270952,0.15150505875696782,0.09205096971426087,4.823974743436906e+29,768.7788696683817,1.923564119819051e+38
1.435226245266043,13.920408320592772,0.15229629154566068,0.09160582276326144,4.7828412814581335e+29,745.3927756428309,1.932994088843777e+38
1.441553517157344,13.909041680462803,0.15309270500278715,0.09118763854007665,4.7416012541816545e+29,722.8900158291301,1.9422166404872994e+38
1.4478120991075474,13.900976660512967,0.15384657160628698,0.09066016127687845,4.700521845725752e+29,701.2713799138111,1.9514267054583666e+38
1.4539997474013109,13.891276778153422,0.1546119657014054,0.09018017967126872,4.65934572296937e+29,680.4627070644912,1.9603987135189855e+38
1.460115704025625,13.880993899347757,0.1553773262584171,0.08971883559406078,4.618377859990211e+29,660.471603819061,1.9691796666541337e+38
1.4661585189166737,13.878719339442204,0.1560459386517632,0.08899750707786987,4.577494445306632e+29,641.2453561697946,1.9781712543918352e+38
1.472127808579882,13.860658011453824,0.15688542684295131,0.08878174292069659,4.5367612490889565e+29,622.7581062375278,1.986255622065989e+38
1.4895852014969804,13.832890867159067,0.15906452526768128,0.08728291080352492,4.415673885929532e+29,571.4408641110901,2.010764396398046e+38
1.495256698548324,13.818871324642402,0.1598321417266011,0.08693388981670212,4.375775114599274e+29,555.6192174095818,2.018374921757823e+38
1.4780216847680994,13.858154155723172,0.15754199943850883,0.08806733426409998,4.496191582783015e+29,604.9811271241368,1.9949127522566947e+38
1.4838401262748704,13.847733193501535,0.15828120905861903,0.08760484784832605,4.455788759725266e+29,587.8818949891713,2.0030273673501748e+38
1.5008587099006185,13.813203097453071,0.16049678888264451,0.08632195732358515,4.3360699863835085e+29,540.3787738236066,2.0262491396046504e+38
1.506391785548274,13.803718093384804,0.16119916677647755,0.08582856244288573,4.2965044152561474e+29,525.6862482896861,2.0337824466549866e+38
1.5172590223249987,13.780943679710267,0.16263039096228676,0.08496352018379318,4.218230467040666e+29,497.88920293272594,2.0482160378060806e+38
1.5118580180056493,13.793007534951391,0.1619097377111155,0.08537672116977366,4.257330406752143e+29,511.5444377663908,2.0411065348590895e+38
1.5278724484868194,13.75792261017686,0.16404204418140253,0.08410601992716606,4.140896826376037e+29,472.0195211902563,2.0620715500243995e+38
1.5330883323027762,13.750506795513326,0.1646908263182093,0.08355346462739548,4.102617285631656e+29,459.7546824781056,2.069015248729833e+38
1.5225968383489792,13.771904943553313,0.16330964787404628,0.08445997812946507,4.179497446143818e+29,484.73066357841856,2.05534259968683e+38
1.5382454599913082,13.741814020023163,0.16534935708191392,0.08304181579433205,4.0646222199853284e+29,447.9123372681451,2.075763050149091e+38
1.5433449405780597,13.730326742221385,0.16603630710000045,0.08261412568687108,4.026815113237352e+29,436.46329278773106,2.0822327106764134e+38
1.5483880932200624,13.718448536378212,0.16672309347320127,0.08219756494636321,3.989210571123692e+29,425.39158425956805,2.088554377443097e+38
1.5533775097244253,13.70153419247742,0.16746681063749919,0.0819327337641543,3.951904646978395e+29,414.6889277891379,2.094476751073837e+38
1.5583132966385351,13.692325616429574,0.1681119141242748,0.08143876985726124,3.914896770160863e+29,404.3407204606054,2.100704126855629e+38
1.5631968369401061,13.68328821522935,0.1687501346587269,0.08093893263213459,3.878045175285959e+29,394.31706586984535,2.106826119336263e+38
1.572810579610377,13.663005318533742,0.1700400091283316,0.08000790063154295,3.805108799979377e+29,375.2200334046089,2.1186078823971732e+38
1.5680287267025403,13.670838355017924,0.16942590018972672,0.08054023490320283,3.841418735800343e+29,384.6118172562718,2.112640526440565e+38
1.5775414751305472,13.650885976060973,0.17070289331673624,0.07960429524515043,3.7691525439723945e+29,366.13465028999684,2.1242171068400825e+38
1.5868559891363867,13.631690847730297,0.17195259024947226,0.07864850382747395,3.697788976956539e+29,348.7832294947581,2.1354069680718406e+38
1.5822232814527863,13.640500522238549,0.17133985666505677,0.07914655550420578,3.733245660102784e+29,357.3129558166128,2.1298190939951994e+38
1.595976436174362,13.60607886871038,0.17326642952674146,0.07788477676982242,3.627609387078062e+29,332.4981170122453,2.145795738508897e+38
1.5914400229318877,13.613124164873469,0.17268451904765802,0.07843227510189407,3.662577800649968e+29,340.5152189937606,2.1403114299866338e+38
1.6004641676378106,13.591534940972364,0.17393956696709612,0.07755657656321142,3.593057584828903e+29,324.7397476219305,2.15072562737156e+38
1.6049054109844714,13.58324887889229,0.1745286455733396,0.0770486099545187,3.55865687832694e+29,317.2049508714932,2.1559334156408876e+38
1.6093002044565776,13.57352334526287,0.17513195971793505,0.07658272316702773,3.5244941456674226e+29,309.893529889759,2.1609567409069686e+38
1.613648366805908,13.561771290189961,0.17575732008470335,0.07617999363109096,3.490808537467909e+29,302.81861121153247,2.165756674059721e+38
1.6222082360453245,13.539936583020358,0.1769745867756879,0.07532923379526629,3.424125852236204e+29,289.2795653448572,2.1751718154654296e+38
1.6179514651954896,13.544744874498026,0.17644753503117216,0.07592346803819194,3.457269228969815e+29,295.94213343447797,2.1701326380180734e+38
1.6305902602302969,13.51476605805888,0.1782203313012816,0.07458027886558138,3.3586881521858e+29,276.532710531661,2.184004448835712e+38
1.626421925336821,13.525439308221905,0.17762446199579907,0.07500709681125506,3.391269259964694e+29,282.811600503661,2.179515514353609e+38
1.6347142852843402,13.502433642327675,0.17883426799273963,0.07419833251708334,3.326269401569336e+29,270.42645768340174,2.1882952814957554e+38
1.6387959182411636,13.494316608359636,0.17938863004800576,0.07370671285145082,3.29431055634841e+29,264.5094653675827,2.192771136727485e+38
1.6428342083623142,13.47516245952445,0.18008629484272481,0.07351837709492945,3.262638660220663e+29,258.7624999217947,2.196441827797631e+38
1.6468298619757502,13.46474417339108,0.18066397536854648,0.07309436140951758,3.2313010760964876e+29,253.18315393582517,2.2005910749652796e+38
1.650782787633154,13.460423872798286,0.18115575316249846,0.07250883727924566,3.2002775072458435e+29,247.76446972196374,2.2050564951639575e+38
1.6546961313694861,13.447235474932816,0.18176329075637884,0.07216401401432875,3.16948535131789e+29,242.49262729283515,2.2088600154873098e+38
1.6585671509874087,13.435714860756821,0.18234473009306235,0.0717792469808678,3.1391047459757352e+29,237.37859609044617,2.2126873755881214e+38
1.6623973596353727,13.423722572963642,0.18292910416775116,0.07140551970259207,3.1088490964486925e+29,232.39484348701848,2.216400887732518e+38
1.6661874330496413,13.413473994114481,0.18348624716198397,0.0709898724205275,3.0789722230812664e+29,227.5556095319233,2.220151828231537e+38
1.6699372123873506,13.400236862517387,0.1840808464593601,0.07065890768763695,3.0495257987026546e+29,222.86026723265968,2.2236194005694465e+38
1.6736483005157563,13.381978691150515,0.18474164314941544,0.07045941623149803,3.0202558062823663e+29,218.28493879514158,2.226663528854648e+38
1.6773205311452744,13.371822661773983,0.18528761443954997,0.0700504349765896,2.991347692547532e+29,213.83935119092035,2.2301868495120782e+38
1.6809541075522498,13.364381838397186,0.18579238784445326,0.06957212039022735,2.962665598983874e+29,209.50982721454022,2.233824539912848e+38
1.6845496253601124,13.347091153778578,0.1864309952991532,0.06935234614101216,2.9342513107115525e+29,205.29544225016883,2.2367005470184578e+38
1.6881060915638901,13.341129989894803,0.1869080714881314,0.06884332638279982,2.9062163554514408e+29,201.20107882882195,2.2402947928625577e+38
1.6916263175038548,13.324662370204537,0.18752930966216272,0.06861054752906948,2.8785578993103643e+29,197.22131564636888,2.243078019505e+38
1.6951093928861425,13.315219884337719,0.18804869457018308,0.06819727424598859,2.851095387260662e+29,193.34108134447777,2.246287836407242e+38
1.6985559171613112,13.30602007923908,0.18856131980934968,0.06778136681885194,2.8239318511859327e+29,189.5640665098327,2.249446844181938e+38
1.7019653954261331,13.292973699261921,0.18912525013304096,0.06746357288319967,2.7969395652283138e+29,185.87907457683133,2.252257370066226e+38
1.7053405074076686,13.284981669523281,0.18961429854813888,0.06702410889579545,2.7703769392769982e+29,182.29903541010373,2.255370104590301e+38
1.7086798634323173,13.264135912965122,0.19028417570457887,0.06691029557686831,2.7440421755612557e+29,178.8085671419553,2.2574754994283334e+38
1.7119851051713577,13.254894145935735,0.1907851875268358,0.06650706355285596,2.718016628420641e+29,175.4095553991196,2.2603639297332605e+38
1.7152561206326824,13.24736463585122,0.1912583577682206,0.06606466340049026,2.6922767231856198e+29,172.09801276898568,2.263316133265038e+38
1.7184931704188644,13.234691698604394,0.1918027885026283,0.06575542341626422,2.666881633067905e+29,168.87514521880965,2.2658239362827595e+38
1.7216967724437906,13.222539368846862,0.19233695303401868,0.06543521655317777,2.6417329013044234e+29,165.73209726688643,2.2683066201693664e+38
1.724868423614878,13.21367312383938,0.19282056357103913,0.06503540434750785,2.6168007632013657e+29,162.66414932829252,2.270977261454542e+38
1.7280073849630013,13.203934623702873,0.19331393625967364,0.06466136292392606,2.5921772719100528e+29,159.67531264807928,2.2735222385963596e+38
1.7311145688587972,13.184436338256996,0.19394794351405,0.06452762087180987,2.567772290787141e+29,156.75756144898165,2.275265406761442e+38
1.7372336518253007,13.159983416211979,0.1949951576831377,0.06390854461117627,2.5196409309016184e+29,151.12925279409367,2.2796740299375403e+38
1.7341906183904148,13.176268553755365,0.1944130124535251,0.06411936180707486,2.543632689970448e+29,153.91157528312334,2.2778130467030414e+38
1.7402490810659985,13.156991628543206,0.19537804063833578,0.06338497974232972,2.4961596864284638e+29,148.4281748319275,2.2825137701876058e+38
1.743231814486778,13.143293807390704,0.1959168828088471,0.06311606183592396,2.4726576566133643e+29,145.77710554120495,2.2844633306545234e+38
1.7491091936011578,13.122735820101045,0.1968853816251303,0.06243070062733093,2.4267394808367953e+29,140.6823424207141,2.2887352720958458e+38
1.7461858826692875,13.134289595182297,0.19638342058001082,0.06274176264157251,2.4495858876225693e+29,143.19945172443002,2.2867271541279594e+38
1.7520030541418332,13.103760591770639,0.19749670041814354,0.06229734617335776,2.4040988068011832e+29,138.2226025985501,2.290103260763739e+38
1.754866272051822,13.09447786325062,0.19795969519918405,0.06193683378903755,2.381732301746712e+29,135.8231690053902,2.2921817164602693e+38
1.75769921612249,13.084303333542879,0.1984334533103163,0.06160090436730544,2.3596257372506585e+29,133.48159177124018,2.2941375378181865e+38
1.760501485435292,13.076662068154963,0.19886595052143952,0.061209489629606414,2.3377942119540993e+29,131.19743595039446,2.296244348486141e+38
1.7632719754169517,13.063208350596803,0.19938403772500427,0.06095967644679625,2.316300701942554e+29,128.9731957108351,2.297828966060829e+38
1.76601268254109,13.047439264482936,0.19993529573752652,0.06076182021815221,2.2948812211700713e+29,126.79209250998225,2.2991741943984382e+38
1.7687214070204582,13.03578902573275,0.20042091670984133,0.060475301541829556,2.2738806995183644e+29,124.67275665270805,2.3007972914946685e+38
1.7740456996434553,13.017396415828243,0.20130826590560266,0.059795766887186505,2.2325135837010233e+29,120.57885127020528,2.3042926640013357e+38
1.7714000604554245,13.030247691773134,0.20080980715114047,0.060048894250838154,2.2530528980444566e+29,122.59963021096047,2.302872058889771e+38
1.7766606834875276,13.005473946147362,0.20178981563789242,0.05952524508049324,2.2122547001568562e+29,118.60792697558237,2.3057398493474567e+38
1.7792438080766542,12.99592131629278,0.20223174303775002,0.059204155563432045,2.1922525031021737e+29,116.684805525577,2.3073313070232244e+38
1.7817947546977975,12.983788561705616,0.20271093500031556,0.05894542325038842,2.1725024762369936e+29,114.80821038360692,2.308656227400603e+38
1.7843153262654388,12.966013040523542,0.20327599099545193,0.058818894556870054,2.153040234477273e+29,112.97833345198707,2.3094596503532255e+38
1.7868034320177852,12.957781596381894,0.20368875681756052,0.058478430559494365,2.1337916139920322e+29,111.19087856709159,2.3110115413748397e+38
1.7916819730014888,12.938092677553557,0.20455570743400653,0.05788280918691647,2.0960609459913195e+29,107.74579591534383,2.313691926931767e+38
1.7892595436251093,12.946120056807151,0.20415247406471165,0.05821814028962396,2.1147522533801805e+29,109.44447248795403,2.3122245420908083e+38
1.7940762572470048,12.924868755639553,0.20503863039118145,0.05766556468782472,2.0775442152716673e+29,106.08325309693542,2.3146771996806486e+38
1.796438476322368,12.915115384073921,0.20546364714528273,0.05737614251768392,2.0593293849296927e+29,104.46363238805752,2.315907248830379e+38
1.798771043324853,12.906413400842366,0.20586914039360202,0.05706732239917162,2.0413542243143036e+29,102.88213810419244,2.317183129947648e+38
1.8010724008166457,12.891017317665838,0.20637872003260102,0.05691098897657624,2.0236486383120352e+29,101.33986012728967,2.3178297243238753e+38
1.803347370822878,12.886186247375488,0.20671687079465442,0.056522117908067146,2.006057901734435e+29,99.82689354547797,2.3193538278475266e+38
1.8055924572611586,12.87191165374767,0.2072037526931454,0.056348201574392,1.9888330503440446e+29,98.3559679917583,2.320008608359664e+38
1.810001550228433,12.854083784686527,0.20799780680687593,0.055771980571889146,1.9549007650380537e+29,95.50608221407599,2.32212863877614e+38
1.8078102159469855,12.865115941204248,0.20756784049229113,0.0560130854885304,1.9717917084932597e+29,96.91654029950516,2.3212738961485616e+38
1.812165988199578,12.845002384509254,0.20839376499712428,0.055495681984856264,1.9383542740321848e+29,94.13352645387057,2.323112444308737e+38
1.814304156948498,12.825564294804233,0.20895585691419702,0.05543930624094071,1.9217779892197834e+29,92.77987530466135,2.3231359613635617e+38
1.8164170277520764,12.815184702078316,0.2093686389063992,0.05519340420847781,1.905524549188208e+29,91.46138497839246,2.323921078544548e+38
1.8185042899488062,12.805868996343191,0.20976170789503643,0.05492801630053036,1.8894795927886395e+29,90.17197954000278,2.324759831826123e+38
1.8205675068214773,12.794312149841701,0.21018938535748524,0.05471242533537627,1.8735862710655313e+29,88.90799304034552,2.3253602851419957e+38
1.822606873526321,12.78553776089262,0.21056924490087714,0.05444096860028385,1.8579065114248964e+29,87.67179241204644,2.326172990137116e+38
1.8246221400624816,12.773403555931045,0.21100232573199035,0.05424517999218213,1.8424569034006834e+29,86.46367374397651,2.3266432443571174e+38
1.8266151324950346,12.765073842031779,0.21137063640538992,0.053969590447102346,1.82712725817296e+29,85.2775251861642,2.3274233378173466e+38
1.828585496392991,12.758232992415588,0.2117120985200054,0.053664760735236204,1.8119443695813982e+29,84.11424546944049,2.328303675601831e+38
1.8305314170253608,12.742995760067396,0.2121908163164462,0.05354160401148962,1.7970165963392844e+29,82.97880971295372,2.328376166418062e+38
1.832456518392546,12.731950435191731,0.21259824454390855,0.05332986509901638,1.7821661836419204e+29,81.86171808473095,2.3287993402762898e+38
1.8343599171454912,12.72464604585967,0.21294123892533504,0.05304516540751295,1.7675730795438882e+29,80.77103840395233,2.3295334493338943e+38
1.8362403994505236,12.71635937751588,0.21329844056562172,0.05278305692336275,1.7531195028528394e+29,79.70120326698381,2.33014155161021e+38
1.8380980975880223,12.704246741921859,0.21371780285028485,0.05260093479310766,1.7387657611444885e+29,78.64999504345084,2.3303592428361155e+38
1.8399339332586333,12.695668629421315,0.21407580503777265,0.05234987924581927,1.7246326083873417e+29,77.62229799689342,2.3308712740234905e+38
1.841747790836545,12.683429439323602,0.2144936282785215,0.052177879697338746,1.7106963559494105e+29,76.61665548579957,2.331008293704998e+38
1.843538994223048,12.672429892685427,0.21488859486919493,0.05198256489461211,1.696915466418763e+29,75.63096032903418,2.3312244144768084e+38
1.8453099145189993,12.66542776916429,0.21521393479514256,0.051706650071284124,1.6832504204942846e+29,74.6626161967241,2.3317876603641295e+38
1.8470580571455104,12.6574110983911,0.21555425291588187,0.05145501559363136,1.6697642560589127e+29,73.71459355243124,2.3322209084491863e+38
1.8487837162794067,12.6462536284996,0.21594599549189272,0.051271761159997646,1.6564971417098645e+29,72.7882372530943,2.332323066004258e+38
1.8504888632592706,12.63720168814737,0.21629998737985814,0.05104741241223612,1.643354786470334e+29,71.87866511757309,2.3325955031595198e+38
1.8538312178402279,12.609926265048722,0.21715937314190428,0.05079039048895412,1.6175112300986744e+29,70.11281368409685,2.3321585021941525e+38
1.8554728121982436,12.604953957688714,0.21743741015904708,0.05048858283230698,1.604732011963411e+29,69.25172381237819,2.332728800496944e+38
1.8570899740838096,12.599648983647604,0.21771855055820244,0.05020065545284965,1.592225722943255e+29,68.41336569074787,2.3332296854296224e+38
1.8521712748138033,12.624766334013376,0.21670988963616938,0.050890449575187964,1.6302569050114353e+29,70.98251349212674,2.332510357106131e+38
1.858689058112257,12.585366559381999,0.2181533107004988,0.050095477505598715,1.5799046750659975e+29,67.59245496860424,2.332843842912534e+38
1.8602652110509164,12.5741098784863,0.21853376521570744,0.04993066196817182,1.5676770359624867e+29,66.78567542403071,2.3327127340538443e+38
1.8618210304366722,12.564918044735757,0.21887653587622555,0.04972647570059809,1.555567993302447e+29,65.9933824279675,2.3327524698838005e+38
1.8633564069933044,12.553203638193203,0.21926145523319995,0.04957366259324316,1.543572006850208e+29,65.21511832427343,2.332516572698501e+38
1.8648722016070791,12.544304554971305,0.21959549232905737,0.049370050136193146,1.5317910674820257e+29,64.45479092540222,2.3325270359662692e+38
1.8678445195941928,12.524702272693425,0.2202897280174808,0.0490088717467966,1.5087412924698471e+29,62.981385736195435,2.3322843188334137e+38
1.8663680685727546,12.53463655918951,0.2199411465107022,0.049184723114395076,1.520169374242776e+29,63.70984503533119,2.3324330450536176e+38
1.870741109771444,12.513176793424632,0.22083456222643005,0.048493809859927094,1.4860287969055682e+29,61.55450213815448,2.3327301910054504e+38
1.8721619830209664,12.503849832972168,0.22116714303147722,0.04830972108560442,1.4748786670976221e+29,60.86116083033568,2.3325626118977752e+38
1.8693032247830392,12.516959539840322,0.22059813779503137,0.048789050494338446,1.4973372384335374e+29,62.261832287925635,2.3323275409856668e+38
1.873565033076077,12.485334981309723,0.22166111253736148,0.048305474010948785,1.4638627515718946e+29,60.18074305657091,2.3314544569556313e+38
1.8749499520440245,12.475880721297003,0.22199306165433058,0.048129344343452146,1.4530114356014997e+29,59.51434825082851,2.331218554746769e+38
1.8829035839012798,12.426618696373298,0.22381853296548465,0.04697178881000329,1.3902886560715313e+29,55.75266305654093,2.3300333390917305e+38
1.8776677533542894,12.464820805898055,0.2225121056840112,0.047638848814867435,1.4318399412955532e+29,58.223965555621916,2.3314580724534028e+38
1.8763171790487965,12.474133200374412,0.22218606262798543,0.04781433572572972,1.4424907264937737e+29,58.86847740216972,2.331728046102009e+38
1.8803184680798855,12.44543262759862,0.22317335827777307,0.04730279269670495,1.4107166418866138e+29,56.96180979290069,2.330766101458492e+38
1.8816180671580645,12.43189936672742,0.2235707191086123,0.04722173939316808,1.4006590354325307e+29,56.360664190822746,2.329991458476778e+38
1.8790008382912686,12.454392738347932,0.2228565240079048,0.047481573724085124,1.421153226834133e+29,57.58469672345435,2.331049016998332e+38
1.8841713424592939,12.412852301055032,0.2242176215907906,0.04689279250099337,1.3802795461670008e+29,55.16531848438004,2.3291849293802348e+38
1.885425841415457,12.408079494118082,0.22445321122591896,0.04664759135608387,1.3704243829633522e+29,54.58946636791274,2.3292345834627783e+38
1.8878872576830081,12.390663718428547,0.22506212752928947,0.04630441569106382,1.3508224745278463e+29,53.4587807378505,2.328460628672236e+38
1.8902857529196617,12.371528446037836,0.2256966111746071,0.04599208247468923,1.3313826158350776e+29,52.3560199248533,2.3274131765548715e+38
1.8866626960476358,12.402175338814589,0.22470737720398085,0.0464163787701413,1.360390554036692e+29,54.012383562146255,2.329141643384361e+38
1.8926282850056828,12.354678933249435,0.22628449533221295,0.045649151509469535,1.312481060960346e+29,51.29410561306486,2.326521361634013e+38
1.8914640076040699,12.362457746239773,0.2260029960786568,0.045830638290569395,1.3218525835758647e+29,51.819553189933664,2.326910470383015e+38
1.8890936371680842,12.385036174673392,0.2253082741978294,0.046077380077054,1.341149499623791e+29,52.90671701846117,2.3283520072265488e+38
1.893777845123052,12.34525297672039,0.22659481754482988,0.045499327672683366,1.3031906812603007e+29,50.77662790369027,2.3259397907153823e+38
1.8949117160363371,12.33264153950218,0.22696234380361727,0.04542137951536642,1.2943266101513994e+29,50.28055035634193,2.3250011247733207e+38
1.8960333023865856,12.323137313734822,0.22727182981845512,0.045271397124145726,1.2850894360144102e+29,49.774235193896274,2.3243691019470174e+38
1.8971408515118589,12.314975201071492,0.22755530750416314,0.04510217192183928,1.2760514387133857e+29,49.28007382600095,2.323856058082816e+38
1.8982338724923589,12.313367823246237,0.22771613350279174,0.044813085894414115,1.2670452719165666e+29,48.791546803604,2.324007837590651e+38
1.8993142995138743,12.295667548411464,0.2281737400082482,0.04482150753227326,1.2582010335290544e+29,48.31332145503085,2.322455567696237e+38
1.9014329741027602,12.282437460766262,0.22867431917803652,0.044440761135210095,1.2408157950103503e+29,47.380894519845846,2.3216135783517992e+38
1.900381448774577,12.286430510509842,0.2284735810169365,0.04468325888757853,1.249615780322517e+29,47.84908499807154,2.321770861625073e+38
1.902473399457142,12.271758229919548,0.22899855284661844,0.04432773487572683,1.2322888231739332e+29,46.92676232458919,2.320737673500556e+38
1.9035007485804645,12.265089126097145,0.22924679817518182,0.04414049543418578,1.2237529811087642e+29,46.47608643740745,2.3202664944831793e+38
1.9045155360134245,12.254951762142507,0.2295587487168241,0.04402627159351686,1.2155503600106788e+29,46.04170577644836,2.3194101155081713e+38
1.9055167778584658,12.244206425571788,0.229880995646975,0.04392070155354016,1.2073286309058025e+29,45.61027200347118,2.3184674076963125e+38
1.9065054585762278,12.244199743714683,0.23000039531906344,0.04361719793113559,1.1989824003684831e+29,45.17764522654165,2.3186513947069976e+38
1.9074807122794624,12.22969142663721,0.23039104315732784,0.04358372200822401,1.1909809900234725e+29,44.7615483727665,2.317268882264042e+38
1.908446507790763,12.2248337276324,0.23059929000981252,0.04336456459977714,1.1826406758235704e+29,44.33573392646904,2.3169076584341406e+38
1.9093980038048348,12.21442181628908,0.2309109273432356,0.04326575479755137,1.1749296721008568e+29,43.93702006683709,2.3159291910161697e+38
1.9103377067191156,12.205336176022497,0.23119654373425536,0.04313274930827232,1.166967840264872e+29,43.532057640715884,2.3150766404445748e+38
1.9121792056941387,12.183821105827697,0.231828066231564,0.042925856770973506,1.1511702506468054e+29,42.73637190318105,2.3129546426077976e+38
1.9112644848333613,12.196065873270559,0.23148452518131463,0.04299904520751468,1.1589391567869505e+29,43.12784273519439,2.3141847836005802e+38
1.913972772928783,12.173146106134375,0.23224900178778726,0.04254067088992909,1.135851419054474e+29,41.97046639582032,2.31193987293903e+38
1.913082494111952,12.175755719409894,0.2320912173854719,0.042783924445268615,1.1435713529583866e+29,42.35413600955788,2.312160628401649e+38
1.9148518733256712,12.164263087355868,0.23252535428172277,0.04240761263601328,1.12817342088519e+29,41.591155998063755,2.31102526334088e+38
1.915719127946938,12.153416723174805,0.23283827937246507,0.042324219410378554,1.1209440133303657e+29,41.23118261805384,2.309880711296611e+38
1.9165744671903022,12.143210668543809,0.2331380200262244,0.04223083035398671,1.1137822325215633e+29,40.8764190381567,2.308788678808505e+38
1.91741800704133,12.13390612821664,0.23341948474605553,0.04210677095542886,1.1062622915180353e+29,40.51120380515279,2.3077785836998278e+38
1.9182500469324886,12.132903736637271,0.23354006718163825,0.041839616181770636,1.0987894188127658e+29,40.150358625261624,2.307663122921643e+38
1.9190707135002936,12.124631622823314,0.23379938288772054,0.04171166616856015,1.0917000189499768e+29,39.80608595329643,2.306737730613798e+38
1.9198796514347076,12.113540891978378,0.23411208407483403,0.04164524837996179,1.0849857204592411e+29,39.477990858349145,2.3054870219899996e+38
1.9206771960124558,12.100275987662204,0.23446608901106872,0.04158707856591785,1.0775509398885358e+29,39.126135746342975,2.3039805336110135e+38
1.9214637325296384,12.091858741872857,0.23472538589691827,0.04146778046955687,1.070727934763223e+29,38.79888303226155,2.302993486774642e+38
1.9222401922501167,12.086072882141696,0.23493265139856725,0.041295166971881986,1.0637223586823332e+29,38.467243543306004,2.302286510743682e+38
1.9230047229203455,12.077185674971274,0.23519903896463362,0.041187259036578314,1.0570477946029336e+29,38.149945141360895,2.3012202635320346e+38
1.9237572790181465,12.074532555731604,0.23534278282799073,0.04097394288530923,1.0504186138536991e+29,37.83659759994418,2.3008292721527608e+38
1.9245016549340188,12.05995884988476,0.23571835310605313,0.04096855531357162,1.0439574467618348e+29,37.53119561583042,2.299107341749241e+38
1.9252325185780357,12.054979637403845,0.235905269878881,0.04078293342596665,1.0370838788304022e+29,37.213368879896535,2.298431097291569e+38
1.9259526513274294,12.049141907349002,0.2361078474914715,0.04061730902153385,1.0303736900856613e+29,36.90351878274996,2.297645803484035e+38
1.9266654322955465,12.043820605588571,0.23629958703204715,0.04045440900326389,1.0239771566487358e+29,36.6066332925077,2.296913252761235e+38
1.9273661550119379,12.030846013765913,0.2366404570351886,0.04043436906103855,1.0179689441518137e+29,36.32573702149301,2.2953065433772054e+38
1.9280583966949283,12.023106786344023,0.23687782916711983,0.04031213006850823,1.0116313652639504e+29,36.03482486919845,2.294276108291478e+38
1.9287405199003662,12.014225784226845,0.2371367973562723,0.04020339792587971,1.0051820506345355e+29,35.74182716135482,2.2931037605557636e+38
1.9300746716335786,12.000365270965405,0.23757491429803543,0.03993967124844737,9.928412902425846e+28,35.18117339657708,2.2911570214498858e+38
1.929412141515743,12.011730902134795,0.2372686439537492,0.03999007618180411,9.988107768717767e+28,35.45350946919838,2.29263516942835e+38
1.9307278769550398,11.989552175156,0.23786965378118546,0.03985520651920795,9.862860509633248e+28,34.88980984914825,2.2897274141101358e+38
1.9313736770107044,11.984103431587783,0.23805740468503514,0.03970527641027228,9.803451040641271e+28,34.62170820242777,2.2888964907522666e+38
1.9320086960220622,11.980883096798976,0.2381996842605895,0.039534177180974565,9.748097727205557e+28,34.36968389557301,2.288302443740216e+38
1.932635035229272,11.971353469566019,0.23846658335110027,0.039438581090784165,9.685913123685704e+28,34.09513197017062,2.2869826545183728e+38
1.9332525364964237,11.960140249204148,0.23876642202987056,0.039372339651469995,9.624442942388422e+28,33.824680774241656,2.285458982444815e+38
1.9338611389597313,11.959219861064447,0.2388599688783231,0.03916965877712024,9.571214651962231e+28,33.584715390852075,2.285093531417245e+38
1.9344615943351429,11.948633418674433,0.23914582855413055,0.03908350900012265,9.507968896645715e+28,33.31104372091124,2.2836182969232143e+38
1.9350547907527407,11.942731519056233,0.2393373799900059,0.038949625963238026,9.452020493849334e+28,33.06430281858625,2.2826683084624888e+38
1.93563826079492,11.93124147279085,0.23964010314581652,0.03890187214876592,9.395106256625445e+28,32.8157061339318,2.2810652788400306e+38
1.93621497715025,11.925327284353004,0.23983038438934554,0.03875636293561759,9.336789460387138e+28,32.56347449703264,2.280092706885076e+38
1.9367818017704124,11.913791306768644,0.24013288724256088,0.03872923534332103,9.285213226739709e+28,32.33623483985403,2.2784609950953514e+38
1.9373407099690891,11.904533174967707,0.2403889885239984,0.03863369621224345,9.226375503078413e+28,32.08500792921535,2.2770802797352712e+38
1.9378895012596233,11.898629490073548,0.240576390027552,0.03850524184734557,9.172919437050756e+28,31.853970792268715,2.27607073257386e+38
1.9384323566808916,11.891182477199074,0.24079448840421705,0.03839308795120853,9.117615622298369e+28,31.617612645124318,2.274879937560028e+38
1.9389660090300902,11.88155102061587,0.24105602661358,0.0383098333997683,9.061059180203593e+28,31.37827289990692,2.2734249199469926e+38
1.9394917311200293,11.873675884664687,0.24128130754946,0.03821240537918445,9.008102988710968e+28,31.15263083763472,2.2721640072756986e+38
1.9400085185147737,11.874285138414265,0.24133321505479732,0.03799672445904193,8.959557152351493e+28,30.943498032021054,2.2718746221253466e+38
1.9405154531744813,11.859221672303171,0.24170289588574415,0.0380008962208008,8.903849104788768e+28,30.710954259624472,2.2697579057314448e+38
1.9410164878373735,11.853748551495219,0.24187693081223313,0.037858788749545985,8.85010217832011e+28,30.486194079907268,2.2687496220357502e+38
1.941507030279006,11.850260200377171,0.24200927814390188,0.037707580185856265,8.801792228858356e+28,30.281495721630787,2.2679586907901395e+38
1.9419899454049263,11.840519719493717,0.2422686095652275,0.037630064478548386,8.74765823041275e+28,30.05785391681389,2.266434410636014e+38
1.9424645626413184,11.829143336147464,0.24256087210812913,0.03761948482257396,8.703267508081903e+28,29.86880569366323,2.2647103737435863e+38
1.9433891116603816,11.821430920128265,0.24283464746073824,0.037288557668241795,8.598621770105347e+28,29.439543260828188,2.2629940915791837e+38
1.942930951687041,11.830356141176315,0.24259423895838036,0.03737562719133701,8.651284628927183e+28,29.654787356595207,2.2644472482053365e+38
1.9438379382660227,11.808856478904225,0.24314936791110936,0.03729977434531764,8.555560042859561e+28,29.258308903537664,2.2611028964739498e+38
1.9442796694085143,11.80196922469408,0.24334654934043798,0.03719720163662041,8.507181045058738e+28,29.059828590637306,2.2598722246380157e+38
1.9447127587770798,11.801676382378755,0.24340679457238681,0.03696957835593019,8.454073560065313e+28,28.846275868007314,2.259407480321515e+38
1.9451371857605162,11.790202426797336,0.24369684691035345,0.036968630134544225,8.412841047417687e+28,28.674281784199895,2.2576231160856202e+38
1.945553182818973,11.779061210649498,0.24397951494795383,0.03691331984037723,8.360639856417392e+28,28.46590717766996,2.255868460318727e+38
1.9459619812119877,11.779125202136921,0.24402945404191043,0.03672088813516148,8.317281179610517e+28,28.28854927456195,2.2554284141085476e+38
1.9467559298744814,11.761178390620215,0.24450154296066662,0.036596119227168156,8.226066907705655e+28,27.921307658355385,2.2523981013851414e+38
1.9463628158828994,11.770266913987541,0.24426341400053764,0.036671405977006515,8.27488821353921e+28,28.11539490549349,2.2539306138229884e+38
1.9471408774725312,11.758136756137729,0.24461315119409552,0.03646163646751609,8.185245491896908e+28,27.755297428998553,2.251571648997546e+38
1.947890882188738,11.739890471196984,0.24508769917999393,0.03632283600688895,8.091014748920084e+28,27.38299309554185,2.2484654259073525e+38
1.9475199478871472,11.751270458948882,0.24480372852270227,0.03637158750082039,8.14121798382676e+28,27.579148758029103,2.250290499558474e+38
1.948254686119393,11.739031948834533,0.24515140134186048,0.03617168876930035,8.054400589532685e+28,27.233635830793947,2.2478805762257066e+38
1.948612151868054,11.730572995954182,0.24537319359614346,0.036099310507511126,8.00936445390942e+28,27.056528341265892,2.2463895240796366e+38
1.9489611680353651,11.727003361743915,0.24549184602470686,0.03598289258431396,7.971395147015214e+28,26.904161107806278,2.2454682433225744e+38
1.9496424666056316,11.708770702591606,0.24596007116857466,0.03584448173884674,7.879194628976879e+28,26.546544390907552,2.242294801581292e+38
1.94997340376269,11.700387859489183,0.24617807115408646,0.03579793617349601,7.8408347209035896e+28,26.394893094332833,2.240784365599876e+38
1.9493061555670417,11.711482814042848,0.2458606944454074,0.036016292978564096,7.92613481546158e+28,26.727739606877403,2.2431252720644324e+38
1.9502981666975205,11.691333907399487,0.2464097473687573,0.0357654224985535,7.803450831295426e+28,26.247182041598233,2.239186833983624e+38
1.9506164405961843,11.68908997406453,0.2464972701247538,0.03558974178235087,7.757671081756687e+28,26.07191959548582,2.2383962496313323e+38
1.9509281471037618,11.67793883610789,0.2467720753359874,0.0355930448959159,7.7214549345792e+28,25.929480510223378,2.236531867268687e+38
1.951234668179756,11.679124805241559,0.24678578438749216,0.03537224436859068,7.677452373617857e+28,25.761471158948325,2.2361405061662952e+38
1.951536358847732,11.672485369913273,0.2469643373520241,0.035288193102297985,7.637463186770886e+28,25.607485925919796,2.2348081017338088e+38
1.9518295697707415,11.657754916536977,0.2473135477743892,0.03533578100249656,7.59962768218377e+28,25.46149486415178,2.232490325858393e+38
1.9521184414030885,11.658051961054896,0.24734384786223715,0.035153476908177474,7.561383003000291e+28,25.314622967009278,2.231974058338138e+38
1.9524018889668235,11.647449387226942,0.247604949872086,0.03514453177078887,7.5251461428159675e+28,25.175023837955084,2.2301412050147677e+38
1.952680953710515,11.641162745862262,0.24777407563483847,0.03505811162718527,7.486405394989593e+28,25.02752693622551,2.2288234909085768e+38
1.9532207552130614,11.630796098222266,0.24806347522288877,0.034868722894703066,7.412868036437123e+28,24.74746188373412,2.226430656609987e+38
1.9529531177737447,11.638876282395563,0.24785729244228907,0.034917099885474194,7.448973710904558e+28,24.885043264927923,2.2279783153436644e+38
1.9534821042424853,11.620562325138247,0.24831515613954416,0.03481607175918054,7.3691688493207004e+28,24.58512213590373,2.2246136773447375e+38
1.953738725884305,11.621403672857648,0.2483297968899185,0.03464587730156922,7.335800537890622e+28,24.45772949413359,2.2241308886834813e+38
1.9539887699526173,11.608236287509678,0.24864329874486346,0.03464828610964717,7.2948433875695115e+28,24.305619969889243,2.2219448164852545e+38
1.9542340039498933,11.608456698341296,0.2486697829429773,0.034500215250168914,7.264358196733886e+28,24.188863806773163,2.2213744582016857e+38
1.954474087622601,11.59823467269241,0.24891952314798066,0.03446069299461561,7.224145475928104e+28,24.040192779714133,2.2195337073572708e+38
1.9549404193237252,11.581680921418512,0.24933478134473616,0.034372349911383424,7.154350627864716e+28,23.779550371446245,2.2163088137927494e+38
1.9547093279789962,11.587631016568267,0.24917729278035208,0.034454781273043925,7.189948876629588e+28,23.912001146538564,2.21764044098361e+38
1.955383651125369,11.5685399068708,0.24967460178476525,0.03423805313774593,7.086059982112199e+28,23.5258851857885,2.2134691904991467e+38
1.9555990918089576,11.561961733831291,0.2498441783929941,0.03416753224888015,7.0513824216402e+28,23.39786235805616,2.2120437150739648e+38
1.955164491510887,11.579744532452736,0.24940505876374408,0.03421476891893847,7.115599891632686e+28,23.63720170945866,2.2154555229807023e+38
1.9560123824312245,11.549584926995355,0.2501647752154063,0.03401191360683141,6.981776915632565e+28,23.1424331007057,2.2092657865746974e+38
1.9558083685263028,11.561323368615094,0.24988471201646179,0.03397596642745758,7.0099122046251765e+28,23.247814203970744,2.211334973663643e+38
1.9562115767578225,11.549346178939889,0.2501954231642637,0.03381815307808478,6.941285348510123e+28,22.99650421372137,2.2085963328262123e+38
1.9564062878725825,11.538542867560995,0.2504546026978704,0.033844637975520515,6.914292209576153e+28,22.895678991982475,2.2066318075842497e+38
1.9565962274321447,11.531375672196743,0.25063460064260923,0.033776369198555437,6.878941007756888e+28,22.767564399093914,2.2051065456412065e+38
1.9567812342831197,11.530550505333636,0.2506762375038803,0.03360736133847405,6.842072074037646e+28,22.634834243114327,2.2043535209781465e+38
1.9569605041216165,11.520289762058528,0.250922492657602,0.03361510372978224,6.81325253895409e+28,22.529172011798043,2.2024370149212405e+38
1.9573070345014663,11.509402004541208,0.2512043366914574,0.03345420579385402,6.748659848772691e+28,22.295838094571064,2.1997768219974284e+38
1.9571355911882444,11.518711536056122,0.2509793254100487,0.03345901380503071,6.776971591489052e+28,22.399180980481592,2.201582315052724e+38
1.9574730257683797,11.501196719103119,0.25140487192911093,0.03339148464619482,6.712030251567294e+28,22.165422925116086,2.1980995291176443e+38
1.9576333673812396,11.498732154653629,0.25147935406450683,0.03329147381995657,6.684760137172786e+28,22.066328639441522,2.1971214968241204e+38
1.9577908724758584,11.490403204849834,0.2516818896555623,0.03323472687521115,6.649231817139703e+28,21.940222367428472,2.195421637767137e+38
1.9579421627090163,11.48805798464442,0.2517527219874278,0.03312835301067515,6.621188580471244e+28,21.839249592036722,2.194450202769184e+38
1.9580910981751798,11.481580054263006,0.25191392234187354,0.03306587252785703,6.590089239880384e+28,21.728406528688865,2.1929705681872905e+38
1.9582338155994437,11.46899627341182,0.25220870339998747,0.03306765265900857,6.554407557058755e+28,21.60288535620929,2.1907281213874586e+38
1.9583725291645218,11.468230905359057,0.2522434019948848,0.032931020090958094,6.5251476635129575e+28,21.49883117887754,2.1899417903538883e+38
1.9586377542467561,11.460703669139894,0.2524432561803652,0.03274197370439129,6.466425671034298e+28,21.290934777612918,2.187618267520282e+38
1.9585074576508439,11.45947601323012,0.25245350511863723,0.03288223940340705,6.490650189502033e+28,21.37780460883748,2.1881652872580523e+38
1.9587625466640046,11.454360670921204,0.25259914289806934,0.0326836124239877,6.43705676008581e+28,21.187486056414418,2.186128521263351e+38
1.958886297367325,11.439477867986522,0.25294375478683584,0.03273866210625207,6.406118337678459e+28,21.078993168963052,2.183583738848657e+38
1.9592264831355422,11.427579475931367,0.2532510924114191,0.03242930379640698,6.312652667297534e+28,20.75342257768269,2.1799684273816977e+38
1.9590031872249771,11.437841799738631,0.2529950315620054,0.03258038981059962,6.370590951375293e+28,20.955839098315515,2.1826698634849978e+38
1.9591169497774372,11.427693416808236,0.2532344091246325,0.03260830510023411,6.347813315540112e+28,20.87485096177704,2.180698244735147e+38
1.9593319804292992,11.416595313372895,0.25350840075067516,0.03246638019460867,6.289555030872082e+28,20.6719208449264,2.1778842458815955e+38
1.9594327826325009,11.414436183191352,0.2535693986262195,0.03231636001890604,6.254574599090144e+28,20.55166326077998,2.1768917358309823e+38
1.959531265065139,11.408418066279278,0.2537159116988244,0.032257920219442085,6.226822976802324e+28,20.455334272883107,2.175419382446923e+38
1.9596245456896055,11.397765043368828,0.2539651386061468,0.03227600999967599,6.201280255875952e+28,20.366577461485154,2.1733625392330177e+38
1.9597144033861789,11.396670667115862,0.25400117242738773,0.03213895786383095,6.171984122217335e+28,20.265714724879604,2.1724946029520916e+38
1.959801228286406,11.389287892205452,0.2541770820910498,0.03211493779639818,6.147421011751182e+28,20.180590843478136,2.1708408836681176e+38
1.9600357066550433,11.36883333531655,0.2546648574170094,0.03193865913564572,6.05897549502758e+28,19.878349776499952,2.166060485392203e+38
1.9598819600590267,11.385467496931541,0.25427284529580085,0.032009316417431766,6.116933455263777e+28,20.076371644035152,2.1696225959417176e+38
1.9601060090561118,11.365979401277354,0.2547379389343651,0.031858616592858706,6.036208795207986e+28,19.800105353543092,2.1649551264855843e+38
1.9599603811450212,11.376285946115669,0.254488245804523,0.03199745051536757,6.090050467027943e+28,19.98414059328614,2.1677347672090893e+38
1.960173533624886,11.366720334218117,0.25473010900169746,0.03173595361047238,6.014928148721664e+28,19.726901968643965,2.1642983649655962e+38
1.9602368459023718,11.357279914137882,0.25495008070237835,0.031699514287903525,5.983113938204314e+28,19.61939359608652,2.1623633934900454e+38
1.9602959833967275,11.353996912581366,0.2550314930659522,0.03158147763532312,5.952224761294278e+28,19.515160148277072,2.161194463705159e+38
1.9603527511633527,11.345426620717312,0.25523153385816455,0.0315837123818635,5.930213779715073e+28,19.44017923737359,2.1593628385933152e+38
1.9604066144107952,11.337348137463431,0.2554204181608204,0.031532379450168554,5.899526758012403e+28,19.33692564176336,2.1575906826299893e+38
1.9604547944575759,11.333913572174081,0.25550409858171863,0.03145872457493004,5.876836539229816e+28,19.260186869881448,2.156393077971213e+38
1.960501215113707,11.325466400713394,0.2557007224155282,0.031408574200302616,5.8456353305134265e+28,19.15566299116557,2.154566912476787e+38
1.9605828587538632,11.316777045650724,0.25590771361479875,0.03126887615140273,5.797344236863174e+28,18.993461901915513,2.151934685967589e+38
1.9605432435962247,11.323449168828366,0.2557517571745407,0.03132768933391276,5.825390658680324e+28,19.087276860935432,2.1535437022601976e+38
1.96061831983719,11.315899504926637,0.25593218805781975,0.031151071392743514,5.773263966459489e+28,18.912858830733462,2.151049985011834e+38
1.9606508918471917,11.305124658325846,0.25618037138087224,0.03114532653814155,5.74477049958008e+28,18.817952802434533,2.148918381851339e+38
1.9606801724937624,11.296862108752924,0.25637157089623946,0.031122314020717537,5.719578648958331e+28,18.73403377321421,2.1470993387870282e+38
1.9607278766891332,11.285467849146608,0.25663665781440864,0.03101981571137499,5.672050252420423e+28,18.576098284835723,2.1440972348350144e+38
1.9607048511787757,11.293586564324567,0.2564491556632838,0.03102577727292834,5.693575879205569e+28,18.647690125867882,2.145903262998356e+38
1.9607631080585444,11.275490840431521,0.25686835573221184,0.030883790581118932,5.6222596522718335e+28,18.41137871045524,2.141264715314883e+38
1.9607475404502883,11.287117813194424,0.25660171575165086,0.030880714229172154,5.650744155869127e+28,18.50539236273765,2.1435212462367197e+38
1.9607765650935913,11.275463656716576,0.25687073794270104,0.03076239944401251,5.600093418216075e+28,18.338160995663944,2.140473234235098e+38
1.9607854934060436,11.264347886741387,0.2571253913332616,0.030781490755657545,5.5760022431496885e+28,18.2588559163349,2.138274463081993e+38
1.9607929956359162,11.256876682148842,0.2572970302598055,0.030765971784331193,5.554733109188832e+28,18.18886126695163,2.1365373783329397e+38
1.9607972330173202,11.25724320504548,0.2572892089792234,0.0305926334332707,5.5243364970617445e+28,18.089132716171026,2.1357899938558135e+38
1.960780842783433,11.234227101422523,0.25781417473004375,0.0304022784913031,5.434068953928322e+28,17.794300362064195,2.1296703423250367e+38
1.960797465040124,11.245463642102852,0.25755874852491856,0.030651359243627045,5.5060428180049705e+28,18.029220414128773,2.1334995788218273e+38
1.960788975353751,11.243205646945261,0.257609359177289,0.030402828638642774,5.455917322934893e+28,17.865474122872737,2.1316114309433037e+38
1.9607945703755616,11.244440527031399,0.25758180315525686,0.030521382036040757,5.480200791401522e+28,17.944734640740574,2.132569687248335e+38
1.9607692263374044,11.232600851540651,0.25784997331204756,0.030286185214890998,5.409401587464778e+28,17.714049785294087,2.1286582022866277e+38
1.960755663800074,11.22473101359878,0.2580289712557694,0.030267326374856695,5.387121734186862e+28,17.64170055922058,2.1268540321540298e+38
1.9607386346620501,11.214536866073948,0.2582612796471671,0.030294437381855735,5.367507048055349e+28,17.578229871713674,2.124750377476588e+38
1.960718600216936,11.213985895979214,0.2582713296518492,0.03016665665193613,5.3435542798131025e+28,17.500680217518937,2.123869922202481e+38
1.9606954179732088,11.202778862850796,0.2585266423756023,0.030182795792327705,5.319750930886323e+28,17.42375185492459,2.12163138025739e+38
1.9606415548862008,11.191482681162801,0.2587804783343043,0.03007603465443169,5.274262352936185e+28,17.277136365094975,2.1185641759629324e+38
1.9606702789590214,11.203700211940305,0.2585020677205409,0.030056998846023968,5.299757880688157e+28,17.35938156038115,2.120936060904801e+38
1.960577303026886,11.183393887556978,0.25895916407721925,0.029949931255639134,5.2331954353240075e+28,17.14542079651576,2.1158994278486395e+38
1.9605411409780116,11.184410443890345,0.25893085119476567,0.029811260480792634,5.2113331595110325e+28,17.07536851216024,2.1152095585591922e+38
1.9606113641170326,11.194656768080364,0.25870312110333094,0.029917850765224695,5.253966766085123e+28,17.211978351259802,2.1181536350253965e+38
1.9605024727544245,11.175453620395361,0.25913326621287264,0.029830788636524656,5.193899653965395e+28,17.019924548725164,2.1132469711041833e+38
1.9604600887175654,11.172819196001088,0.25918876339179375,0.029742641128139406,5.172451207075652e+28,16.951472276829044,2.1120863039206065e+38
1.9604161011228323,11.162420625084241,0.2594243948106307,0.029729481055282555,5.146147905395371e+28,16.867161683740385,2.1099352312554677e+38
1.9602681123196382,11.154183907238945,0.259596366668153,0.029495781022140424,5.086885021482339e+28,16.679214450148173,2.106401834914758e+38
1.9603695378178012,11.155472768336596,0.2595798040131077,0.02970086914389685,5.125214870911701e+28,16.800546087434803,2.1082223185609233e+38
1.9603200682363082,11.153656823053995,0.2596155151122573,0.02961337423398443,5.105958750802025e+28,16.739536170737626,2.1071632352379815e+38
1.9602131720187073,11.14248818752103,0.25986156883069444,0.02951097597845686,5.0628784581779705e+28,16.602826646493824,2.1040755379320187e+38
1.9601562179817835,11.14305709230142,0.2598407517934334,0.02941890323235423,5.048371116841229e+28,16.557657627256457,2.1033170029901693e+38
1.9600968833940682,11.13361602393725,0.26005321905919054,0.029396906300911324,5.023262132330741e+28,16.477798921517206,2.1012766431812328e+38
1.9600365979075622,11.1278266672214,0.26018051174062923,0.029348807389037657,5.002017842493446e+28,16.410634814217968,2.0997052003571027e+38
1.9599707423414905,11.122409195817612,0.2602984936211976,0.029301160808184644,4.981752957490948e+28,16.34689574461899,2.098172628184917e+38
1.9598356441111406,11.115148352521107,0.2604505768729336,0.02917943914320155,4.944885901408631e+28,16.231515191988542,2.095569938275557e+38
1.959904657245332,11.114550397454792,0.2604737608636447,0.029311884404831356,4.965994723460112e+28,16.29793483174789,2.0963302971569808e+38
1.9597636030402432,11.112279672895692,0.26050823693117386,0.029120723780755225,4.928570780989111e+28,16.180934783840637,2.0943621669330963e+38
1.9595358667187432,11.092881565066412,0.2609334617903079,0.028994007454892945,4.864443287682585e+28,15.979681056295632,2.0893518246520296e+38
1.959614596546511,11.094928993103625,0.26089579163471416,0.029110263735717987,4.888456928049494e+28,16.05534019022992,2.0904571360794993e+38
1.959690314840398,11.1026308209253,0.26072488366138097,0.029095855854241483,4.9030198256010395e+28,16.100058932273097,2.092285924021326e+38
1.9594557145675788,11.084310941497439,0.26112453967845134,0.02902892594215353,4.851516202448836e+28,15.94047547226824,2.0874088292831254e+38
1.9593731487216939,11.08440830510785,0.26111124306086925,0.028876843570594026,4.826311101589501e+28,15.861001262483084,2.0865785714949004e+38
1.9592000807931713,11.072741117758392,0.26136328441432644,0.028809654877307352,4.789793649459853e+28,15.747945437663015,2.083386589391629e+38
1.9592872671656212,11.073053491001916,0.261367541900014,0.028941029876417414,4.812314346627925e+28,15.818469274576918,2.0842717586728595e+38
1.9591111867127837,11.064818795674181,0.26153855121017566,0.028830534329211902,4.7761420944029405e+28,15.706624610393021,2.081521868003553e+38
1.9590195519248432,11.065084816905213,0.26152003061174345,0.028677162835208075,4.751305284645034e+28,15.628601990694918,2.080708879733545e+38
1.95882949004005,11.052251078073844,0.26179830263121995,0.02864959769187576,4.719274694578244e+28,15.530775301173101,2.0773582057736953e+38
1.958926947443476,11.057057913131327,0.26169751060509816,0.028697097054916913,4.737387450449731e+28,15.586505254545122,2.0788299439835133e+38
1.9587330059000125,11.047039516313271,0.26190890761964164,0.028612250966686483,4.702021175391754e+28,15.477806777464568,2.075840257797043e+38
1.95853004170023,11.033631060842902,0.26220001649112745,0.02854405739936421,4.662415926410926e+28,15.355390791370292,2.072407476532781e+38
1.9586319132893457,11.042554691699847,0.26200175640815554,0.028558191850255567,4.683618563592708e+28,15.421209386433738,2.0744093374547208e+38
1.9584256886880864,11.033028431531573,0.2622003668630887,0.02846425557434231,4.648111464502637e+28,15.312358769702744,2.071477560728877e+38
1.958320426879669,11.024893234399084,0.2623797396208966,0.02844436703141205,4.627764533169892e+28,15.249427204942846,2.0695769791767535e+38
1.9582125166040767,11.025226035640085,0.2623573619733911,0.028328764028678042,4.609652148925867e+28,15.193928938503166,2.0687673324096676e+38
1.9581032923951376,11.017310148043201,0.26253122040005344,0.02834236504061479,4.595332933882144e+28,15.150956145871662,2.066893333683737e+38
1.9579909515529068,11.01547267840442,0.2625599481978266,0.028245999192652457,4.575890758179729e+28,15.091183266547255,2.0658009215267026e+38
1.9578772381482479,11.006879801791868,0.26274966362464514,0.02824985681768413,4.558693436254068e+28,15.038833403725137,2.063836083200107e+38
1.957760247290063,11.004924243906938,0.2627806507155643,0.028182977443747398,4.543862457000292e+28,14.994386299095616,2.062725208950052e+38
1.9576433834819589,10.996836005483459,0.2629582298517062,0.02815640559147589,4.522920690513547e+28,14.929735570034222,2.060825257067548e+38
1.9574009752929329,10.993725963033734,0.26300004834191476,0.027979027378769516,4.48807563044094e+28,14.8238909881426,2.0587062302184696e+38
1.957278709151967,10.98635649991899,0.26316002542338474,0.027999897070290308,4.476389718095822e+28,14.789911571973276,2.0568976255191335e+38
1.957524168515223,10.998250734207577,0.26290839361166657,0.02802672700619262,4.504986380358654e+28,14.875064796008427,2.060152494132395e+38
1.9571543875399595,10.97790014515485,0.26334601130298846,0.02797028159474717,4.454472033318707e+28,14.722170923059558,2.0549466562370588e+38
1.9570260743412138,10.974512676066103,0.26341002692272825,0.027920884000654067,4.439748855523658e+28,14.678321358651585,2.0536463771658003e+38
1.9567685197024214,10.968509722888502,0.2635195034572009,0.027811330852801887,4.410246984477636e+28,14.590383091551985,2.0511541915813362e+38
1.956897795614574,10.974895732660185,0.2633835677856736,0.027811027016311447,4.423052137969538e+28,14.627913594579498,2.052837955283573e+38
1.9566351835314986,10.956943766714899,0.2637796945492773,0.027818812015748984,4.388223722833108e+28,14.52247092431801,2.0487926763859984e+38
1.9565005017148867,10.953885055207145,0.26383518923604915,0.02775032862897963,4.371314409761539e+28,14.471490845172267,2.0475345376184276e+38
1.9562276727853782,10.946161038624586,0.2639845440205636,0.027649981285017517,4.340172837903062e+28,14.378417228221275,2.044811978818476e+38
1.9563660613276421,10.94821494693591,0.2639536913984788,0.02772302393345839,4.35572240533255e+28,14.424827915884114,2.0459413693172705e+38
1.9558044450860097,10.933896181877742,0.2642234860271455,0.0275128184108191,4.294502190874255e+28,14.242516527925568,2.0406336649079892e+38
1.955947850448775,10.93805974186722,0.26414227593038136,0.02755791582542616,4.309737731187815e+28,14.287805598987537,2.042038092232798e+38
1.9560883345063915,10.945585471051462,0.26397962140958703,0.02759249533072673,4.330010784765389e+28,14.349861528540817,2.043875529517987e+38
1.955660838093265,10.92577373121559,0.2644005000306157,0.02750325868558603,4.277087961169028e+28,14.189971848912737,2.0387176982178272e+38
1.9555147636442993,10.925597421591053,0.26438501751806653,0.02742350380693463,4.264341031189562e+28,14.1529665835715,2.0378316635849595e+38
1.9550684952428314,10.907787855531064,0.26475625526856705,0.027336624953201685,4.216298265724532e+28,14.009495194309377,2.032929605950011e+38
1.955367549323066,10.915566979587961,0.2646080423768818,0.02745037152482386,4.248960937447215e+28,14.107230704193965,2.0356658900398078e+38
1.955218815916471,10.916706506617572,0.2645602965009228,0.02733599410491265,4.233465863083398e+28,14.06113150395221,2.0349516640102168e+38
1.9549141258797555,10.900952654079138,0.26490134695087386,0.027355628504778733,4.206026276008274e+28,13.980883131134748,2.031172140288326e+38
1.9547624584332264,10.896475323115494,0.26498963396991027,0.02731444771220908,4.191076993501867e+28,13.936596884815295,2.0297306195918212e+38
1.954449361961393,10.894932377492594,0.2649847122361896,0.02712255060581476,4.158687055244627e+28,13.83997082435507,2.0277997260480943e+38
1.9546062026542794,10.895396982072942,0.2649946762755245,0.02719221662472735,4.170257981654605e+28,13.872911216980174,2.0287244134999642e+38
1.9542911440880268,10.883727628189606,0.26523603952065195,0.027180364655719692,4.146165371339375e+28,13.803885482590188,2.0254774787100814e+38
1.9541314081071128,10.884536650882698,0.2651946474060212,0.02703905153043156,4.126142295652346e+28,13.742837887234883,2.0247187457370153e+38
1.9539709156025815,10.87745692773789,0.2653454579484875,0.027035082857308046,4.112137079003123e+28,13.70181678212548,2.0229342779162174e+38
1.9538083699895183,10.866865164228896,0.2655819911227797,0.027075508868293546,4.098274434344199e+28,13.661307149349755,2.020690007674755e+38
1.9536431943196122,10.865366728070859,0.26559616188016927,0.027026873730765646,4.088093084799739e+28,13.633130117368813,2.0196283813898848e+38
1.9533103037239254,10.854838159581014,0.26580847478173464,0.02694906317660726,4.05661183527417e+28,13.53967675563198,2.0165262392381565e+38
1.9534778858021478,10.866410711012891,0.2655481735155634,0.026879477773898305,4.067751584601404e+28,13.57103512861997,2.018900675562547e+38
1.9529723917589077,10.846563988906375,0.26596522508905773,0.026866210778716842,4.028750277885688e+28,13.45832081270766,2.0137189524333527e+38
1.952800941649474,10.84489860810876,0.26598271515446253,0.026809190374263523,4.017114365921505e+28,13.425342212038002,2.0126368802802644e+38
1.953142687753156,10.856481038299677,0.26574544488036733,0.026817498901903495,4.0398633916868935e+28,13.489562578529315,2.0158780036774543e+38
1.9526291437198033,10.83775950770529,0.2661345092717655,0.026784749920417458,4.000259466425088e+28,13.374894781237371,2.01084246072498e+38
1.9524545403037217,10.835446006526373,0.26616752953141887,0.02673939614131872,3.989225389466027e+28,13.343967267337655,2.009674799111049e+38
1.9522789829456222,10.834159708179305,0.26617519496109665,0.026638562414261525,3.9718237433113344e+28,13.29173336303617,2.008641931566533e+38
1.9521021061203472,10.824180942171065,0.26639644297996223,0.026665395531247846,3.9575486735617487e+28,13.249962909071368,2.0064741023281445e+38
1.9519250862307242,10.825288403894449,0.26634503496502376,0.026570343004890012,3.9454591913786325e+28,13.215477969732255,2.0057566837278895e+38
1.9517451376490957,10.823110784121072,0.2663740644571828,0.02648779747688761,3.929247484100213e+28,13.167244531759115,2.0046064534028255e+38
1.9515646127128354,10.813630328855746,0.26658293855155635,0.026542157059320705,3.920097115389747e+28,13.142657831397337,2.0025042822726495e+38
1.9513840586138886,10.80553348483448,0.26675801340903,0.026519525024875683,3.902112859413541e+28,13.088416596506208,2.000584932310157e+38
1.9511994359967464,10.802900354748678,0.2667977893523668,0.02646873177924396,3.8898960998539644e+28,13.053613215252357,1.9993737126109e+38
1.951016669488193,10.796639204849287,0.26692750468828835,0.026448227493555042,3.8756319929468706e+28,13.011838967556248,1.997694868198882e+38
1.9508315413923765,10.797923711470059,0.2668704261402836,0.02638082734561841,3.8680555542141405e+28,12.992565262375008,1.9970005618390328e+38
1.9506429569667072,10.791800267729577,0.26699604011315065,0.02634852808185423,3.852377794756504e+28,12.946160849691006,1.995332752444611e+38
1.9504557327290233,10.784036477452403,0.2671626145970475,0.026334356714984675,3.836475882445616e+28,12.898910510395835,1.9934557377547414e+38
1.9502663607739477,10.783073903242817,0.26716052200440404,0.026272768982493446,3.8257956844278833e+28,12.869248031826226,1.9924668208744927e+38
1.9500768498454022,10.774985214485373,0.26733509714921366,0.02627140187870555,3.811269678155243e+28,12.826616030305429,1.9905475738495963e+38
1.9498859442093472,10.776284458836749,0.2672766978466759,0.026193368856415728,3.802240733685636e+28,12.802494988466997,1.9898568904003436e+38
1.9496927634942929,10.776264830732366,0.2672507047632172,0.0261160200063169,3.7909782162618413e+28,12.770898045820468,1.9889907575779097e+38
1.9494982659524696,10.763202196254952,0.26754835769135527,0.026148419068216095,3.7727319385301533e+28,12.715771941876556,1.986418116491284e+38
1.949304697085435,10.765239840056868,0.2674711558728158,0.026073626915357664,3.7655031398972567e+28,12.697710329914749,1.9858265120427954e+38
1.949107381369223,10.753797803738369,0.2677286418585768,0.026098797538972356,3.7491502723763703e+28,12.648967153528652,1.9834642750080986e+38
1.9489112806574205,10.755488292012474,0.2676596296638344,0.026006960575388836,3.738895059365026e+28,12.620715492690762,1.9828274053142966e+38
1.94871370754632,10.747103452289593,0.26784130098062736,0.025996482057611424,3.7228432105987056e+28,12.572903824802477,1.980870190552322e+38
1.9485140600556357,10.745506244363852,0.26785366814534367,0.0259378757294029,3.7116911111613035e+28,12.54166380992571,1.9798002483940635e+38
1.9483144754583677,10.737634369245374,0.26802257841574784,0.025949992607751927,3.699843154347568e+28,12.50803463546019,1.9779107625059603e+38
1.9479113591139263,10.728762206086275,0.2681887189011809,0.025898760182836853,3.6773087031480152e+28,12.444721629248171,1.975031441820051e+38
1.9481109265249483,10.74181253492834,0.2678903369988192,0.02583952679039265,3.69126663766719e+28,12.485560806787488,1.9775940807825052e+38
1.9477068927823726,10.727072409832148,0.2682028102947128,0.02581194405172667,3.662096577382237e+28,12.399747315554304,1.9739494649660904e+38
1.9472969739861925,10.716539592559169,0.268409913038274,0.025796325927307278,3.6419479680736136e+28,12.344509539140107,1.9708529367972213e+38
1.9475018934686643,10.725746057975151,0.26820774413459914,0.025755164614386823,3.6517824693022393e+28,12.371333204399125,1.9729164213897514e+38
