0.39161340348126744,15.693352276567632,0.03686063047042722,0.0624170842371252,5.934513372521983e+29,611502.7607354872,3.52364910644003e+37
0.3762746095720503,15.823159290354424,0.03512631963196639,0.05874824625283429,5.820548661967024e+29,732386.6227580396,3.3379989050136985e+37
0.4070919785039747,15.565832542243228,0.03863146039218697,0.06621098859679274,6.043588130573299e+29,513018.68423230853,3.71347351889783e+37
0.4542094681022975,15.274616786971533,0.043924496785714556,0.07632872728463559,6.339319711111108e+29,311216.6245589044,4.306593570265434e+37
0.4700910968081195,15.204877738710946,0.04566884507978443,0.07917495218211629,6.426958400211363e+29,265702.9684298955,4.511486014130203e+37
0.42269438739818,15.462543575139888,0.04038001536884452,0.0696294581661346,6.147530832341408e+29,432383.7433335214,3.907474637687037e+37
0.4860353142552177,15.133497925539283,0.04744051980327846,0.08209418870098187,6.508966560247281e+29,227758.16839743408,4.719357003098145e+37
0.43840555847331353,15.366823278560542,0.04214178142387134,0.0729775571031707,6.2461559449550205e+29,366044.26864091697,4.10528171110081e+37
0.5180716682001898,15.004285857139815,0.051002967841635355,0.08762947382329907,6.656253741935493e+29,169270.66627136694,5.143604876617909e+37
0.5341485237216834,14.955788322846736,0.05275621845055622,0.08993395724891903,6.72160936774837e+29,146711.4991884775,5.359923691858548e+37
0.5020315590837826,15.066078121194522,0.04922114805097119,0.0849331510052171,6.585387409835622e+29,195987.0075949809,4.930104513223323e+37
0.5663839427655217,14.86389862147,0.056285837566947314,0.09432900803465134,6.836155887925575e+29,111316.1925094575,5.799667614202061e+37
0.5502550070964419,14.907086585339085,0.05452455933783838,0.09222791143704429,6.781554575444095e+29,127588.13613388136,5.5786104768049e+37
0.5986840024756287,14.778441973039339,0.05983977307938851,0.09841745276363824,6.929763148879097e+29,85512.8087762329,6.247888792065045e+37
0.614840395617433,14.744468263932534,0.06159624156551735,0.10011980102832851,6.968969603210464e+29,75276.19372370852,6.475035853371743e+37
0.5825293120992767,14.815787254238645,0.0580783119911143,0.09656295192199779,6.885527494555474e+29,97420.27421213659,6.022641931673383e+37
0.6309914557970464,14.71270115922958,0.0633507848858639,0.10170382350662867,7.00329412869755e+29,66448.62849538616,6.703898778396533e+37
0.6471302919490828,14.68448262254154,0.06509595683534933,0.10311852325837288,7.032875842710658e+29,58813.27326585096,6.934398002730145e+37
0.7274072554537631,14.564308629651377,0.07377491033656328,0.10868547328935668,7.114164208123505e+29,33154.06542336882,8.104989617262256e+37
0.6632498547837866,14.655901997861047,0.06684755796449084,0.10449700741355604,7.057804623263786e+29,52189.70736929739,7.1662067376246275e+37
0.711428671375778,14.586539764317527,0.07204436513953387,0.1077407216185915,7.10631245106626e+29,37007.39602036263,7.868991126263472e+37
0.6793435756094399,14.6252655689532,0.06861303767570456,0.10590218284361735,7.078263620811824e+29,46428.04720608611,7.399069626025191e+37
0.6954053677827142,14.606900628146272,0.07032356827876811,0.1068122830825411,7.094382318954035e+29,41402.39300587075,7.6336281580503425e+37
0.7433353150578363,14.5437750427112,0.07549680153940014,0.10951636341580304,7.118160458762332e+29,29767.680152528854,8.341701249083808e+37
0.7907573709031396,14.48372686412378,0.08064619057394434,0.1116490904101911,7.10820325629875e+29,21819.49231684476,9.054104867417461e+37
0.7750160256683458,14.505595870210147,0.07892162963766433,0.1109163237304963,7.115023725608787e+29,24150.380960131446,8.816568530281568e+37
0.8529565838348123,14.424784816020862,0.08734509424580658,0.11300636221748923,7.049407693849774e+29,14819.005079251832,1.0006111764110048e+38
0.8064257900529631,14.472951637269935,0.0823053815741774,0.11190582302724085,7.098086006316336e+29,19752.417802609572,9.292623291559382e+37
0.8682979412680638,14.41346825586042,0.08898590272852615,0.11309911859821757,7.027562511897217e+29,13513.3152534227,1.0243846278176858e+38
0.7592067144376203,14.523590734260805,0.07721594186829966,0.11028301959401429,7.118388345643683e+29,26784.437077835348,8.578891602091608e+37
0.8220175483032419,14.455491282721415,0.08399804300487645,0.11237308844936947,7.084832957301558e+29,17915.34675198099,9.530525439241685e+37
0.8375287897821362,14.444224993963058,0.08564981617267138,0.11255300411680039,7.06856623579569e+29,16279.222390178506,9.768849514966794e+37
0.8835505257279209,14.404962831690236,0.09060250029940321,0.11303871650570044,7.003109953828521e+29,12343.406870148989,1.048149176898378e+38
0.8987116088061287,14.38395450284464,0.09229177233265476,0.11342898909099156,6.976194530010278e+29,11293.22217189018,1.0717171201572717e+38
0.9137784551545941,14.376198508989713,0.09388966476175108,0.11325855095729793,6.94695239744198e+29,10348.81920661388,1.0953806904820892e+38
0.9436031712363913,14.35213631478309,0.0971166686063366,0.11314422907910378,6.88205561532995e+29,8731.166431267215,1.142363403975909e+38
0.9287445483951512,14.365702337052136,0.09549713647893214,0.11315940255969427,6.915569979495693e+29,9498.338447382876,1.1189377148959631e+38
0.9583483392646434,14.345179817496318,0.09868208872254788,0.1128357096018636,6.846672653828828e+29,8038.289421038948,1.1657769258986822e+38
0.9729724060096595,14.33112185313573,0.10028622184525046,0.11277487222479181,6.80951693755414e+29,7411.647124826269,1.188967654779535e+38
0.987469404312725,14.320576389717383,0.10185540624610576,0.11254446214691809,6.770638690160006e+29,6844.038509762739,1.2120733181824544e+38
1.0160624578372148,14.30344375528442,0.10493025485683806,0.11184659397370329,6.688501723254123e+29,5861.757742140134,1.2578933746582629e+38
1.0018331437282535,14.304273908220548,0.10345476841684104,0.11251237085104009,6.73026836867163e+29,6329.311245586114,1.2349355975665459e+38
1.0441624786731243,14.28162047896692,0.10799695990178564,0.11122257780180346,6.600599973718089e+29,5047.124824557201,1.3030615182063486e+38
1.0301682539149706,14.284620091988362,0.10652717325899842,0.11185614066533793,6.645173446118917e+29,5435.838645566665,1.2804039383644632e+38
1.058058357480963,14.272576041444724,0.1095035481953245,0.11080078037156674,6.554773119309645e+29,4691.487913464315,1.3255034823471355e+38
1.0718692528183025,14.255079203142268,0.11106906442361628,0.11068031751491382,6.507611034657572e+29,4365.294708684706,1.3476893825655222e+38
1.0992894475144508,14.234570275960296,0.1140745156203151,0.10980603458301608,6.409896688188171e+29,3789.5861311567623,1.3921350083578972e+38
1.085607911267283,14.251059644361096,0.11252441843118349,0.11001405302946644,6.459322533300818e+29,4065.5847687965015,1.370063705416831e+38
1.1129105183374672,14.224185886812844,0.11557230181119942,0.10933854442262153,6.359359858658678e+29,3535.1936928172117,1.4142731872062596e+38
1.1398586164645912,14.212657659955665,0.11846679150128307,0.10799816162822003,6.255987276241937e+29,3085.616668209032,1.4584039824135032e+38
1.1264438671960086,14.218357963228282,0.11702564573642543,0.10867803633276486,6.3080048620755715e+29,3300.9982388794724,1.4364112820562465e+38
1.153124661814181,14.194482617471598,0.11999900039795691,0.10777817989142598,6.203427329192718e+29,2887.6958208476735,1.4798977775516013e+38
1.1662103842264417,14.184279154463463,0.12144805656355671,0.10724760964034591,6.1507345977459336e+29,2706.097964512798,1.501315148230653e+38
1.179083915257284,14.17432413941735,0.12287493187544442,0.10670012569895725,6.097892282499152e+29,2539.552653822343,1.522419251189265e+38
1.191714465240985,14.173779192570782,0.1241959641543478,0.10579896637134646,6.045228984929785e+29,2387.001814148022,1.5433962064841242e+38
1.204070819268381,14.160545386475068,0.12560096792681152,0.10537159852105538,5.99275450906906e+29,2247.332736896663,1.5636099109250578e+38
1.2161248562894516,14.14593287790232,0.12698941052525956,0.10499940964656924,5.940839777306049e+29,2119.6202602372423,1.5832940777629766e+38
1.2392134667471648,14.127986982884073,0.12956472376041764,0.10385486510958632,5.8389034465202074e+29,1896.2767478371845,1.621295975790387e+38
1.250197936529862,14.124597710620261,0.13074455933021548,0.10309654490665326,5.789320124188137e+29,1799.0147484085517,1.639530716856743e+38
1.2278478270667454,14.13874155592428,0.12827875172101255,0.10435733697204572,5.889518434416365e+29,2002.8946348928434,1.6026418872500784e+38
1.2607803450132475,14.115713474350056,0.13193424332400502,0.10255255473462314,5.740684411695916e+29,1710.2813959140735,1.6569247591829302e+38
1.2709413602300739,14.105912057255503,0.13308995445378888,0.10205904298518108,5.6932514905385754e+29,1629.4230303744746,1.6735715808032726e+38
1.290020371500417,14.08707490800984,0.13526850175991634,0.10109600628321375,5.601974616170347e+29,1488.193288054528,1.7047461189293454e+38
1.2806784837332648,14.09964927119943,0.13416917169302553,0.10145634659711944,5.647077985636179e+29,1555.6943245202358,1.6896032453379352e+38
1.2990005000522946,14.077318355761506,0.1363045399332805,0.10064894134589239,5.55791485824556e+29,1426.153742530759,1.7193462834743666e+38
1.3076511363686258,14.07482615695951,0.13723654985688868,0.09995656222691626,5.51479693603066e+29,1368.8980208013504,1.7336120698536654e+38
1.3160043588702375,14.0662077713688,0.1381978335414058,0.09949354909591814,5.4724661103435334e+29,1315.8230494013794,1.747143164539133e+38
1.3240898324786878,14.05806583841441,0.13912744606663066,0.09902377023268774,5.430881660328797e+29,1266.438584970732,1.760208429881237e+38
1.3395728271504597,14.037373457297036,0.14096179142077112,0.09825585535196234,5.34922331987534e+29,1176.9557360632562,1.784919101149847e+38
1.3470240980600616,14.03815649959138,0.14173797402926047,0.09748922516346577,5.308967104737748e+29,1136.1462929875952,1.7971409110256546e+38
1.3319368646705214,14.048694858311057,0.14004531825905106,0.09860329601358522,5.389821067923364e+29,1220.2735532915108,1.7727952514833894e+38
1.354315459128118,14.029026932302735,0.1425979302881267,0.09706899085421039,5.268916022846367e+29,1097.5470460557322,1.8086922571174365e+38
1.3614699994374169,14.017859811865023,0.1434654413412398,0.09671894067077473,5.229053805632662e+29,1060.9227900071276,1.8198942845007908e+38
1.3685102065507304,14.009484350595274,0.14429351917533484,0.09627109835749291,5.1893109644729205e+29,1026.054761023698,1.8309674866861433e+38
1.3754558739063218,13.998499954410862,0.14513965863351225,0.09590732870877976,5.1494674015381916e+29,992.7274923960097,1.84173444739239e+38
1.3823273388757846,13.99806566667005,0.14586926881486617,0.09517720736049533,5.1094729894597214e+29,960.7771564635356,1.8527491386396714e+38
1.3959030793421263,13.980262454777614,0.14748942275967927,0.09427233064388656,5.028794449514186e+29,900.5101359536449,1.8736857417650576e+38
1.389141524155169,13.98956523218019,0.14667740265253593,0.09471401692663625,5.069187574584711e+29,930.0513816655883,1.863302422620132e+38
1.4026088352369916,13.968542623085774,0.14832228523399305,0.09390276940607886,4.9881201364457874e+29,872.0775391191094,1.8838245397340832e+38
1.409256878789681,13.958660173980373,0.14913080567849174,0.09346318739740783,4.947232000758227e+29,844.719477111222,1.893891535771193e+38
1.4158443807198209,13.94750794445446,0.14994771056284742,0.09305947438910485,4.9062163996231986e+29,818.4085164157927,1.903752203244404e+38
1.4223701561660638,13.94071087156387,0.15071228229095024,0.09250634782481583,4.865182690637822e+29,793.1166064798024,1.91364724104104e+38
1.4288310793772427,13.929330049023909,0.15152056968972621,0.09209827822568775,4.8239819376037635e+29,768.7803591944934,1.9231865167420337e+38
1.435226493262525,13.922022362079295,0.15227866147716185,0.09155254183806939,4.782831256337726e+29,745.3905692650309,1.9327471969545545e+38
1.441553919094582,13.911795285831673,0.1530624455596888,0.0910973212709497,4.7415956480287294e+29,722.8881533450358,1.9420179830381205e+38
1.447812176069115,13.902234085481766,0.1538326647164668,0.09061918615096919,4.700522751872738e+29,701.2713287140285,1.951156188353805e+38
1.4601156855558992,13.879623907160248,0.15539266085553502,0.08976302015660217,4.6183725711596955e+29,660.4708892395164,1.9687796440576844e+38
1.4539993004535599,13.898001095147324,0.1545371117663247,0.08996330089679495,4.659401199252288e+29,680.4718548190845,1.9603742048610593e+38
1.466159279889125,13.874771573717597,0.15609041915839847,0.08912432209069578,4.5775011930119516e+29,641.2446373218017,1.977647111403709e+38
1.4721281277255198,13.86281098762973,0.15686109561859585,0.08871299895965491,4.536770263280834e+29,622.7586685634628,1.98601416728656e+38
1.478021823332705,13.848965818642496,0.15764653819563654,0.08835948025213357,4.4961716892942154e+29,604.9781667894284,1.9941218534680437e+38
1.4838406689083814,13.841602311128367,0.15835137470831187,0.08779982579891821,4.45582891547572e+29,587.8861180678051,2.002377323102631e+38
1.489584816795527,13.831048019261688,0.15908567792860553,0.08733978722137976,4.415608823289954e+29,571.4331821231124,2.0103149766749877e+38
1.4952569566176857,13.821653966435111,0.15979999113199614,0.08684579443192582,4.375743831868131e+29,555.6147657743016,2.0181522991075376e+38
1.5063916979335297,13.80302764361461,0.16120722084341838,0.08585003225674731,4.2965044777416536e+29,525.6864088097394,2.033377172402959e+38
1.5008588992188931,13.814984784341483,0.16047611022250025,0.08626618473499859,4.3360637928538346e+29,540.3776611444105,2.02597323822507e+38
1.5118577454271962,13.790865018469136,0.16193486243283195,0.08544326516787439,4.2573405589754255e+29,511.5461187609781,2.0406217837910384e+38
1.517259241766844,13.7829281766987,0.16260699859085656,0.08490360994049381,4.218291991809823e+29,497.8961048136158,2.0479412352076146e+38
1.5278728791677418,13.761661700331942,0.16399751962973114,0.0839941762109675,4.14101286488957e+29,472.0320830948218,2.0618840092247817e+38
1.5225971197616164,13.773352682532726,0.16329251231793215,0.0844149260822137,4.1794641368793286e+29,484.7263524834996,2.055036883446647e+38
1.5382456408691063,13.734024829462493,0.16544315368187473,0.08327623490271759,4.064557201862371e+29,447.90490907623933,2.074949515203315e+38
1.5330887196728482,13.753388334350015,0.16465636275172774,0.08346680969655053,4.1026584194658504e+29,459.7587112464406,2.0687796035296776e+38
1.5433449950405973,13.730765610199205,0.16603100604310755,0.08260122094688159,4.02682959875504e+29,436.4647858502515,2.0818583326295507e+38
1.548388982694719,13.714680935103935,0.16676899027669267,0.08231201939040719,3.989282721163934e+29,425.3980561621108,2.087947764503483e+38
1.553377494564866,13.70171521101276,0.16746459653590198,0.08192715230034928,3.951896476386778e+29,414.68809065166425,2.094080591774165e+38
1.5631968537053291,13.683766300739563,0.168744240650607,0.0809249920936814,3.878054652132629e+29,394.3180083241168,2.1064390301338393e+38
1.568029064374754,13.672974508196672,0.1693994669592155,0.08047703486545456,3.841404178645295e+29,384.60994563436583,2.1123450730742186e+38
1.57281076344651,13.664520777436243,0.17002117077325463,0.0799630052200508,3.805083150898788e+29,375.2172848763089,2.118273405249128e+38
1.5583133149333577,13.692988744666224,0.16810377472276927,0.08141889748104472,3.914889337533648e+29,404.33992906449,2.1003311486863498e+38
1.5775418925655733,13.652614374608456,0.17068132777508732,0.07955448779235093,3.769179486065027e+29,366.13678301936903,2.123892637628696e+38
1.5822233178373748,13.640529558484028,0.171339495878397,0.07914571319279315,3.733245663462017e+29,357.3129150545339,2.1293911437261743e+38
1.5868562878028638,13.623311574572515,0.17205838529698797,0.0788904013507623,3.697776256865489e+29,348.7817014831494,2.1344808537253544e+38
1.5914400999032652,13.613403761498146,0.17268098074730398,0.07842410692497705,3.662572468822772e+29,340.5146409395441,2.1398910301035e+38
1.604904987642578,13.580059500392174,0.17456958888258117,0.07713688393139952,3.5585532755880334e+29,317.1961344725765,2.1552894155544737e+38
1.609299793210637,13.571309656425091,0.17516048166661566,0.07664603686293833,3.524532507370513e+29,309.8972988291745,2.160367197205449e+38
1.5959759632619612,13.60431676566571,0.17328882056273356,0.0779358821111421,3.627639736881403e+29,332.5013914297357,2.1452477298991012e+38
1.6004641783366964,13.592920848690902,0.1739218335904822,0.07751759929496532,3.59308318296541e+29,324.742050321548,2.1503642861111657e+38
1.6136483108363684,13.562067767889188,0.17575347179243098,0.07617149022312768,3.490800426218184e+29,302.8179600979374,2.1653183988628958e+38
1.6179517479636565,13.546974303536285,0.1764185278475717,0.07586080651726085,3.457259733361531e+29,295.9410620036379,2.1698123942789927e+38
1.6222088625161986,13.533116078358189,0.17706384791634755,0.07551972500144773,3.424147401723617e+29,289.2808273262221,2.1742817534797378e+38
1.6264219393737511,13.525981698849186,0.17761734080407854,0.07499161882418107,3.391249348637997e+29,282.8099278139044,2.1790823144480994e+38
1.6347145346977145,13.503582355939074,0.1788190823231473,0.07416678215722185,3.326269560293677e+29,270.4262642888394,2.1878947991289483e+38
1.6305902327271036,13.514417152708884,0.17822492945748525,0.07458963550865694,3.358675942655153e+29,276.5317285990155,2.1835109617014855e+38
1.6387957414996015,13.494453011963596,0.17938679741890826,0.0737029091567286,3.294307043733232e+29,264.5093259643681,2.1923006844488704e+38
1.642833542965335,13.480862695397136,0.18001007440608696,0.07336529554013221,3.262737357029365e+29,258.7708516944245,2.19632910774025e+38
1.646829111160452,13.469532715571885,0.18059966533327218,0.07296560250399903,3.2313487861440624e+29,253.18746933621543,2.200417295918875e+38
1.650783492076889,13.455424516015169,0.1812231388330568,0.07264314991331003,3.20025589295619e+29,247.76226770820023,2.2042388098151062e+38
1.6546956157503214,13.44292711954198,0.1818214878444241,0.07228085659820584,3.1695348302953066e+29,242.49679067745188,2.208079044194135e+38
1.6585659826316244,13.429646639393813,0.18242699453337557,0.07193859513644625,3.1389752977547213e+29,237.3696432952061,2.2117809363378557e+38
1.6623970234550762,13.422668495384558,0.18294343253195053,0.07143247073296573,3.108801631349524e+29,232.3915303211932,2.2158284040307605e+38
1.6736486948951446,13.38384377592351,0.1847159422910719,0.07040885547684855,3.0201922948795677e+29,218.28009141534775,2.2262823343458267e+38
1.6699386497208877,13.39822638345213,0.18410862728771699,0.07071219644705173,3.0495369691513145e+29,222.86012447983103,2.222978710008759e+38
1.6661877576257813,13.405614690031545,0.18359385533128014,0.0711995329653494,3.079029323356494e+29,227.5596079599732,2.21911531232173e+38
1.677321113829787,13.375047613859252,0.18524300278726882,0.06996365488955833,2.9912464063523495e+29,213.83173923498913,2.229897545524175e+38
1.68095365023486,13.362012494898577,0.185825281876375,0.06963481873592349,2.9627078920915614e+29,209.51310304067817,2.2331401474533674e+38
1.684549263288168,13.355565772227239,0.18631265764059346,0.06913546869381142,2.9343734258763693e+29,205.3042066977321,2.2367726302756957e+38
1.6881062204706816,13.34164966990238,0.18690080537207043,0.06883064618613308,2.9062470341075746e+29,201.20312593030178,2.2398068907853983e+38
1.691626324838307,13.324459385336612,0.18753216729751193,0.06861571268864429,2.8785553374608144e+29,197.22113584848904,2.2425354054832774e+38
1.6985552541909508,13.301685118910921,0.18862269748707192,0.06788915303219874,2.8238181301700626e+29,189.55680261213178,2.2485978933276818e+38
1.695109411465961,13.313680902816898,0.1880704339308466,0.06823545154890057,2.851043251706326e+29,193.33753528499912,2.2456462557797038e+38
1.7086799460589803,13.273146603026126,0.1901550074123029,0.06668429989462318,2.744075583050879e+29,178.8107008227444,2.257590474089019e+38
1.7019660890086186,13.295173719200317,0.18909403167638988,0.06740947841938104,2.7970103008446733e+29,185.88339677108758,2.2518798986361026e+38
1.7053404383987665,13.284975067789032,0.18961438510062117,0.06702426725296959,2.7703766013621545e+29,182.29905005918366,2.254827309420898e+38
1.711985268861304,13.25535452446818,0.1907785795095308,0.06649543457724084,2.7180133452122557e+29,175.4092596564006,2.259849766944444e+38
1.7152550731939682,13.250325646841963,0.1912155010622344,0.06599457668840952,2.692427539122927e+29,172.10817885164263,2.262980412970821e+38
1.718492583599111,13.232357814537536,0.19183655260308877,0.06581472626085128,2.666934054207717e+29,168.8787530244051,2.2650928388535032e+38
1.7248687329711199,13.207222538785379,0.19291477432606646,0.06519248652518424,2.616724746298458e+29,162.65927814154213,2.2699293966698155e+38
1.7216974045560467,13.226147577384133,0.19228455243020173,0.06534448904327597,2.6416714644457e+29,165.72793872507145,2.2680199352523483e+38
1.7311145007623063,13.184141118217239,0.19395227877800078,0.06453488216107757,2.5677737404921235e+29,156.75768078240134,2.27467414559304e+38
1.7280072362143684,13.203268607850468,0.19332367100246098,0.06467736211011202,2.5921648032215364e+29,159.6746133151239,2.272905769201466e+38
1.7341896022361023,13.172162380197785,0.1944735030964664,0.06421696076209948,2.5435374952648308e+29,153.90626609638238,2.2769232309833393e+38
1.7372341701296432,13.163240793340515,0.19494696232076672,0.0638304850651819,2.519679434709067e+29,151.13133682004255,2.2793515778750364e+38
1.7402490510736333,13.15683371384583,0.1953803822930213,0.06338876082958446,2.4961587850390005e+29,148.4281340233967,2.2819228532364727e+38
1.7432315849178806,13.14218587916954,0.195933373424687,0.06314310436617697,2.4726746369816796e+29,145.77820261838505,2.2837946029487095e+38
1.7491099410060826,13.116591617376727,0.1969776927798381,0.06257781481175698,2.4267687643917805e+29,140.68373946442287,2.287665382884264e+38
1.7461864548417276,13.12864025369121,0.19646799005270413,0.06287832157678666,2.4496424441954717e+29,143.20252332869433,2.2857012173628645e+38
1.7548670497208037,13.097974759037482,0.1979069316450638,0.06185717178704224,2.381846790640156e+29,135.82939700508402,2.2918677181491837e+38
1.7520029710310099,13.103256439891918,0.1975042897961654,0.062309327436456244,2.404098644431707e+29,138.22262604793497,2.2894718550883396e+38
1.7576992268947995,13.084477921401243,0.19843080680354191,0.06159675708275586,2.359624294946757e+29,133.48150609129556,2.2935538727013678e+38
1.7605008842715806,13.074407612552001,0.1989001735981682,0.06126243563932695,2.3378001350121016e+29,131.1979923561883,2.295460505753605e+38
1.766012056503071,13.045170843654477,0.1999699915380155,0.060816151316283755,2.2949372000845626e+29,126.79541008255858,2.298381082961478e+38
1.7632723848686265,13.064658502970499,0.199361952768166,0.060924727918042584,2.3162579695086452e+29,128.97066659760304,2.297343198426544e+38
1.7687207228164104,13.042880290521019,0.20031187266272127,0.06031488107245973,2.2740239507612466e+29,124.68085201331674,2.300763598396681e+38
1.7714002617502556,13.03127904536841,0.2007939369840064,0.06002649405509303,2.2531038982236228e+29,122.6023357199882,2.3023437696181054e+38
1.7766602385880952,13.004116206215272,0.20181083366853703,0.05955717407373364,2.2122861923172923e+29,118.60976390497176,2.3050067504492447e+38
1.7740457194064154,13.01489627252648,0.20134693918387275,0.059853733202550295,2.232532637599068e+29,120.57987366167342,2.3034705024010466e+38
1.7792435769641552,12.994011149578627,0.20226144556414505,0.059248743352532725,2.1922916827344747e+29,116.68696668468657,2.3065494522814315e+38
1.7817950503168156,12.985028778779657,0.2026916074426329,0.05891845806757636,2.172545958258016e+29,114.81041299590544,2.3081351976553956e+38
1.7843153321256642,12.96591808579338,0.2032774803364384,0.05882106577099319,2.1530408716759608e+29,112.97836503298846,2.3088236067956286e+38
1.7892598610855666,12.947332487457846,0.20413339277638817,0.0581922087858892,2.1148002998966088e+29,109.44686193906989,2.3116940623251257e+38
1.7916821979863295,12.939077306050741,0.20454016698699543,0.057860972066237935,2.09606758067437e+29,107.74606931481897,2.313139115549869e+38
1.7868035762464063,12.956985124234949,0.20370129410655205,0.05849658960262437,2.1337983019670365e+29,111.19118219822829,2.310313532083822e+38
1.7940758850696972,12.923723386025587,0.2050567594746405,0.05769116404172171,2.0775457157831874e+29,106.08343974970624,2.3139381608499476e+38
1.7964385042873392,12.915240220228938,0.20546166437274732,0.05737340643532679,2.059330705673377e+29,104.4636912545647,2.3152750730353034e+38
1.7987708054372855,12.905623545956258,0.2058817128472464,0.05708433867366944,2.0413381629363665e+29,102.88139665771683,2.316468415610638e+38
1.8010724571782624,12.891289223812247,0.20637437350157284,0.056904980790714745,2.0236484057981227e+29,101.33983262718267,2.3172048840396525e+38
1.8033472566974962,12.885616175619473,0.2067260030603561,0.05653472803817831,2.00606166534899e+29,99.82711242110808,2.3186522479204724e+38
1.805592760407146,12.87324070057928,0.20718239554547047,0.056320187647913904,1.9888707407464148e+29,98.35774936923326,2.319471261912096e+38
1.8078104551506153,12.866091397108523,0.20755213098637781,0.055991653781327026,1.9717846132631416e+29,96.91612744006211,2.3207027735385746e+38
1.8143050472619617,12.828526646126814,0.20890770753892654,0.05537622689970937,1.9218092603444192e+29,92.78115736894013,2.3227364616203152e+38
1.812166217717062,12.835507439338837,0.20854794872618596,0.055698354385868794,1.9382535816349556e+29,94.12857685653418,2.3216110636455315e+38
1.8164175591417941,12.8169096987538,0.20934052173316212,0.05515674090710122,1.9055407324516032e+29,91.46202795743558,2.3234085588975796e+38
1.810001688641061,12.854558252762438,0.20799014541060204,0.05576230194039634,1.9549222719784637e+29,95.50709641148616,2.3215107560807965e+38
1.8185043737252202,12.806191335234292,0.20975643774052555,0.05492113777396962,1.8894807613939756e+29,90.17201453895848,2.3241183441148867e+38
1.8205677166408416,12.79513220164196,0.21017593834895995,0.054695190081107785,1.8735963882448376e+29,88.90842190141935,2.32476139041872e+38
1.822606919975173,12.785694984729076,0.21056666092767742,0.05443765698962906,1.8579077254134155e+29,87.67183852680847,2.3255113589746744e+38
1.8246218875999254,12.772439921948322,0.21101821589008316,0.05426597272903706,1.842467993813913e+29,86.46425401785335,2.325876750454053e+38
1.8266151076491157,12.764986094387151,0.21137208651074155,0.05397150547864286,1.8271292909904595e+29,85.27762586367278,2.3267340741631297e+38
1.8285852578909323,12.757291948325065,0.21172768788800495,0.053684853336937816,1.8119543845344758e+29,84.11476523984834,2.327533216807779e+38
1.8305320015498148,12.745231937335165,0.21215365474424483,0.05349499881888401,1.7970282950255208e+29,82.97921742548778,2.3278962427942126e+38
1.8324568841983366,12.73337300614093,0.2125745355281648,0.05330117972794663,1.782202897044389e+29,81.86332276167788,2.3282422865171665e+38
1.834360289696753,12.725996532713877,0.2129186847753559,0.053017482530796294,1.7675883158145626e+29,80.77165261868737,2.3289674247768016e+38
1.8362402308518202,12.715682134982913,0.21330978134397416,0.05279672257260824,1.753106483694162e+29,79.70064797292348,2.329384207516645e+38
1.8380981348808132,12.704409311724653,0.213715072382962,0.052597618527711575,1.7387673857041313e+29,78.65006054895997,2.3296778184559135e+38
1.8417477132719653,12.683178658254883,0.2144978603696421,0.05218309036403064,1.7106980595642633e+29,76.61674791873662,2.3302830318369793e+38
1.8399338627294684,12.69560986494372,0.21407678772956173,0.052351066280454515,1.724631799873833e+29,77.62227648455851,2.3301663910433166e+38
1.8453098601615243,12.665219344280528,0.21521747011850806,0.0517108825784709,1.6832496985357462e+29,74.66259517009283,2.3310612571107602e+38
1.8435390307355448,12.672568150997362,0.21488625468052536,0.05197964357758719,1.6969126680994094e+29,75.63082811927677,2.330533486373072e+38
1.8470583314941234,12.658496472094823,0.21553580272570955,0.05143253211579782,1.669750367595533e+29,73.71392567782948,2.331614949011997e+38
1.8487838785400916,12.646830624917605,0.21593616216778005,0.051259570373308846,1.6564811199173318e+29,72.78750129716634,2.3316666564012894e+38
1.850488732423706,12.636802903749441,0.21630679794727548,0.051055507069693105,1.6433560590401466e+29,71.87874618877977,2.3318432752569843e+38
1.8521715797134304,12.625841037622704,0.21669147909851164,0.05087000205464312,1.6302956067315575e+29,70.98414016565192,2.331897519425107e+38
1.8538311532328717,12.619665724606275,0.21699176883190374,0.05059697799210514,1.617584035773529e+29,70.11598174457866,2.332371909016689e+38
1.855472815823493,12.60500847990676,0.2174364700712308,0.05048745370406246,1.604730829227364e+29,69.25167209523791,2.3320131682938743e+38
1.8570901380009959,12.5902783314973,0.2178806126571057,0.05038803550329053,1.5922347553408245e+29,68.41372359402426,2.331604350595156e+38
1.8586891317759897,12.585671594154135,0.21814803203630845,0.050088985106642094,1.5798913658793057e+29,67.59187217274426,2.3321480281344187e+38
1.8602651808235227,12.57401620207124,0.21853538974118514,0.04993238851228119,1.5676728477274982e+29,66.78550242416195,2.3319758840346938e+38
1.8618209215126824,12.564617720821769,0.21888175473474375,0.04973198360611098,1.5555543783751388e+29,65.99282413281085,2.3319929995308263e+38
1.8633563396426993,12.55292410050586,0.2192663299821845,0.04957929563981351,1.5435755276720848e+29,65.21527886313359,2.3317570174593345e+38
1.8648725309442262,12.545421218819728,0.2195759849831477,0.049347806805533766,1.5317825256995847e+29,64.45437459044236,2.3319028807339653e+38
1.8663680264421916,12.534519699032204,0.21994319207167773,0.04918714205160018,1.5201732724759435e+29,63.71001559992798,2.3316849191138772e+38
1.8678442309917505,12.52369623169899,0.220307390070875,0.04902964106100807,1.5087745729611438e+29,62.98282366548208,2.3314457547742314e+38
1.8693033404096993,12.517390653345759,0.22059055378310533,0.048779770688118264,1.4973102687202999e+29,62.26069158549159,2.331629444854351e+38
1.870741459229639,12.504286678997126,0.22099160922766828,0.0486679457050212,1.4860747049716188e+29,61.55634625451313,2.3311081753000673e+38
1.8735650876102652,12.48553505457276,0.22165756700187716,0.04830167664087561,1.4638649590564813e+29,60.180825049820974,2.3307274008356614e+38
1.8721619830209664,12.503849832972168,0.22116714303147722,0.04830972108560442,1.4748786670976221e+29,60.86116083033568,2.3318170002636604e+38
1.8763168916648318,12.47323604064695,0.22220200972311796,0.04783101579919338,1.4424751030727712e+29,58.86788488783799,2.3308857162379982e+38
1.8749499017134195,12.485682544803979,0.22181878114162923,0.04794755922677027,1.453218655402365e+29,59.52284382030444,2.3314471431589053e+38
1.877667661337288,12.464475061601911,0.22251826690373497,0.04764475966101459,1.431819005831976e+29,58.22312850781094,2.3306692862294823e+38
1.8790009009809885,12.454579029800291,0.22285319802923567,0.0474784823252826,1.4211669828692587e+29,57.58524450763839,2.3303121077965185e+38
1.880318495494085,12.445532335699042,0.22317157356527736,0.04730100342877451,1.410719789752283e+29,56.96193274478522,2.3300183621075256e+38
1.8816180671580645,12.43189936672742,0.2235707191086123,0.04722173939316808,1.4006590354325307e+29,56.360664190822746,2.3292318610267084e+38
1.882903932746425,12.427958566056068,0.2237944443452248,0.04694520998181227,1.3902512256913782e+29,55.75111039708271,2.3294083077756484e+38
1.8841716122813092,12.413799447629891,0.22420054636825462,0.046877186374980125,1.3803466903882588e+29,55.16796252064664,2.328518546372928e+38
1.885425841415457,12.408079494118082,0.22445321122591896,0.04664759135608387,1.3704243829633522e+29,54.58946636791274,2.3284688034613407e+38
1.8866626960476358,12.402175338814589,0.22470737720398085,0.0464163787701413,1.360390554036692e+29,54.012383562146255,2.328373701225778e+38
1.8902857529196617,12.371528446037836,0.2256966111746071,0.04599208247468923,1.3313826158350776e+29,52.3560199248533,2.326639716721256e+38
1.8878872576830081,12.390663718428547,0.22506212752928947,0.04630441569106382,1.3508224745278463e+29,53.4587807378505,2.3276909137930402e+38
1.8890938477579529,12.375583345604827,0.2254803963204348,0.04624806761167236,1.340988351298012e+29,52.90033042718398,2.3266098243690185e+38
1.8914640076040699,12.362457746239773,0.2260029960786568,0.045830638290569395,1.3218525835758647e+29,51.819553189933664,2.3261351280952964e+38
1.8926283794166556,12.355179671786244,0.2262753356184646,0.045640819611339485,1.3125074555897739e+29,51.29512436844738,2.3257961365639025e+38
1.893777845123052,12.34525297672039,0.22659481754482988,0.045499327672683366,1.3031906812603007e+29,50.77662790369027,2.3251606678071116e+38
1.8949117160363371,12.33264153950218,0.22696234380361727,0.04542137951536642,1.2943266101513994e+29,50.28055035634193,2.3242204186466314e+38
1.8960333023865856,12.323137313734822,0.22727182981845512,0.045271397124145726,1.2850894360144102e+29,49.774235193896274,2.3235866114192193e+38
1.8982338724923589,12.313367823246237,0.22771613350279174,0.044813085894414115,1.2670452719165666e+29,48.791546803604,2.323221174548486e+38
1.8971408515118589,12.314975201071492,0.22755530750416314,0.04510217192183928,1.2760514387133857e+29,49.28007382600095,2.3230717049206217e+38
1.8993142995138743,12.295667548411464,0.2281737400082482,0.04482150753227326,1.2582010335290544e+29,48.31332145503085,2.321667751044541e+38
1.900381448774577,12.286430510509842,0.2284735810169365,0.04468325888757853,1.249615780322517e+29,47.84908499807154,2.3209813078669393e+38
1.9014329741027602,12.282437460766262,0.22867431917803652,0.044440761135210095,1.2408157950103503e+29,47.380894519845846,2.3208219294589306e+38
1.902473399457142,12.271758229919548,0.22899855284661844,0.04432773487572683,1.2322888231739332e+29,46.92676232458919,2.319944423056974e+38
1.9035007485804645,12.265089126097145,0.22924679817518182,0.04414049543418578,1.2237529811087642e+29,46.47608643740745,2.3194713677614525e+38
1.9074807122794624,12.22969142663721,0.23039104315732784,0.04358372200822401,1.1909809900234725e+29,44.7615483727665,2.316467044993747e+38
1.9045155360134245,12.254951762142507,0.2295587487168241,0.04402627159351686,1.2155503600106788e+29,46.04170577644836,2.318613380180868e+38
1.9055167778584658,12.244206425571788,0.229880995646975,0.04392070155354016,1.2073286309058025e+29,45.61027200347118,2.317669126282924e+38
1.9065054585762278,12.244199743714683,0.23000039531906344,0.04361719793113559,1.1989824003684831e+29,45.17764522654165,2.3178507931224517e+38
1.908446507790763,12.2248337276324,0.23059929000981252,0.04336456459977714,1.1826406758235704e+29,44.33573392646904,2.3161038829554307e+38
1.9093980038048348,12.21442181628908,0.2309109273432356,0.04326575479755137,1.1749296721008568e+29,43.93702006683709,2.3151239085066666e+38
1.9103377067191156,12.205336176022497,0.23119654373425536,0.04313274930827232,1.166967840264872e+29,43.532057640715884,2.3142697678182586e+38
1.913082494111952,12.175755719409894,0.2320912173854719,0.042783924445268615,1.1435713529583866e+29,42.35413600955788,2.3113492617072053e+38
1.9121792056941387,12.183821105827697,0.231828066231564,0.042925856770973506,1.1511702506468054e+29,42.73637190318105,2.3121448936360405e+38
1.9112644848333613,12.196065873270559,0.23148452518131463,0.04299904520751468,1.1589391567869505e+29,43.12784273519439,2.313376351720266e+38
1.9148518733256712,12.164263087355868,0.23252535428172277,0.04240761263601328,1.12817342088519e+29,41.591155998063755,2.310210355432017e+38
1.913972772928783,12.173146106134375,0.23224900178778726,0.04254067088992909,1.135851419054474e+29,41.97046639582032,2.31112648961952e+38
1.915719127946938,12.153416723174805,0.23283827937246507,0.042324219410378554,1.1209440133303657e+29,41.23118261805384,2.30906444664542e+38
1.9165744671903022,12.143210668543809,0.2331380200262244,0.04223083035398671,1.1137822325215633e+29,40.8764190381567,2.307971025797276e+38
1.91741800704133,12.13390612821664,0.23341948474605553,0.04210677095542886,1.1062622915180353e+29,40.51120380515279,2.306959489814903e+38
1.9182500469324886,12.132903736637271,0.23354006718163825,0.041839616181770636,1.0987894188127658e+29,40.150358625261624,2.306841957805752e+38
1.9190707135002936,12.124631622823314,0.23379938288772054,0.04171166616856015,1.0917000189499768e+29,39.80608595329643,2.3059150744622058e+38
1.9214637325296384,12.091858741872857,0.23472538589691827,0.04146778046955687,1.070727934763223e+29,38.79888303226155,2.30216708889484e+38
1.9198796514347076,12.113540891978378,0.23411208407483403,0.04164524837996179,1.0849857204592411e+29,39.477990858349145,2.304663113618634e+38
1.9206771960124558,12.100275987662204,0.23446608901106872,0.04158707856591785,1.0775509398885358e+29,39.126135746342975,2.303155563382146e+38
1.9222401922501167,12.086072882141696,0.23493265139856725,0.041295166971881986,1.0637223586823332e+29,38.467243543306004,2.3014584905376548e+38
1.9237572790181465,12.074532555731604,0.23534278282799073,0.04097394288530923,1.0504186138536991e+29,37.83659759994418,2.2999980542235745e+38
1.9230047229203455,12.077185674971274,0.23519903896463362,0.041187259036578314,1.0570477946029336e+29,38.149945141360895,2.3003908853397215e+38
1.9273661550119379,12.030846013765913,0.2366404570351886,0.04043436906103855,1.0179689441518137e+29,36.32573702149301,2.2944687915073565e+38
1.9259526513274294,12.049141907349002,0.2361078474914715,0.04061730902153385,1.0303736900856613e+29,36.90351878274996,2.296810552941139e+38
1.9245016549340188,12.05995884988476,0.23571835310605313,0.04096855531357162,1.0439574467618348e+29,37.53119561583042,2.298275252205952e+38
1.9252325185780357,12.054979637403845,0.235905269878881,0.04078293342596665,1.0370838788304022e+29,37.213368879896535,2.2975973852749193e+38
1.9266654322955465,12.043820605588571,0.23629958703204715,0.04045440900326389,1.0239771566487358e+29,36.6066332925077,2.2960764305654223e+38
1.9280583966949283,12.023106786344023,0.23687782916711983,0.04031213006850823,1.0116313652639504e+29,36.03482486919845,2.293437012711615e+38
1.9287405199003662,12.014225784226845,0.2371367973562723,0.04020339792587971,1.0051820506345355e+29,35.74182716135482,2.292263430347414e+38
1.929412141515743,12.011730902134795,0.2372686439537492,0.03999007618180411,9.988107768717767e+28,35.45350946919838,2.2917930929863058e+38
1.9300746716335786,12.000365270965405,0.23757491429803543,0.03993967124844737,9.928412902425846e+28,35.18117339657708,2.290313944933019e+38
1.9313736770107044,11.984103431587783,0.23805740468503514,0.03970527641027228,9.803451040641271e+28,34.62170820242777,2.28805091803886e+38
1.9320086960220622,11.980883096798976,0.2381996842605895,0.039534177180974565,9.748097727205557e+28,34.36968389557301,2.2874552336711368e+38
1.9307278769550398,11.989552175156,0.23786965378118546,0.03985520651920795,9.862860509633248e+28,34.88980984914825,2.2888833075534523e+38
1.932635035229272,11.971353469566019,0.23846658335110027,0.039438581090784165,9.685913123685704e+28,34.09513197017062,2.286134347323793e+38
1.9332525364964237,11.960140249204148,0.23876642202987056,0.039372339651469995,9.624442942388422e+28,33.824680774241656,2.2846097350244797e+38
1.9338611389597313,11.959219861064447,0.2388599688783231,0.03916965877712024,9.571214651962231e+28,33.584715390852075,2.2842424861670058e+38
1.9344615943351429,11.948633418674433,0.23914582855413055,0.03908350900012265,9.507968896645715e+28,33.31104372091124,2.2827662840998346e+38
1.93563826079492,11.93124147279085,0.23964010314581652,0.03890187214876592,9.395106256625445e+28,32.8157061339318,2.280211047734961e+38
1.9350547907527407,11.942731519056233,0.2393373799900059,0.038949625963238026,9.452020493849334e+28,33.06430281858625,2.2818149402986794e+38
1.93621497715025,11.925327284353004,0.23983038438934554,0.03875636293561759,9.336789460387138e+28,32.56347449703264,2.279237145664782e+38
1.9378895012596233,11.898629490073548,0.240576390027552,0.03850524184734557,9.172919437050756e+28,31.853970792268715,2.27521204034668e+38
1.9367818017704124,11.913791306768644,0.24013288724256088,0.03872923534332103,9.285213226739709e+28,32.33623483985403,2.2776046031578365e+38
1.9373407099690891,11.904533174967707,0.2403889885239984,0.03863369621224345,9.226375503078413e+28,32.08500792921535,2.27622287464789e+38
1.9384323566808916,11.891182477199074,0.24079448840421705,0.03839308795120853,9.117615622298369e+28,31.617612645124318,2.2740201008395116e+38
1.9389660090300902,11.88155102061587,0.24105602661358,0.0383098333997683,9.061059180203593e+28,31.37827289990692,2.2725641448696588e+38
1.9394917311200293,11.873675884664687,0.24128130754946,0.03821240537918445,9.008102988710968e+28,31.15263083763472,2.2713021543315378e+38
1.9400085185147737,11.874285138414265,0.24133321505479732,0.03799672445904193,8.959557152351493e+28,30.943498032021054,2.2710109598633777e+38
1.9410164878373735,11.853748551495219,0.24187693081223313,0.037858788749545985,8.85010217832011e+28,30.486194079907268,2.2678842987849075e+38
1.9405154531744813,11.859221672303171,0.24170289588574415,0.0380008962208008,8.903849104788768e+28,30.710954259624472,2.2688938307684174e+38
1.941507030279006,11.850260200377171,0.24200927814390188,0.037707580185856265,8.801792228858356e+28,30.281495721630787,2.2670919613777284e+38
1.9419899454049263,11.840519719493717,0.2422686095652275,0.037630064478548386,8.74765823041275e+28,30.05785391681389,2.2655668435025013e+38
1.9424645626413184,11.829143336147464,0.24256087210812913,0.03761948482257396,8.703267508081903e+28,29.86880569366323,2.2638421325467035e+38
1.942930951687041,11.830356141176315,0.24259423895838036,0.03737562719133701,8.651284628927183e+28,29.654787356595207,2.263577220878539e+38
1.9433891116603816,11.821430920128265,0.24283464746073824,0.037288557668241795,8.598621770105347e+28,29.439543260828188,2.2621232008411153e+38
1.9438379382660227,11.808856478904225,0.24314936791110936,0.03729977434531764,8.555560042859561e+28,29.258308903537664,2.260231490894308e+38
1.9447127587770798,11.801676382378755,0.24340679457238681,0.03696957835593019,8.454073560065313e+28,28.846275868007314,2.258533467630739e+38
1.9442796694085143,11.80196922469408,0.24334654934043798,0.03719720163662041,8.507181045058738e+28,29.059828590637306,2.258999806001983e+38
1.9451371857605162,11.790202426797336,0.24369684691035345,0.036968630134544225,8.412841047417687e+28,28.674281784199895,2.256748540685747e+38
1.945553182818973,11.779061210649498,0.24397951494795383,0.03691331984037723,8.360639856417392e+28,28.46590717766996,2.2549933113930867e+38
1.9459619812119877,11.779125202136921,0.24402945404191043,0.03672088813516148,8.317281179610517e+28,28.28854927456195,2.2545516826821196e+38
1.9463628158828994,11.770266913987541,0.24426341400053764,0.036671405977006515,8.27488821353921e+28,28.11539490549349,2.2530531311709916e+38
1.9471408774725312,11.758136756137729,0.24461315119409552,0.03646163646751609,8.185245491896908e+28,27.755297428998553,2.2506921993019603e+38
1.9467559298744814,11.761178390620215,0.24450154296066662,0.036596119227168156,8.226066907705655e+28,27.921307658355385,2.2515199055522226e+38
1.947890882188738,11.739890471196984,0.24508769917999393,0.03632283600688895,8.091014748920084e+28,27.38299309554185,2.2475846321292866e+38
1.948254686119393,11.739031948834533,0.24515140134186048,0.03617168876930035,8.054400589532685e+28,27.233635830793947,2.2469983650197235e+38
1.9475199478871472,11.751270458948882,0.24480372852270227,0.03637158750082039,8.14121798382676e+28,27.579148758029103,2.2494101601605417e+38
1.948612151868054,11.730572995954182,0.24537319359614346,0.036099310507511126,8.00936445390942e+28,27.056528341265892,2.245506614649649e+38
1.9489611680353651,11.727003361743915,0.24549184602470686,0.03598289258431396,7.971395147015214e+28,26.904161107806278,2.2445841955529277e+38
1.9493061555670417,11.711482814042848,0.2458606944454074,0.036016292978564096,7.92613481546158e+28,26.727739606877403,2.2422412138898657e+38
1.9496424666056316,11.708770702591606,0.24596007116857466,0.03584448173884674,7.879194628976879e+28,26.546544390907552,2.2414095490725202e+38
1.94997340376269,11.700387859489183,0.24617807115408646,0.03579793617349601,7.8408347209035896e+28,26.394893094332833,2.2398984624242315e+38
1.9502981666975205,11.691333907399487,0.2464097473687573,0.0357654224985535,7.803450831295426e+28,26.247182041598233,2.2383003565522933e+38
1.9506164405961843,11.68908997406453,0.2464972701247538,0.03558974178235087,7.757671081756687e+28,26.07191959548582,2.237508566071029e+38
1.9509281471037618,11.67793883610789,0.2467720753359874,0.0355930448959159,7.7214549345792e+28,25.929480510223378,2.235643834518227e+38
1.951234668179756,11.679124805241559,0.24678578438749216,0.03537224436859068,7.677452373617857e+28,25.761471158948325,2.235250960293542e+38
1.951536358847732,11.672485369913273,0.2469643373520241,0.035288193102297985,7.637463186770886e+28,25.607485925919796,2.2339177959927803e+38
1.9518295697707415,11.657754916536977,0.2473135477743892,0.03533578100249656,7.59962768218377e+28,25.46149486415178,2.231600051513586e+38
1.9521184414030885,11.658051961054896,0.24734384786223715,0.035153476908177474,7.561383003000291e+28,25.314622967009278,2.231082383411624e+38
1.9524018889668235,11.647449387226942,0.247604949872086,0.03514453177078887,7.5251461428159675e+28,25.175023837955084,2.2292491859340725e+38
1.9529531177737447,11.638876282395563,0.24785729244228907,0.034917099885474194,7.448973710904558e+28,24.885043264927923,2.227084420860228e+38
1.952680953710515,11.641162745862262,0.24777407563483847,0.03505811162718527,7.486405394989593e+28,25.02752693622551,2.2279307210057943e+38
1.9534821042424853,11.620562325138247,0.24831515613954416,0.03481607175918054,7.3691688493207004e+28,24.58512213590373,2.2237188915350075e+38
1.953738725884305,11.621403672857648,0.2483297968899185,0.03464587730156922,7.335800537890622e+28,24.45772949413359,2.223234700085592e+38
1.9532207552130614,11.630796098222266,0.24806347522288877,0.034868722894703066,7.412868036437123e+28,24.74746188373412,2.225536205493339e+38
1.9539887699526173,11.608236287509678,0.24864329874486346,0.03464828610964717,7.2948433875695115e+28,24.305619969889243,2.2210486021718135e+38
1.954474087622601,11.59823467269241,0.24891952314798066,0.03446069299461561,7.224145475928104e+28,24.040192779714133,2.218635876514016e+38
1.9542340039498933,11.608456698341296,0.2486697829429773,0.034500215250168914,7.264358196733886e+28,24.188863806773163,2.2204769198024563e+38
1.9547093279789962,11.587631016568267,0.24917729278035208,0.034454781273043925,7.189948876629588e+28,23.912001146538564,2.216742366834976e+38
1.9549404193237252,11.581680921418512,0.24933478134473616,0.034372349911383424,7.154350627864716e+28,23.779550371446245,2.215410047246679e+38
1.955383651125369,11.5685399068708,0.24967460178476525,0.03423805313774593,7.086059982112199e+28,23.5258851857885,2.2125691989891066e+38
1.955164491510887,11.579744532452736,0.24940505876374408,0.03421476891893847,7.115599891632686e+28,23.63720170945866,2.2145556811466863e+38
1.9555990918089576,11.561961733831291,0.2498441783929941,0.03416753224888015,7.0513824216402e+28,23.39786235805616,2.211143124438522e+38
1.9558083685263028,11.561323368615094,0.24988471201646179,0.03397596642745758,7.0099122046251765e+28,23.247814203970744,2.2104332053570135e+38
1.9560123824312245,11.549584926995355,0.2501647752154063,0.03401191360683141,6.981776915632565e+28,23.1424331007057,2.208363955519583e+38
1.9562115767578225,11.549346178939889,0.2501954231642637,0.03381815307808478,6.941285348510123e+28,22.99650421372137,2.2076933018607815e+38
1.9565962274321447,11.531375672196743,0.25063460064260923,0.033776369198555437,6.878941007756888e+28,22.767564399093914,2.2042028912762976e+38
1.9569605041216165,11.520289762058528,0.250922492657602,0.03361510372978224,6.81325253895409e+28,22.529172011798043,2.2015320901407816e+38
1.9567812342831197,11.530550505333636,0.2506762375038803,0.03360736133847405,6.842072074037646e+28,22.634834243114327,2.2034487515840653e+38
1.9564062878725825,11.538542867560995,0.2504546026978704,0.033844637975520515,6.914292209576153e+28,22.895678991982475,2.2057286416926222e+38
1.9571355911882444,11.518711536056122,0.2509793254100487,0.03345901380503071,6.776971591489052e+28,22.399180980481592,2.2006763695343865e+38
1.9573070345014663,11.509402004541208,0.2512043366914574,0.03345420579385402,6.748659848772691e+28,22.295838094571064,2.198870644038656e+38
1.9576333673812396,11.498732154653629,0.25147935406450683,0.03329147381995657,6.684760137172786e+28,22.066328639441522,2.1962140833413168e+38
1.9574730257683797,11.501196719103119,0.25140487192911093,0.03339148464619482,6.712030251567294e+28,22.165422925116086,2.197193018608602e+38
1.9579421627090163,11.48805798464442,0.2517527219874278,0.03312835301067515,6.621188580471244e+28,21.839249592036722,2.1935415910734474e+38
1.9577908724758584,11.490403204849834,0.2516818896555623,0.03323472687521115,6.649231817139703e+28,21.940222367428472,2.1945139237867323e+38
1.9580910981751798,11.481580054263006,0.25191392234187354,0.03306587252785703,6.590089239880384e+28,21.728406528688865,2.1920614852286168e+38
1.9582338155994437,11.46899627341182,0.25220870339998747,0.03306765265900857,6.554407557058755e+28,21.60288535620929,2.189819206046482e+38
1.9583725291645218,11.468230905359057,0.2522434019948848,0.032931020090958094,6.5251476635129575e+28,21.49883117887754,2.1890318403263325e+38
1.9585074576508439,11.45947601323012,0.25245350511863723,0.03288223940340705,6.490650189502033e+28,21.37780460883748,2.1872551304338234e+38
1.9586377542467561,11.460703669139894,0.2524432561803652,0.03274197370439129,6.466425671034298e+28,21.290934777612918,2.1867068860060376e+38
1.9587625466640046,11.454360670921204,0.25259914289806934,0.0326836124239877,6.43705676008581e+28,21.187486056414418,2.1852167063190895e+38
1.9590031872249771,11.437841799738631,0.2529950315620054,0.03258038981059962,6.370590951375293e+28,20.955839098315515,2.181757597462032e+38
1.958886297367325,11.439477867986522,0.25294375478683584,0.03273866210625207,6.406118337678459e+28,21.078993168963052,2.1826723762389667e+38
1.9591169497774372,11.427693416808236,0.2532344091246325,0.03260830510023411,6.347813315540112e+28,20.87485096177704,2.1797859653500527e+38
1.9592264831355422,11.427579475931367,0.2532510924114191,0.03242930379640698,6.312652667297534e+28,20.75342257768269,2.1790551010442426e+38
1.9593319804292992,11.416595313372895,0.25350840075067516,0.03246638019460867,6.289555030872082e+28,20.6719208449264,2.1769710122629037e+38
1.9594327826325009,11.414436183191352,0.2535693986262195,0.03231636001890604,6.254574599090144e+28,20.55166326077998,2.175977685255746e+38
1.9596245456896055,11.397765043368828,0.2539651386061468,0.03227600999967599,6.201280255875952e+28,20.366577461485154,2.1724481664838295e+38
1.959531265065139,11.408418066279278,0.2537159116988244,0.032257920219442085,6.226822976802324e+28,20.455334272883107,2.1745049220875985e+38
1.9597144033861789,11.396670667115862,0.25400117242738773,0.03213895786383095,6.171984122217335e+28,20.265714724879604,2.1715793235674047e+38
1.959801228286406,11.389287892205452,0.2541770820910498,0.03211493779639818,6.147421011751182e+28,20.180590843478136,2.169925363934567e+38
1.9598819600590267,11.385467496931541,0.25427284529580085,0.032009316417431766,6.116933455263777e+28,20.076371644035152,2.1687064737161594e+38
1.9601060090561118,11.365979401277354,0.2547379389343651,0.031858616592858706,6.036208795207986e+28,19.800105353543092,2.164038084213669e+38
1.9600357066550433,11.36883333531655,0.2546648574170094,0.03193865913564572,6.05897549502758e+28,19.878349776499952,2.1651441252696044e+38
1.9599603811450212,11.376285946115669,0.254488245804523,0.03199745051536757,6.090050467027943e+28,19.98414059328614,2.1668186133582547e+38
1.9602368459023718,11.357279914137882,0.25495008070237835,0.031699514287903525,5.983113938204314e+28,19.61939359608652,2.1614453236601496e+38
1.960173533624886,11.366720334218117,0.25473010900169746,0.03173595361047238,6.014928148721664e+28,19.726901968643965,2.1633802642572963e+38
1.9602959833967275,11.353996912581366,0.2550314930659522,0.03158147763532312,5.952224761294278e+28,19.515160148277072,2.1602757794580794e+38
1.9604547944575759,11.333913572174081,0.25550409858171863,0.03145872457493004,5.876836539229816e+28,19.260186869881448,2.1554736836422377e+38
1.9603527511633527,11.345426620717312,0.25523153385816455,0.0315837123818635,5.930213779715073e+28,19.44017923737359,2.1584441087513406e+38
1.9604066144107952,11.337348137463431,0.2554204181608204,0.031532379450168554,5.899526758012403e+28,19.33692564176336,2.1566718627071362e+38
1.9605432435962247,11.323449168828366,0.2557517571745407,0.03132768933391276,5.825390658680324e+28,19.087276860935432,2.152623561899808e+38
1.960501215113707,11.325466400713394,0.2557007224155282,0.031408574200302616,5.8456353305134265e+28,19.15566299116557,2.1536474850180874e+38
1.9605828587538632,11.316777045650724,0.25590771361479875,0.03126887615140273,5.797344236863174e+28,18.993461901915513,2.1510143371991864e+38
1.9606508918471917,11.305124658325846,0.25618037138087224,0.03114532653814155,5.74477049958008e+28,18.817952802434533,2.1479974616456823e+38
1.96061831983719,11.315899504926637,0.25593218805781975,0.031151071392743514,5.773263966459489e+28,18.912858830733462,2.1501288139888995e+38
1.9606801724937624,11.296862108752924,0.25637157089623946,0.031122314020717537,5.719578648958331e+28,18.73403377321421,2.1461784071274413e+38
1.9607048511787757,11.293586564324567,0.2564491556632838,0.03102577727292834,5.693575879205569e+28,18.647690125867882,2.1449817910303024e+38
1.9607278766891332,11.285467849146608,0.25663665781440864,0.03101981571137499,5.672050252420423e+28,18.576098284835723,2.143175751452472e+38
1.9607475404502883,11.287117813194424,0.25660171575165086,0.030880714229172154,5.650744155869127e+28,18.50539236273765,2.142598698570984e+38
1.9607631080585444,11.275490840431521,0.25686835573221184,0.030883790581118932,5.6222596522718335e+28,18.41137871045524,2.140342555162315e+38
1.9607765650935913,11.275463656716576,0.25687073794270104,0.03076239944401251,5.600093418216075e+28,18.338160995663944,2.139550205251156e+38
1.960797465040124,11.245463642102852,0.25755874852491856,0.030651359243627045,5.5060428180049705e+28,18.029220414128773,2.132576408876316e+38
1.9607854934060436,11.264347886741387,0.2571253913332616,0.030781490755657545,5.5760022431496885e+28,18.2588559163349,2.1373517829315866e+38
1.9607929956359162,11.256876682148842,0.2572970302598055,0.030765971784331193,5.554733109188832e+28,18.18886126695163,2.1356146550970038e+38
1.9607972330173202,11.25724320504548,0.2572892089792234,0.0305926334332707,5.5243364970617445e+28,18.089132716171026,2.134866377834222e+38
1.9607945703755616,11.244440527031399,0.25758180315525686,0.030521382036040757,5.480200791401522e+28,17.944734640740574,2.131645791435916e+38
1.960788975353751,11.243205646945261,0.257609359177289,0.030402828638642774,5.455917322934893e+28,17.865474122872737,2.1306868382757353e+38
1.960780842783433,11.234227101422523,0.25781417473004375,0.0304022784913031,5.434068953928322e+28,17.794300362064195,2.1287459097723674e+38
1.9607692263374044,11.232600851540651,0.25784997331204756,0.030286185214890998,5.409401587464778e+28,17.714049785294087,2.1277331287065537e+38
1.9607386346620501,11.214536866073948,0.2582612796471671,0.030294437381855735,5.367507048055349e+28,17.578229871713674,2.123825674269148e+38
1.960755663800074,11.22473101359878,0.2580289712557694,0.030267326374856695,5.387121734186862e+28,17.64170055922058,2.125929010471856e+38
1.960718600216936,11.213985895979214,0.2582713296518492,0.03016665665193613,5.3435542798131025e+28,17.500680217518937,2.122944477703291e+38
1.9606954179732088,11.202778862850796,0.2585266423756023,0.030182795792327705,5.319750930886323e+28,17.42375185492459,2.120706382708625e+38
1.9606702789590214,11.203700211940305,0.2585020677205409,0.030056998846023968,5.299757880688157e+28,17.35938156038115,2.120010169579094e+38
1.9606415548862008,11.191482681162801,0.2587804783343043,0.03007603465443169,5.274262352936185e+28,17.277136365094975,2.1176388596499043e+38
1.9606113641170326,11.194656768080364,0.25870312110333094,0.029917850765224695,5.253966766085123e+28,17.211978351259802,2.1172271844533918e+38
1.960577303026886,11.183393887556978,0.25895916407721925,0.029949931255639134,5.2331954353240075e+28,17.14542079651576,2.1149734600097578e+38
1.9605411409780116,11.184410443890345,0.25893085119476567,0.029811260480792634,5.2113331595110325e+28,17.07536851216024,2.114282709133594e+38
1.9604600887175654,11.172819196001088,0.25918876339179375,0.029742641128139406,5.172451207075652e+28,16.951472276829044,2.1111592328665878e+38
1.9605024727544245,11.175453620395361,0.25913326621287264,0.029830788636524656,5.193899653965395e+28,17.019924548725164,2.1123203597557232e+38
1.9604161011228323,11.162420625084241,0.2594243948106307,0.029729481055282555,5.146147905395371e+28,16.867161683740385,2.109008574822351e+38
1.9603200682363082,11.153656823053995,0.2596155151122573,0.02961337423398443,5.105958750802025e+28,16.739536170737626,2.1062360787419045e+38
1.9603695378178012,11.155472768336596,0.2595798040131077,0.02970086914389685,5.125214870911701e+28,16.800546087434803,2.1072956964159256e+38
1.9602681123196382,11.154183907238945,0.259596366668153,0.029495781022140424,5.086885021482339e+28,16.679214450148173,2.1054738849733185e+38
1.9602131720187073,11.14248818752103,0.25986156883069444,0.02951097597845686,5.0628784581779705e+28,16.602826646493824,2.103148178172598e+38
1.9601562179817835,11.14305709230142,0.2598407517934334,0.02941890323235423,5.048371116841229e+28,16.557657627256457,2.102388855940245e+38
1.9600968833940682,11.13361602393725,0.26005321905919054,0.029396906300911324,5.023262132330741e+28,16.477798921517206,2.1003488446507737e+38
1.9600365979075622,11.1278266672214,0.26018051174062923,0.029348807389037657,5.002017842493446e+28,16.410634814217968,2.0987773415022086e+38
1.9599707423414905,11.122409195817612,0.2602984936211976,0.029301160808184644,4.981752957490948e+28,16.34689574461899,2.0972446799154295e+38
1.959904657245332,11.114550397454792,0.2604737608636447,0.029311884404831356,4.965994723460112e+28,16.29793483174789,2.0954025375804157e+38
1.9598356441111406,11.115148352521107,0.2604505768729336,0.02917943914320155,4.944885901408631e+28,16.231515191988542,2.0946414146205008e+38
1.9597636030402432,11.112279672895692,0.26050823693117386,0.029120723780755225,4.928570780989111e+28,16.180934783840637,2.0934332800140917e+38
1.959690314840398,11.1026308209253,0.26072488366138097,0.029095855854241483,4.9030198256010395e+28,16.100058932273097,2.091357448575181e+38
1.959614596546511,11.094928993103625,0.26089579163471416,0.029110263735717987,4.888456928049494e+28,16.05534019022992,2.0895288574957624e+38
1.9595358667187432,11.092881565066412,0.2609334617903079,0.028994007454892945,4.864443287682585e+28,15.979681056295632,2.0884231056682408e+38
1.9594557145675788,11.084310941497439,0.26112453967845134,0.02902892594215353,4.851516202448836e+28,15.94047547226824,2.0864804188020667e+38
1.9593731487216939,11.08440830510785,0.26111124306086925,0.028876843570594026,4.826311101589501e+28,15.861001262483084,2.0856494846065504e+38
1.9592872671656212,11.073053491001916,0.261367541900014,0.028941029876417414,4.812314346627925e+28,15.818469274576918,2.083343314160176e+38
1.9592000807931713,11.072741117758392,0.26136328441432644,0.028809654877307352,4.789793649459853e+28,15.747945437663015,2.082457525984942e+38
1.9591111867127837,11.064818795674181,0.26153855121017566,0.028830534329211902,4.7761420944029405e+28,15.706624610393021,2.0805930633085415e+38
1.9590195519248432,11.065084816905213,0.26152003061174345,0.028677162835208075,4.751305284645034e+28,15.628601990694918,2.079779399750788e+38
1.958926947443476,11.057057913131327,0.26169751060509816,0.028697097054916913,4.737387450449731e+28,15.586505254545122,2.077900745602425e+38
1.95882949004005,11.052251078073844,0.26179830263121995,0.02864959769187576,4.719274694578244e+28,15.530775301173101,2.0764289296964686e+38
1.9586319132893457,11.042554691699847,0.26200175640815554,0.028558191850255567,4.683618563592708e+28,15.421209386433738,2.0734799248809333e+38
1.9587330059000125,11.047039516313271,0.26190890761964164,0.028612250966686483,4.702021175391754e+28,15.477806777464568,2.074910949737652e+38
1.95853004170023,11.033631060842902,0.26220001649112745,0.02854405739936421,4.662415926410926e+28,15.355390791370292,2.0714784751314566e+38
1.9584256886880864,11.033028431531573,0.2622003668630887,0.02846425557434231,4.648111464502637e+28,15.312358769702744,2.0705480141616656e+38
1.958320426879669,11.024893234399084,0.2623797396208966,0.02844436703141205,4.627764533169892e+28,15.249427204942846,2.0686477633568974e+38
1.9581032923951376,11.017310148043201,0.26253122040005344,0.02834236504061479,4.595332933882144e+28,15.150956145871662,2.065963788934904e+38
1.9579909515529068,11.01547267840442,0.2625599481978266,0.028245999192652457,4.575890758179729e+28,15.091183266547255,2.06487099484318e+38
1.9582125166040767,11.025226035640085,0.2623573619733911,0.028328764028678042,4.609652148925867e+28,15.193928938503166,2.067837471533757e+38
1.9578772381482479,11.006879801791868,0.26274966362464514,0.02824985681768413,4.558693436254068e+28,15.038833403725137,2.0629065636584323e+38
1.9576433834819589,10.996836005483459,0.2629582298517062,0.02815640559147589,4.522920690513547e+28,14.929735570034222,2.0598957388953387e+38
1.957760247290063,11.004924243906938,0.2627806507155643,0.028182977443747398,4.543862457000292e+28,14.994386299095616,2.0617953319716772e+38
1.957524168515223,10.998250734207577,0.26290839361166657,0.02802672700619262,4.504986380358654e+28,14.875064796008427,2.0592222319534533e+38
1.9574009752929329,10.993725963033734,0.26300004834191476,0.027979027378769516,4.48807563044094e+28,14.8238909881426,2.05777592614372e+38
1.9571543875399595,10.97790014515485,0.26334601130298846,0.02797028159474717,4.454472033318707e+28,14.722170923059558,2.0540170665978325e+38
1.957278709151967,10.98635649991899,0.26316002542338474,0.027999897070290308,4.476389718095822e+28,14.789911571973276,2.055967611747096e+38
1.956897795614574,10.974895732660185,0.2633835677856736,0.027811027016311447,4.423052137969538e+28,14.627913594579498,2.051907603823831e+38
1.9570260743412138,10.974512676066103,0.26341002692272825,0.027920884000654067,4.439748855523658e+28,14.678321358651585,2.052716626983996e+38
1.9567685197024214,10.968509722888502,0.2635195034572009,0.027811330852801887,4.410246984477636e+28,14.590383091551985,2.050224035250611e+38
1.9565005017148867,10.953885055207145,0.26383518923604915,0.02775032862897963,4.371314409761539e+28,14.471490845172267,2.0466050151562843e+38
1.9566351835314986,10.956943766714899,0.2637796945492773,0.027818812015748984,4.388223722833108e+28,14.52247092431801,2.047863334869415e+38
1.9563660613276421,10.94821494693591,0.2639536913984788,0.02772302393345839,4.35572240533255e+28,14.424827915884114,2.045011973986612e+38
1.9562276727853782,10.946161038624586,0.2639845440205636,0.027649981285017517,4.340172837903062e+28,14.378417228221275,2.0438822931568276e+38
1.955947850448775,10.93805974186722,0.26414227593038136,0.02755791582542616,4.309737731187815e+28,14.287805598987537,2.04110830713528e+38
1.9558044450860097,10.933896181877742,0.2642234860271455,0.0275128184108191,4.294502190874255e+28,14.242516527925568,2.0397038528406196e+38
1.9560883345063915,10.945585471051462,0.26397962140958703,0.02759249533072673,4.330010784765389e+28,14.349861528540817,2.042945382411978e+38
1.955660838093265,10.92577373121559,0.2644005000306157,0.02750325868558603,4.277087961169028e+28,14.189971848912737,2.0377883289429265e+38
1.9555147636442993,10.925597421591053,0.26438501751806653,0.02742350380693463,4.264341031189562e+28,14.1529665835715,2.0369018025370502e+38
1.955367549323066,10.915566979587961,0.2646080423768818,0.02745037152482386,4.248960937447215e+28,14.107230704193965,2.0347367092307155e+38
1.955218815916471,10.916706506617572,0.2645602965009228,0.02733599410491265,4.233465863083398e+28,14.06113150395221,2.0340218423402078e+38
1.9550684952428314,10.907787855531064,0.26475625526856705,0.027336624953201685,4.216298265724532e+28,14.009495194309377,2.0320003421574575e+38
1.9549141258797555,10.900952654079138,0.26490134695087386,0.027355628504778733,4.206026276008274e+28,13.980883131134748,2.0302431977251382e+38
1.9547624584332264,10.896475323115494,0.26498963396991027,0.02731444771220908,4.191076993501867e+28,13.936596884815295,2.0288017132379877e+38
1.9546062026542794,10.895396982072942,0.2649946762755245,0.02719221662472735,4.170257981654605e+28,13.872911216980174,2.027795148466843e+38
1.954449361961393,10.894932377492594,0.2649847122361896,0.02712255060581476,4.158687055244627e+28,13.83997082435507,2.026870031497819e+38
1.9542911440880268,10.883727628189606,0.26523603952065195,0.027180364655719692,4.146165371339375e+28,13.803885482590188,2.0245486405735423e+38
1.9541314081071128,10.884536650882698,0.2651946474060212,0.02703905153043156,4.126142295652346e+28,13.742837887234883,2.023789333708606e+38
1.9539709156025815,10.87745692773789,0.2653454579484875,0.027035082857308046,4.112137079003123e+28,13.70181678212548,2.0220052369229122e+38
1.9538083699895183,10.866865164228896,0.2655819911227797,0.027075508868293546,4.098274434344199e+28,13.661307149349755,2.019761765437264e+38
1.9536431943196122,10.865366728070859,0.26559616188016927,0.027026873730765646,4.088093084799739e+28,13.633130117368813,2.018699855088748e+38
1.9534778858021478,10.866410711012891,0.2655481735155634,0.026879477773898305,4.067751584601404e+28,13.57103512861997,2.017971561925913e+38
1.953142687753156,10.856481038299677,0.26574544488036733,0.026817498901903495,4.0398633916868935e+28,13.489562578529315,2.014949169055933e+38
1.9533103037239254,10.854838159581014,0.26580847478173464,0.02694906317660726,4.05661183527417e+28,13.53967675563198,2.015598057594629e+38
1.952800941649474,10.84489860810876,0.26598271515446253,0.026809190374263523,4.017114365921505e+28,13.425342212038002,2.0117085425750727e+38
1.9529723917589077,10.846563988906375,0.26596522508905773,0.026866210778716842,4.028750277885688e+28,13.45832081270766,2.0127908602021327e+38
1.9526291437198033,10.83775950770529,0.2661345092717655,0.026784749920417458,4.000259466425088e+28,13.374894781237371,2.009914537920807e+38
1.9524545403037217,10.835446006526373,0.26616752953141887,0.02673939614131872,3.989225389466027e+28,13.343967267337655,2.0087467177610212e+38
1.9522789829456222,10.834159708179305,0.26617519496109665,0.026638562414261525,3.9718237433113344e+28,13.29173336303617,2.007713570591275e+38
1.9521021061203472,10.824180942171065,0.26639644297996223,0.026665395531247846,3.9575486735617487e+28,13.249962909071368,2.005546514067621e+38
1.9519250862307242,10.825288403894449,0.26634503496502376,0.026570343004890012,3.9454591913786325e+28,13.215477969732255,2.0048285320770965e+38
1.9517451376490957,10.823110784121072,0.2663740644571828,0.02648779747688761,3.929247484100213e+28,13.167244531759115,2.0036781418882565e+38
1.9515646127128354,10.813630328855746,0.26658293855155635,0.026542157059320705,3.920097115389747e+28,13.142657831397337,2.001576695888966e+38
1.9511994359967464,10.802900354748678,0.2667977893523668,0.02646873177924396,3.8898960998539644e+28,13.053613215252357,1.9984465957118096e+38
1.9513840586138886,10.80553348483448,0.26675801340903,0.026519525024875683,3.902112859413541e+28,13.088416596506208,1.9996579071342925e+38
1.951016669488193,10.796639204849287,0.26692750468828835,0.026448227493555042,3.8756319929468706e+28,13.011838967556248,1.9967680973921023e+38
1.9508315413923765,10.797923711470059,0.2668704261402836,0.02638082734561841,3.8680555542141405e+28,12.992565262375008,1.9960732271533728e+38
1.9506429569667072,10.791800267729577,0.26699604011315065,0.02634852808185423,3.852377794756504e+28,12.946160849691006,1.994405762323733e+38
1.9504557327290233,10.784036477452403,0.2671626145970475,0.026334356714984675,3.836475882445616e+28,12.898910510395835,1.9925292899078036e+38
1.9502663607739477,10.783073903242817,0.26716052200440404,0.026272768982493446,3.8257956844278833e+28,12.869248031826226,1.991540094262278e+38
1.9500768498454022,10.774985214485373,0.26733509714921366,0.02627140187870555,3.811269678155243e+28,12.826616030305429,1.9896214374966783e+38
1.9498859442093472,10.776284458836749,0.2672766978466759,0.026193368856415728,3.802240733685636e+28,12.802494988466997,1.9889302048382266e+38
1.9496927634942929,10.776264830732366,0.2672507047632172,0.0261160200063169,3.7909782162618413e+28,12.770898045820468,1.9880636887368217e+38
1.9494982659524696,10.763202196254952,0.26754835769135527,0.026148419068216095,3.7727319385301533e+28,12.715771941876556,1.9854922598086018e+38
1.949304697085435,10.765239840056868,0.2674711558728158,0.026073626915357664,3.7655031398972567e+28,12.697710329914749,1.9849000244893075e+38
1.949107381369223,10.753797803738369,0.2677286418585768,0.026098797538972356,3.7491502723763703e+28,12.648967153528652,1.982538811008676e+38
1.9489112806574205,10.755488292012474,0.2676596296638344,0.026006960575388836,3.738895059365026e+28,12.620715492690762,1.9819013598046185e+38
1.94871370754632,10.747103452289593,0.26784130098062736,0.025996482057611424,3.7228432105987056e+28,12.572903824802477,1.979944799603441e+38
1.9485140600556357,10.745506244363852,0.26785366814534367,0.0259378757294029,3.7116911111613035e+28,12.54166380992571,1.978874687352114e+38
1.9483144754583677,10.737634369245374,0.26802257841574784,0.025949992607751927,3.699843154347568e+28,12.50803463546019,1.9769858011276188e+38
1.9481109265249483,10.74181253492834,0.2678903369988192,0.02583952679039265,3.69126663766719e+28,12.485560806787488,1.9766682517539315e+38
1.9479113591139263,10.728762206086275,0.2681887189011809,0.025898760182836853,3.6773087031480152e+28,12.444721629248171,1.9741068504525136e+38
1.9477068927823726,10.727072409832148,0.2682028102947128,0.02581194405172667,3.662096577382237e+28,12.399747315554304,1.97302472929196e+38
1.9475018934686643,10.725746057975151,0.26820774413459914,0.025755164614386823,3.6517824693022393e+28,12.371333204399125,1.971991498834862e+38
1.9472969739861925,10.716539592559169,0.268409913038274,0.025796325927307278,3.6419479680736136e+28,12.344509539140107,1.9699287976825786e+38
