0.3265891711216964,14.311399386970683,0.03370859211549484,0.052276336945879034,3.134863782050167e+29,800775.577714951,2.2631234558212817e+37
0.26613374300402975,15.213268350522503,0.025840347594146756,0.03416938126336795,2.7813315471111838e+29,1977215.921905045,1.7062961627930054e+37
0.3122566819788126,14.484563866549466,0.03184397342196841,0.04801693222968499,3.057908895262975e+29,977612.8173411682,2.1277520687437504e+37
0.24987896422018355,15.584611453834496,0.0236839782231361,0.02915602966068394,2.6773879013105787e+29,2608337.9421593663,1.5642908965899435e+37
0.29740008555030234,14.674966983183097,0.029935387998512208,0.04373332150899136,2.9730426828445434e+29,1212821.10668543,1.989366407832957e+37
0.28201485275569255,14.91405095255799,0.027931695212984036,0.03908358731584499,2.8805508663053064e+29,1532557.1821403136,1.8485750839207915e+37
0.2334137465256916,16.052650929761118,0.021478334553637266,0.024153767365462656,2.5717082969199844e+29,3522821.238918788,1.4246618919029557e+37
0.2169228048699348,16.6542981510378,0.019239767131638084,0.019287522031925512,2.4683749413668595e+29,4877374.685097229,1.2896034326612906e+37
0.34041777497755893,14.175570926500543,0.035472565938529724,0.056038295249574786,3.203986878473228e+29,665166.9044477165,2.3953470414455333e+37
0.3913397219896884,13.772008979649533,0.04197373053982217,0.06889104189425765,3.409198245618502e+29,352519.9040493678,2.891582901009383e+37
0.379194525270641,13.853270637317584,0.0404325074254414,0.0660795035220643,3.367684375400003e+29,407682.5636966356,2.772183494169007e+37
0.35377120542738827,14.053802645451476,0.03718344002570259,0.059632618580021314,3.2655485912552486e+29,559299.9637305737,2.524218694323571e+37
0.36668451626880394,13.946599183547976,0.03883695636979848,0.06299249357197194,3.31996431972948e+29,475304.14917284215,2.6497900548279446e+37
0.4031580214813652,13.693887784876885,0.04348800407064356,0.07162240735196379,3.44497246559254e+29,306980.1378158236,3.0081222598033225e+37
0.4146859877279301,13.62533525547578,0.04495656275159315,0.07409228272868291,3.475457465103747e+29,268977.6664925207,3.1221101612409354e+37
0.42595857838017537,13.56288778500038,0.04639125650923871,0.07637209846468859,3.501052182377827e+29,236953.31392968632,3.233760523842192e+37
0.4370097454797436,13.504351202747417,0.04780114870550896,0.07851191764775593,3.5221449281881075e+29,209726.18642119312,3.3433087929710945e+37
0.447870768613703,13.45378019350618,0.04917329668562637,0.08038321340395863,3.5390770723350755e+29,186392.08993807656,3.4510682456278294e+37
0.46914031339507556,13.35009321498251,0.05190860894196171,0.08408584181720494,3.561618383140156e+29,148742.35859959244,3.661789802837042e+37
0.500305515949537,13.221771793094332,0.05589417743762963,0.08847525014235469,3.5708622854984386e+29,108117.9229143789,3.9699108571006728e+37
0.4585716552060437,13.4034261656111,0.05053733261305457,0.08220689915249121,3.5521427937691216e+29,166247.61682303972,3.5571723862322704e+37
0.48998673657795705,13.263083005075432,0.054570856715465424,0.08710383517289047,3.5707770322867015e+29,119989.20030349193,3.868043789018281e+37
0.5105603746620213,13.180656253219846,0.057217780428915864,0.08979672100808357,3.568195698533241e+29,97614.4665595774,4.070948105193007e+37
0.4796038108027798,13.30204596585127,0.05325803223545244,0.08576312395647091,3.567761629187515e+29,133439.29904613612,3.7653086336922797e+37
0.5207491620825773,13.141196781358799,0.0585348616705925,0.09101971882205341,3.562977665853134e+29,88302.14403269094,4.1711599402148968e+37
0.5308695635272244,13.102775017112553,0.0598474261859559,0.0921650900824451,3.555378886690575e+29,80029.0762569356,4.270505506208927e+37
0.5409185586314865,13.061475832330594,0.061173110820226806,0.0933731676862473,3.545572462725656e+29,72665.455931883,4.368834680378559e+37
0.5706119383983282,12.963180950711827,0.0650204851485813,0.09584749094807073,3.5046260313181615e+29,54984.269720663135,4.658766176756439e+37
0.5508939574028487,13.032132532136517,0.06244151849693018,0.09411399534146661,3.533740610567696e+29,66099.1190685623,4.466567302202628e+37
0.5607928119679857,12.993452873705598,0.06375273164754719,0.09515300699940943,3.520046597767854e+29,60233.38473697671,4.563036584613458e+37
0.5803486480879158,12.932315207373495,0.06628780385630115,0.09652723922400097,3.487661356711867e+29,50279.444587052574,4.753449571350571e+37
0.5899997030036657,12.890831932581293,0.06760701822353092,0.09757237806915776,3.4692423418197475e+29,46054.993022743096,4.846668810542989e+37
0.5995624004953594,12.861641959531573,0.06885871427687308,0.09812459244396694,3.4495541056736254e+29,42256.357699564214,4.939249425000988e+37
0.6090332183497181,12.829795308332894,0.07012004539288817,0.09874738333106736,3.4286823448571245e+29,38835.00758910048,5.0305984009800775e+37
0.6184095151129085,12.809933605710887,0.07130996439524545,0.09887923739813792,3.406767688374287e+29,35748.90561118644,5.121312461801555e+37
0.636866280588369,12.750533741455074,0.07378036947620942,0.0998211329711528,3.360217090610908e+29,30438.770557322314,5.298352885742424e+37
0.6276881968907697,12.780987561866938,0.07254383074925634,0.09933299849014254,3.383908596397189e+29,32960.96061663249,5.210472105997515e+37
0.663769140286465,12.66846472987056,0.07739519628780338,0.10079002319245306,3.285038741225798e+29,24196.70646199146,5.554912470184335e+37
0.6549092443505602,12.691179595177873,0.07622546212499436,0.10067135932049193,3.310692917074208e+29,26080.405747183773,5.470431626151286e+37
0.6459407106881436,12.720174605245752,0.07501023385453662,0.10028343637626973,3.335781443447838e+29,28153.691739060116,5.384990250552509e+37
0.6811701156368286,12.620378983984747,0.0797267617412912,0.10107503671831916,3.232279507831924e+29,20918.571559017164,5.719986409993532e+37
0.6725221679791492,12.639463671816943,0.07859571940812847,0.10113980286638631,3.258879858166917e+29,22482.074164948717,5.637794834408801e+37
0.6897146285257388,12.58923002465828,0.08092658304655909,0.10147710718374804,3.205287130244749e+29,19490.402195525294,5.800249219526009e+37
0.6981580635138025,12.569135716048454,0.08204824159437406,0.1014188397278376,3.177962241760457e+29,18183.64687568565,5.879959261923491e+37
0.7065021110903096,12.548323847413117,0.0831665489715194,0.10137387500729463,3.1503416664806705e+29,16986.010391426968,5.958446093192388e+37
0.7147490805623633,12.518458816596375,0.08433807335435689,0.1016814660242667,3.1224762307715964e+29,15886.643937929002,6.035181081602073e+37
0.7229007209155198,12.498982672427982,0.08543285641032969,0.10155523457760587,3.0944157357702556e+29,14876.008551324925,6.111444403305401e+37
0.7309588604366554,12.479037441053057,0.0865232416691783,0.10143491008997456,3.0661677016234504e+29,13945.441816806297,6.186556337042691e+37
0.738925339579445,12.457571023390301,0.08761694841298395,0.10136450037179193,3.037776098083865e+29,13087.419070235532,6.260454806891845e+37
0.7468026837737993,12.430253563723996,0.08874559741443563,0.1015223895241145,3.009295168040886e+29,12295.225137465513,6.332835818236505e+37
0.7545916737743402,12.41041263317475,0.08981455500260631,0.10136435788441757,2.9807077635291813e+29,11562.73046800709,6.404685232549006e+37
0.7622945506619547,12.38990785257061,0.09088153923789578,0.10122434247529223,2.952081639853876e+29,10884.671724705724,6.475433757417049e+37
0.769913495203227,12.372088985024817,0.0919220777529425,0.10096545134305199,2.9234184474210335e+29,10256.102919622415,6.545375782497236e+37
0.7774493010782066,12.349898704790093,0.09298858029887183,0.10087631961468886,2.894737742861328e+29,9672.748236198668,6.6139380073892485e+37
0.7849045441720919,12.330240551215978,0.09402995521577952,0.10067706990606408,2.8660999492230937e+29,9130.78595309528,6.681719015836839e+37
0.7922803842052567,12.31000260131837,0.09506960598862088,0.10049275667499118,2.8374518503942917e+29,8626.508025882322,6.748468333143022e+37
0.7995786768315173,12.290487408790883,0.09609770871993734,0.10027363863892397,2.808893821941587e+29,8156.997917277122,6.814321490161969e+37
0.8068004736226595,12.269788982832953,0.09712923896601916,0.10009492648976277,2.780356921477352e+29,7719.174811264376,6.879115454511707e+37
0.8139468353918443,12.249567549878313,0.09815133640580023,0.09989270691717753,2.7519502848121212e+29,7310.741646765835,6.943016398282386e+37
0.8210182773114526,12.23111761611695,0.09915340165896726,0.09961184222375424,2.7236086289976353e+29,6929.17647425221,7.00615751034935e+37
0.8349385859976728,12.19097234588326,0.10116659223348083,0.09917029510601005,2.667327566886372e+29,6238.852825266265,7.129365930982539e+37
0.8417885815276924,12.179582938875626,0.10209196160707534,0.09859137795330469,2.6393928727466047e+29,5926.386004701974,7.190511590549971e+37
0.8280152882106522,12.211386430324758,0.10016000002690101,0.09937932070553236,2.6954042875664364e+29,6572.539198123278,7.068253391133048e+37
0.8485663585566857,12.160342135641098,0.10307680562650383,0.0983283350459228,2.6116241353350478e+29,5633.556709138534,7.2499626066269595e+37
0.8619067288063533,12.121129058469208,0.10503598948642268,0.09782307340724919,2.556581826820153e+29,5101.047752242404,7.366126554598379e+37
0.8552727267228589,12.134361908928833,0.10411387597621675,0.0983350047805272,2.5840200490926557e+29,5358.877261707656,7.307796447753243e+37
0.8813884848166667,12.06080405338782,0.10794736501122834,0.09711267619689172,2.4754847106635945e+29,4416.969850839243,7.533662176543981e+37
0.8877441234114376,12.052966814616246,0.10879646397459948,0.09638442225176516,2.448948599249299e+29,4215.428108702065,7.589294270213146e+37
0.8684706828756187,12.101985003703273,0.10600332481962459,0.09754925651018016,2.5293564294533522e+29,4858.869875833776,7.422949890253971e+37
0.894031084882739,12.032784426053778,0.1097507301610377,0.09614547752746737,2.4224931562989072e+29,4025.3209215956826,7.642602686705481e+37
0.8749648063494354,12.084601650208253,0.10694960399083026,0.0972029413519622,2.5023273336450858e+29,4631.186213084784,7.479121086002904e+37
0.9002503708445244,12.013258543036192,0.1106938315384343,0.09588188996540922,2.396313985651099e+29,3846.167780203037,7.695159154845618e+37
0.9124882195714789,11.974731740941802,0.11255956561723192,0.09533560330625324,2.344699020280224e+29,3517.6434579060206,7.79787637844113e+37
0.9185073348745405,11.961741800948882,0.1134250920047587,0.09481378789435942,2.3192450237285174e+29,3366.93348815336,7.848851616859707e+37
0.941938575012657,11.892946698487329,0.11699142895201534,0.09340931132818905,2.219936489721582e+29,2841.375840245852,8.04275283171942e+37
0.9303512605380414,11.925634685393451,0.11523552479778838,0.09417540405694011,2.269070645451302e+29,3089.685773681767,7.947114532885074e+37
0.9064024988208506,11.993277447243294,0.11163596960542409,0.09563704701912606,2.370383296538626e+29,3677.1737831095156,7.746831766310263e+37
0.936176624694299,11.914102028545386,0.11606931284280522,0.0936026117814315,2.2443860410254684e+29,2962.1676951233303,7.995995724708007e+37
0.9244618089079722,11.944067857276261,0.11432932713945226,0.09447906630230235,2.2940343694909674e+29,3224.4533330625973,7.898431029788108e+37
0.9476382714613937,11.874220590533398,0.11788496378517956,0.09312127224303889,2.195722647622724e+29,2726.8771305855325,8.089096360186962e+37
0.9532759862441826,11.862562284353677,0.11870283254825087,0.09255882053129491,2.1717676394373063e+29,2618.310459080039,8.135739121614318e+37
0.9588527262541893,11.844038440685308,0.11958398847999942,0.09226765238170961,2.1480853306495294e+29,2515.318818555731,8.180633719738994e+37
0.9805614387892608,11.784854420701896,0.1229055581810963,0.09054717378962097,2.0558859889250735e+29,2152.4150637043263,8.355347095102032e+37
0.9643685828199849,11.832634255463349,0.12038781935507363,0.09170233203698909,2.1246656726359013e+29,2417.555101592346,8.22588139301629e+37
0.9752225916090357,11.795092587675423,0.12213027480419611,0.09114951194037728,2.078567518733771e+29,2236.384208680033,8.311989419156339e+37
0.9698252527328626,11.814691655017187,0.12125287134345013,0.09139269651467491,2.101485835371124e+29,2324.6633751204386,8.26942692107555e+37
0.985842693746185,11.765818593516185,0.12376744032178119,0.0902867130055371,2.033469206598758e+29,2072.528622565449,8.396606002475603e+37
0.9910663543642081,11.75458512405006,0.12454215102881264,0.08973127886324929,2.011330325434593e+29,1996.50676703843,8.438457585227286e+37
1.0013450548293839,11.722590801948698,0.1261772585173905,0.08899302239302409,1.9677820787647923e+29,1855.0655561669741,8.5185933696263e+37
0.9962339195353606,11.736108798437773,0.1253886228880713,0.08945473748392055,1.9894223722498108e+29,1924.0724591151136,8.478443962046169e+37
1.0064018390522464,11.705422193998285,0.12700045425752848,0.08867363357710605,1.946403760346413e+29,1789.274094186136,8.557478222959484e+37
1.0114037961413787,11.685446493167916,0.1278498442804813,0.08846212111880335,1.925249066913624e+29,1726.4939964051262,8.595209407991469e+37
1.0163514077068996,11.67411627368713,0.12859995412721004,0.08792718372159489,1.9043477323456336e+29,1666.5864083281954,8.633817744015902e+37
1.021246300221801,11.656354137861632,0.1294162161610843,0.08763848185918863,1.8836991010571017e+29,1609.3855487567605,8.67066102834224e+37
1.0260873542819526,11.642208642236659,0.1301876813939038,0.0872185625556974,1.863325951125554e+29,1554.7773447177992,8.707514838201743e+37
1.0308774969743484,11.625587335786221,0.13098244458911956,0.08689334329070378,1.843164257845475e+29,1502.5529663814089,8.743320256041914e+37
1.0356157048747576,11.617587865604243,0.13167508190857344,0.08625139334173938,1.823261518303425e+29,1452.636239937963,8.78013280731467e+37
1.040301855514602,11.60333577668899,0.13243337540009634,0.08584609542023353,1.8035901884865595e+29,1404.88911047615,8.815166771878147e+37
1.0449383643802037,11.58496607274376,0.1332345450484301,0.08559702842325254,1.7841671408134118e+29,1359.1995200202252,8.848829524272786e+37
1.0540613564116448,11.55282960284967,0.13477162319768715,0.08493832835755191,1.746017394035059e+29,1273.5621842872795,8.915257765794464e+37
1.0495246820179773,11.574274460309155,0.1339429362392392,0.08506757579440971,1.764964427873476e+29,1315.4481122714544,8.88339224160809e+37
1.0585496899504843,11.544722994735427,0.13544053718514826,0.0843232745810228,1.7273011616098306e+29,1233.4253395620951,8.949211365602053e+37
1.0629893295484243,11.524563950782747,0.136246494798129,0.08415346925166488,1.7088248572780343e+29,1194.9619463523834,8.98017459972194e+37
1.0673810725585517,11.515026906736976,0.13692270661660844,0.08359983389061837,1.6905702311082366e+29,1158.0752448196722,9.012740277394855e+37
1.0717257428049634,11.496046488882705,0.13770702196451157,0.08339386557170239,1.67255219423865e+29,1122.6966175940681,9.042817462268839e+37
1.076022985650538,11.4844478370189,0.13839881269243115,0.08292345549651775,1.6547447278286984e+29,1088.7403290395414,9.073874664024098e+37
1.0802747945865028,11.46742190436889,0.13915197896853854,0.0826535889133903,1.6371696650099656e+29,1056.1449368342762,9.103266799091982e+37
1.0886401955232448,11.446221300065668,0.14048927215870013,0.08166325801143956,1.6026563586915618e+29,994.7630166893712,9.163210823573475e+37
1.0927554096385843,11.42583773991518,0.1412719201346672,0.08152411980931804,1.585730564865221e+29,965.8631996949342,9.190272873093647e+37
1.084480469726908,11.457709002747889,0.13981213974828566,0.08212515270681067,1.6198251872344544e+29,1024.8505040408274,9.133689445052377e+37
1.0968261247964386,11.41456323514704,0.14193824235403316,0.08106448274117838,1.569025945099298e+29,938.085108608226,9.218823103808974e+37
1.100853191058612,11.403989784900116,0.14259146178272392,0.08058608454276206,1.55255563017308e+29,911.3835592116147,9.247044567222912e+37
1.1087782346723447,11.37672358929478,0.1439621820948868,0.07985581240384207,1.5201819871174732e+29,860.9405613850483,9.300652428421427e+37
1.1048373076213756,11.386277805707872,0.1433301285606415,0.08036204747878409,1.5362535121649239e+29,885.6707095046112,9.273166567830684e+37
1.1126758723365335,11.36329355208876,0.14463898977694148,0.07948945707357971,1.5042973087126576e+29,837.1270441888609,9.326756428401108e+37
1.1203469253075762,11.333439247168792,0.14601979717979682,0.07887346638249303,1.473135006364096e+29,792.101734850236,9.376850903041779e+37
1.116532552559554,11.344644126764038,0.1453789231833081,0.07931032616910029,1.4886312714043174e+29,814.200262849675,9.351175514793872e+37
1.1241210653193843,11.3240823854829,0.14663275730307243,0.07837875982471235,1.4578623029588552e+29,770.8184877000282,9.40252995946668e+37
1.1278541615469764,11.313541047494574,0.14725678845302065,0.07793113994450089,1.4428023157028005e+29,750.3141670956844,9.427472518857154e+37
1.1315471773857741,11.294053262982521,0.14799388440037964,0.07779491332079816,1.4279183551666625e+29,730.5351143274743,9.449790049472967e+37
1.138814139582932,11.272549079665286,0.1492284578920084,0.07693436605859123,1.3987305842089684e+29,693.060049338362,9.497343572130768e+37
1.135200781949759,11.285742565450052,0.1485810685246032,0.07727788422787024,1.4132172766406834e+29,711.4535942383243,9.474393009912498e+37
1.1423897168338424,11.255325333952692,0.1499260736570106,0.07673105697208654,1.3844091521884123e+29,675.2958543002944,9.518862233489584e+37
1.1459262889053983,11.245233883004751,0.15052516968782279,0.07628876941671688,1.3702698097700853e+29,658.1482383344867,9.541730189227942e+37
1.149424894485334,11.23460951369899,0.15112751876110908,0.0758694063908437,1.3563120295502148e+29,641.590118715082,9.564050497341706e+37
1.1528860153690594,11.21502278566419,0.15184732516254465,0.0757557013984057,1.3425149858914212e+29,625.5878912783566,9.583647017136287e+37
1.1563094939376808,11.203960582440086,0.1524486049179074,0.0753583442676166,1.328899769928073e+29,610.1306138500049,9.605011528805087e+37
1.15969709709296,11.195841007908934,0.1530061131563445,0.07486827539194704,1.3154806328565316e+29,595.1996346994373,9.626765391987704e+37
1.1630475080594271,11.184821246198961,0.15359933754242838,0.07447905576476126,1.3022141727904195e+29,580.7593223952671,9.647351056723117e+37
1.1728852072803317,11.145450707565956,0.1554457342481821,0.07354911862862502,1.263480860240928e+29,540.2467596054424,9.705075832468016e+37
1.1696406912254387,11.152539269404762,0.15491720141647433,0.0740558972644974,1.2762374108451611e+29,553.3121093808127,9.684587818819693e+37
1.1663619893540749,11.17406423541822,0.15418535658930055,0.07408844480539101,1.2891673978884532e+29,566.8179198143481,9.667616396131429e+37
1.1824094222380281,11.104926558594814,0.15727986448118203,0.07268938507347773,1.2261750242731915e+29,503.51696106451897,9.758994149378437e+37
1.1760935613155645,11.132465703047444,0.15605275554302506,0.0732413810029323,1.2508820801973206e+29,527.6039724574714,9.723561966491178e+37
1.1792690947472761,11.116048030925704,0.15670521067750873,0.07305195910742475,1.2384741830285515e+29,515.3750857896096,9.740746189884387e+37
1.185516239802738,11.094894228674082,0.15783571298368396,0.0722964827835861,1.2140484484911913e+29,492.03900122802787,9.77718729099982e+37
1.1885895281680958,11.083635224874572,0.15840562911472442,0.07194833430961625,1.2020841818057336e+29,480.92397898837083,9.794674406711685e+37
1.197614079437976,11.044397373595622,0.1601753952061029,0.07110620986234675,1.16713385723949e+29,449.6113335538269,9.843450280543414e+37
1.1916306118242928,11.07537332219623,0.1589293884997039,0.07150738599090939,1.1902708289220954e+29,470.152317641303,9.812673630728649e+37
1.2005579980347867,11.034482989419518,0.16071340075478316,0.0707308453495115,1.1557710539616922e+29,439.80193366893644,9.859925743925517e+37
1.2034701092052822,11.022844991352336,0.16127332616244844,0.07041377866425003,1.144535240006509e+29,430.2824930514419,9.875556122760794e+37
1.1946383395445723,11.054587209348089,0.1596301249071926,0.0714763785386067,1.1786319465024115e+29,459.7238274463092,9.82671775496388e+37
1.2063519333954233,11.016259472585876,0.16175615059315834,0.06994226519529138,1.1334790399872859e+29,421.0604191505798,9.892362303976756e+37
1.2092007834095062,10.999940980498746,0.16237867754805685,0.06978118475907304,1.1225175272996064e+29,412.0994920766982,9.905916436981917e+37
1.2203007533207584,10.949769189437964,0.16462009569095884,0.06869731030425597,1.0801089745925111e+29,378.82115638449307,9.96143891542535e+37
1.2120214650795351,10.993335586360434,0.1628552490039578,0.0693165008279857,1.111698644701195e+29,403.4006255231453,9.922083327863773e+37
1.214811319114493,10.974684436376167,0.16350751703408917,0.06923645335444267,1.1010271739017938e+29,394.96165695950026,9.934288441580507e+37
1.21757128669373,10.964099715088304,0.164037203316161,0.06890659904815984,1.0905076486566467e+29,386.77444764798986,9.948604279875687e+37
1.2230028371234447,10.944239998809794,0.165067962816466,0.068218137522792,1.0698697706631659e+29,371.10315086284965,9.97670469761619e+37
1.2256748006140068,10.932280405997739,0.16560957014602617,0.06793978998824557,1.0596953534613472e+29,363.58486074494334,9.989663803317468e+37
1.2283184778074776,10.922577110447264,0.16611421601606174,0.06759710302372847,1.0496794580332842e+29,356.28933339770805,1.0003027466650693e+38
1.2309343290116461,10.904263614455212,0.16674755580716277,0.06752470574677465,1.0397942907601832e+29,349.19985736232445,1.0013388569224686e+38
1.2411194851921485,10.862283066619849,0.1687770582739935,0.06630289413643604,1.001477240172802e+29,322.75587905312375,1.0061718415591852e+38
1.2360818968235152,10.884215424608822,0.16775329226848135,0.06687653107081831,1.0203810857973823e+29,335.6040689042512,1.0038431719690684e+38
1.2435984290932498,10.852539051425051,0.1692660044357098,0.06598353327192615,9.92191200232269e+28,316.5888350388329,1.007334589638046e+38
1.2335221633527524,10.894533872821087,0.16724734753299406,0.06718882359964257,1.0300144607872276e+29,342.3021162966658,1.0026151769859992e+38
1.248477203118634,10.833990132905805,0.17022099160620396,0.06532567139680125,9.739329920337877e+28,304.7383012535638,1.0096096289203592e+38
1.246051287753318,10.845444918036316,0.16971079994710375,0.06558839754104216,9.830302960470615e+28,310.59063634007305,1.0085575206138843e+38
1.2386144768767406,10.874574286974958,0.16824602894997,0.06654799953134426,1.010879394578015e+29,329.0937490670848,1.005064819345085e+38
1.250877092588325,10.822076461239645,0.17073595043597095,0.0650829123066402,9.649903842341026e+28,299.0548408904644,1.0106190182613555e+38
1.2532516901217112,10.811350393832766,0.17122977704185827,0.06480878858576879,9.56173351620982e+28,293.5257380039274,1.0116415602241945e+38
1.2556016485750678,10.794114911730718,0.17182477159740195,0.06473055593874519,9.474308893368838e+28,288.1304791835215,1.012420218046733e+38
1.2579258143787193,10.783866226971123,0.1723064254277079,0.06444701302701056,9.38811217229829e+28,282.881254981957,1.013405297506618e+38
1.260225145490027,10.773800014778272,0.17278266420445446,0.06416204059219842,9.303058118865938e+28,277.7704722799885,1.0143710386335132e+38
1.2669771888055883,10.741506628265693,0.1742306392924323,0.0633856293430816,9.053569250712665e+28,263.19455293362495,1.0170471775490434e+38
1.2647507526762405,10.75268857977828,0.17374359915294946,0.06362680717637853,9.135419342527086e+28,267.9197951928183,1.0161946065989727e+38
1.2625002186599534,10.763376516609831,0.1732622159287182,0.06388895165419949,9.218737372315472e+28,272.78166784179814,1.0153000634735911e+38
1.2691801995271796,10.731830042069756,0.17469096223974792,0.06310219795889442,8.97256132096492e+28,258.58363876825393,1.0179281484969366e+38
1.2713596002189056,10.721806884628835,0.17515452492522357,0.06283154600383122,8.892434329219509e+28,254.08538213390435,1.018773035803635e+38
1.2735156479404701,10.7114166902059,0.17562175243942213,0.06257405770939534,8.813165128661287e+28,249.69596658232626,1.0195812844485993e+38
1.275649326318542,10.70285833889053,0.17605666140834347,0.06226738857777833,8.734992887362928e+28,245.41837899620032,1.020432064146584e+38
1.2777599505320445,10.692974608505828,0.1765109577111411,0.06200175391554455,8.657642930151619e+28,241.2427993327435,1.0212127828079802e+38
1.281913431886555,10.672507518524737,0.1774243259017025,0.06150258629511828,8.506065907763569e+28,233.20416394992375,1.0226805538058323e+38
1.2798479839438914,10.684054336971858,0.1769470129819366,0.06171176759221128,8.581267568184684e+28,237.170433863761,1.022005042180708e+38
1.283957212212814,10.662941060572452,0.1778666304186564,0.06123858026711562,8.43166171848276e+28,229.3303142436034,1.0234054180253085e+38
1.2859790294758056,10.652674168517246,0.17831840802820553,0.060996760131921623,8.358012240734682e+28,225.54573421525149,1.0240828676917581e+38
1.2879789809524773,10.641841455404641,0.17877752739960112,0.060773340040066855,8.28514368861663e+28,221.84886653631605,1.024717422487727e+38
1.289957919707942,10.631257612554442,0.1792304670379742,0.06054601009771491,8.213187848731453e+28,218.24036914027755,1.0253401571714139e+38
1.2938528662432085,10.611440141624422,0.1801073759387695,0.06006528711171747,8.072317171904564e+28,211.28798629595295,1.0265721869282155e+38
1.2919159929632906,10.622139853624958,0.1796566075109382,0.06028079705651131,8.142205871723837e+28,214.719632036588,1.0259959511143088e+38
1.297665738696172,10.594370345865627,0.18092918345256043,0.05951639627266071,7.93442384634881e+28,204.64552471390888,1.0278257923288892e+38
1.2957692305693373,10.602344496716656,0.18052887954327584,0.05980504968091977,8.002956014553353e+28,207.92808938507244,1.0271874628594898e+38
1.2995410936113314,10.584106433237405,0.18136636712077225,0.05929444415200703,7.866617097690251e+28,201.43687418381236,1.0283570895109777e+38
1.3013956406807416,10.570085521135658,0.18186611170423483,0.05918015270196576,7.799586958176846e+28,198.30146101553072,1.0287254056348386e+38
1.3032321954138097,10.562788474446723,0.1822485797861146,0.05888100051349612,7.733411372649331e+28,195.23746434600278,1.0293308537082803e+38
1.3068449286580375,10.541707186246379,0.1831192678602875,0.05847367073343458,7.603579989816127e+28,189.3210403732835,1.0302353353434102e+38
1.3103807988273624,10.519822881656689,0.18399669749941114,0.05809815821063911,7.47665810083018e+28,183.66270042452226,1.0310323740361718e+38
1.3050484754048772,10.553149602773173,0.18266926614011603,0.05865232538409555,7.668293492532851e+28,192.2500918719195,1.029827455518389e+38
1.308622820905568,10.532269142719532,0.18353270953567766,0.05824246665139074,7.539673159915763e+28,186.45804201473015,1.0307020319985954e+38
1.3138422644549024,10.501780489734443,0.18479968527427232,0.05762739857197005,7.35269775591182e+28,178.2508541869114,1.0319054775145844e+38
1.312121232137019,10.512378683435273,0.18437154770058664,0.057817345082219244,7.414231587097088e+28,180.92449933452357,1.0315397689989583e+38
1.3155452238999663,10.492015720123952,0.18521142995612871,0.057416732319876394,7.291823582458514e+28,175.63387749599488,1.0322861981681832e+38
1.3172297311386938,10.482316979749786,0.18562017226558292,0.057205703845352465,7.231506696820786e+28,173.0701688756272,1.0326513941376652e+38
1.3188963101238305,10.47166406159853,0.18604409370320024,0.057022383255912974,7.171778839204483e+28,170.55901136928375,1.032961610265752e+38
1.3221756631755843,10.459774532160406,0.18671868111461967,0.05641353324657706,7.055014875148927e+28,165.7117052822134,1.033903922874918e+38
1.3205455019980104,10.463802014996487,0.18641668968272293,0.05676748630509402,7.1129580951207e+28,168.10647688172182,1.033365769280326e+38
1.3237892460877847,10.44938327040862,0.18713245927450062,0.05623141488964357,6.997377800827472e+28,163.35864666495812,1.0341741192780642e+38
1.325386543357295,10.43291708146126,0.1876539611850459,0.056216602837765306,6.940590054460511e+28,161.05887337770739,1.0341849192957153e+38
1.3269656925059958,10.431784832399174,0.18789793587872203,0.05579126715622868,6.884340556301695e+28,158.8052734914945,1.034794019010323e+38
1.3285280020945052,10.422098942367858,0.18829398900657934,0.055598232264301405,6.8287302888879955e+28,156.5984445916045,1.0350432909096595e+38
1.3316026758675645,10.40136531564447,0.18910597215271333,0.05525695938166609,6.719574140509516e+28,152.32440899140835,1.0354387271123581e+38
1.3300732392286987,10.409971452057576,0.18873261281318304,0.055474357977482895,6.773965720568893e+28,154.44230121786964,1.0351768632873813e+38
1.3360923008349321,10.372036521032506,0.19028009487860076,0.05471326967747599,6.560181767793874e+28,146.2293715538218,1.035986632638798e+38
1.333115031342724,10.390650528220856,0.18951597413723287,0.05509629016203821,6.665597203086743e+28,150.24567783129189,1.0355977093440198e+38
1.3346118211791596,10.381923470156488,0.18988824439881957,0.05488812303064652,6.612573509188447e+28,148.21655829590534,1.0358238232781668e+38
1.3375563356519127,10.360887920345068,0.19069356693005624,0.05457308206695837,6.508282226963223e+28,144.28029148133402,1.0360809716726358e+38
1.3390054490123025,10.352109492343644,0.19106204540234617,0.05437222059454811,6.456904625323285e+28,142.3684305392459,1.0362600357604763e+38
1.3404384399051656,10.340565126772766,0.19148005106131477,0.05424499245953379,6.405957331030992e+28,140.49171725761818,1.0363080801851529e+38
1.343258304096392,10.328822715602733,0.1921010090271091,0.05370477090133124,6.306232838962523e+28,136.85900524931952,1.0368368099995852e+38
1.3418559854179068,10.340040761275034,0.19169226639713768,0.05383543641538304,6.355979813304117e+28,138.66090115003576,1.0368032703640662e+38
1.3446463310474144,10.320655444031225,0.19245168906329405,0.05349670319840489,6.257004003550667e+28,135.09122024024754,1.0369858117382012e+38
1.3460191716240117,10.311479032109132,0.19281961788447158,0.05331654307517008,6.20825883486054e+28,133.35663689970906,1.037078011167671e+38
1.3473770247562855,10.30154820251603,0.19320020093127688,0.053161689089983484,6.160476191729799e+28,131.6647877513377,1.0371240811946613e+38
1.3487205230903756,10.292648695142905,0.1935600615021976,0.05298186144881525,6.11316304601206e+28,130.00414410061398,1.0372008458555225e+38
1.3500486238135865,10.279865516716633,0.1939915944078733,0.052899156219458045,6.065811748166216e+28,128.36390582086642,1.0370962941918869e+38
1.3513638053863366,10.273022064488494,0.19430993075138966,0.052669707914459976,6.019425333291307e+28,126.76362963402524,1.0372353056538909e+38
1.352663095296332,10.269620603220988,0.19456117348988,0.052356587924856174,5.9737404687503e+28,125.19851902548669,1.0375076445217318e+38
1.3539498227300992,10.261080786620328,0.19490832894146795,0.0521757334893668,5.928394760316425e+28,123.6588814544046,1.0375487229688893e+38
1.3564812555302235,10.242933414135317,0.1956187063468838,0.05184061683369171,5.838414509487257e+28,120.64990622841307,1.037545965676267e+38
1.3552217346183122,10.249990804522042,0.1953025067268305,0.05205593672376276,5.882889107302922e+28,122.13493878940203,1.0374649093217983e+38
1.3577251884389647,10.229857924027819,0.1960483575197528,0.051784632429379744,5.7949797914083755e+28,119.20476010810333,1.0373486210850166e+38
1.3601747835546618,10.209400429587108,0.19679561463223008,0.05151658565064238,5.707570419430318e+28,116.35330675794795,1.0371677540769134e+38
1.3589566975736576,10.219758695947123,0.1964200928574552,0.05164672258310586,5.751074482765491e+28,117.76654877477573,1.0372701979251003e+38
1.361379694071683,10.20879805219305,0.19698156833371228,0.05115348394890651,5.665670312502414e+28,114.98892245859064,1.037484398368901e+38
1.3625721701202693,10.200875858181648,0.19730722442276524,0.05097103843468237,5.623592080190912e+28,113.63635272113696,1.037467988020476e+38
1.363750701341677,10.189437239011507,0.19769956943791114,0.05087194952134954,5.581261763618854e+28,112.29450486653965,1.0372822358658019e+38
1.3672108519509354,10.16860165701111,0.19860729542205208,0.05026999659350409,5.459062249122869e+28,108.45301002336961,1.0372586116035795e+38
1.364916869301351,10.179942183240925,0.1980531823409122,0.050731069421058754,5.53992125827431e+28,110.98738855884632,1.0371716272450137e+38
1.3660705498634564,10.170817840002933,0.19839841024064864,0.050585988380446575,5.4993661724106285e+28,109.71046142663812,1.0370663982527934e+38
1.368339403184762,10.158841934785395,0.1989621958576314,0.05013746863054249,5.418591803064965e+28,107.20580868703802,1.0371031583596814e+38
1.3694559410994835,10.149758310736546,0.19930275350925009,0.049997244762926364,5.379322643153069e+28,105.9957174480745,1.0369674719785783e+38
1.3705596531120263,10.13942863951973,0.19966658726099565,0.0498930786723223,5.340854362565317e+28,104.81466949784375,1.0367633521065336e+38
1.3716518967894,10.129778880123002,0.20001606464902705,0.049760734932590193,5.301388481679944e+28,103.62657297677002,1.0365800349382222e+38
1.3727316924531254,10.119129241637602,0.20038418975152456,0.0496609266972728,5.2630021874422125e+28,102.47225564968456,1.036339404225931e+38
1.373799974749586,10.11004717912775,0.20072028132059402,0.049531615449614416,5.225783593763132e+28,101.35261268430901,1.0361600169233347e+38
1.3748566383003766,10.1102351326871,0.20087093175412074,0.04916992170500089,5.188105684154557e+28,100.23578300998054,1.0363956945700145e+38
1.3759010635433588,10.098536368257584,0.20125640359900993,0.04909539991138254,5.150341050401066e+28,99.12906376498776,1.0360758749531036e+38
1.3769349153780253,10.089449147453092,0.20158902857027056,0.04897111145655845,5.114230018304212e+28,98.06504718272967,1.0358670819550202e+38
1.377956735484812,10.07878261718749,0.2019521303903445,0.0488792325735112,5.077708757212878e+28,97.00428638730563,1.0355740058009325e+38
1.37896713938457,10.077846963941967,0.20211897780351448,0.04854962165279243,5.0411272799163605e+28,95.95312532959295,1.0357218056117597e+38
1.3809560779977306,10.059540589719965,0.20277884904458773,0.048314356335351714,4.971299770579848e+28,93.94456730483134,1.0352303687080099e+38
1.3799667629929915,10.06817154996735,0.20245987051897352,0.0484471135079773,5.006381697895845e+28,94.94713703930259,1.035456038417889e+38
1.3819329699330607,10.046975445943673,0.20317607795829,0.048264967410996944,4.935279338988874e+28,92.93469869561117,1.0348086722978008e+38
1.3829005388275553,10.038833380337568,0.20348323569019539,0.04812630031207914,4.901192096051908e+28,91.9703931429836,1.0345865783482168e+38
1.3838573597248007,10.030916474308475,0.20378473493293625,0.047984456628324686,4.867507946492204e+28,91.02298591520895,1.0343658968927482e+38
1.3857376190277209,10.0182581057174,0.2043194570204617,0.04761624628937135,4.799757052891453e+28,89.14875201497875,1.0340454946676998e+38
1.3848031336658382,10.030958201652265,0.20392315987382723,0.04764804091719974,4.833482716608245e+28,90.07847591863244,1.0345109222893402e+38
1.3866628409177464,10.009751890475414,0.20462962107840182,0.0474942568614053,4.767170426364151e+28,88.24850105052346,1.033770621551157e+38
1.3875774912014658,9.999727556777257,0.20496986433564635,0.047396841475420275,4.733618542078872e+28,87.33897159903854,1.033414318236215e+38
1.3884817485702508,9.999840937660084,0.2051011137073592,0.04706401489661993,4.700644957476311e+28,86.44853158172151,1.0335318220291405e+38
1.3893761853277802,9.99000505280482,0.20543530343312913,0.04698346927702827,4.6695672975364e+28,85.6009202801009,1.0331680716012315e+38
1.3902602751652255,9.979564416197961,0.20578108983144303,0.04690171267510385,4.637134022893746e+28,84.73642318589134,1.032765882096612e+38
1.3911341054245012,9.977087305513745,0.20596155432572885,0.04664488788600504,4.606021212319597e+28,83.90386970588222,1.0327366102524116e+38
1.3919998759701406,9.970789847588,0.20621989859286313,0.0464746025382715,4.574741044208444e+28,83.07523537280599,1.0325193565967122e+38
1.3928541129581034,9.958426335813508,0.2066026325247208,0.04643966043572833,4.543030250518212e+28,82.24670754887516,1.0319990802299317e+38
1.3936992869858194,9.94713961088481,0.20696256568202476,0.04639792274388919,4.513283577506606e+28,81.46072674059396,1.0315225226111197e+38
1.3945363872062047,9.940715940692638,0.20722069310855235,0.0462348683553708,4.482919724146249e+28,80.67012992196196,1.0312755366420908e+38
1.395362250130496,9.93890704686859,0.20738114871520058,0.045959454970937445,4.452162748832109e+28,79.87984838294658,1.0312424587665507e+38
1.396179857647865,9.929873254610248,0.20769144038690338,0.04585754884200008,4.422138907584972e+28,79.10912607971511,1.0308529407733614e+38
1.3977860314673218,9.916772525477937,0.20820506000796568,0.04555003085848771,4.363585093967563e+28,77.61416984382153,1.0302912252351904e+38
1.3969875294362757,9.918057154054852,0.208059168179294,0.04583713744790376,4.393934092654669e+28,78.37759617371792,1.030318523801029e+38
1.3985766307465035,9.908793933589147,0.20849056469154612,0.04543853488913616,4.335421438131224e+28,76.89551899534196,1.029931477274795e+38
1.3993577246059994,9.898734471614887,0.20881899919782307,0.045374970574004546,4.307425225910199e+28,76.18597806921102,1.029461261435114e+38
1.4001299227811432,9.888993481849075,0.20914003759794675,0.04528618036421764,4.277885560292087e+28,75.45508698086019,1.0289988656531621e+38
1.40089353053819,9.889128291329977,0.2092512465529529,0.044995755671478954,4.250740787341607e+28,74.77217634324326,1.0290171519569268e+38
1.4016479328059832,9.879113311981653,0.20957617478495405,0.0449318487974658,4.223253394512571e+28,74.0889573898704,1.0285269589731951e+38
1.4031319960683164,9.859363367484027,0.2102183342367646,0.04479418889186585,4.168396846077654e+28,72.7406982883055,1.0275398246479074e+38
1.4023941804450435,9.868912892393059,0.2099044860543969,0.04485763831627889,4.194556037326345e+28,73.3899419211003,1.028020884430526e+38
1.404581571298701,9.847747090201281,0.2106837377861273,0.044471682858023664,4.114063719158781e+28,71.42285914650844,1.0269291560739755e+38
1.403860512624495,9.857604314628697,0.21036501331496066,0.04453626804649342,4.140699816805723e+28,72.07007969807631,1.0274386967039514e+38
1.4052948263762808,9.840234122378604,0.21095166189850392,0.04436193157705841,4.088279904418888e+28,70.7953010437431,1.0265305799848126e+38
1.4059984046832994,9.837942174923013,0.21110644752609561,0.0441181635166823,4.061082115358335e+28,70.1485468938174,1.026385089961612e+38
1.4066943198616646,9.826713750536662,0.21145227577588524,0.04410280488129424,4.03655389077014e+28,69.55256225239728,1.0257860131728854e+38
1.4087360628583985,9.809409768912273,0.21213273481240622,0.04364353453323515,3.9594723648943226e+28,67.73142325786567,1.0247779771497806e+38
1.4080635608848047,9.808992722742103,0.21204048183686722,0.043921112522747295,3.983808108486769e+28,68.31060960814936,1.0248077304995151e+38
1.40940098140958,9.800502977355448,0.21242573999901784,0.043574812768948944,3.9353228906961416e+28,67.15967279373284,1.0242715461764804e+38
1.4073833541204988,9.819167950133432,0.21171842613104333,0.043991967697541066,4.010974002480063e+28,68.94278836828599,1.0253670931424882e+38
1.4100577858815364,9.78943693121074,0.21276497335900407,0.04352475258991715,3.9086599808837117e+28,66.54943692831344,1.0236485363618324e+38
1.4107062469877643,9.787444608064662,0.21290615043628072,0.04331437361481356,3.8858107151764966e+28,66.0084814265769,1.0234796213273242e+38
1.4113479992404987,9.77823758572888,0.2132035647709531,0.04323027741607117,3.8600592077969176e+28,65.42209604139673,1.0229394252065793e+38
1.4119824305472322,9.768363618849108,0.21351500969203513,0.043188694917218794,3.836915062105669e+28,64.88387353346225,1.0223593109327647e+38
1.412609025176645,9.768004288932687,0.2136176190633932,0.042928657081138445,3.8131117063938e+28,64.33846463954477,1.0222595808739192e+38
1.4132282983155577,9.758516173412794,0.21391905631009628,0.042858189587264714,3.788399495976535e+28,63.78156808881846,1.0216874779526414e+38
1.4138403383355174,9.748266351650887,0.21423672299829277,0.04283701915965567,3.7666840609701346e+28,63.278824098014354,1.0210702987316245e+38
1.4144447684659136,9.746898415437693,0.21435839130306317,0.042584592811383694,3.7418615552259275e+28,62.72761773142568,1.0209039403334055e+38
1.4150431524328226,9.739123715381487,0.214620269855157,0.042493774067208175,3.7190133315383747e+28,62.21288802025327,1.0204045565625972e+38
1.416216753218189,9.7280510134749,0.21504275900961786,0.04221337482233801,3.6735189798665497e+28,61.1976432765748,1.019618233756042e+38
1.4156329350992507,9.72781180876362,0.2149593959229989,0.04249239013873263,3.697345020267083e+28,61.72167967490026,1.0197144280479756e+38
1.4167931225344144,9.717529367083655,0.21536320883848528,0.042204512637816764,3.6529288702609636e+28,60.730948406363495,1.0189593656842387e+38
1.4173630458254178,9.708922983017,0.21564082496350473,0.04212469976810207,3.629903803948913e+28,60.22691757412635,1.0183948099140686e+38
1.4179259796456896,9.698730332651117,0.2159531836029891,0.04208172738014769,3.6072064331708645e+28,59.73161335924247,1.0177419875111119e+38
1.4184816314046806,9.697441226717832,0.21606652902849738,0.041867416225732104,3.586451465666409e+28,59.271705554187044,1.0175477042243122e+38
1.4195735437204224,9.68708943603668,0.2164639218860885,0.04159590699237693,3.544215843443342e+28,58.34877273268268,1.016741235056181e+38
1.4190312162188845,9.688495228765438,0.21634982824281887,0.04179161721862196,3.563476042569226e+28,58.77804602746975,1.0169501293254501e+38
1.4201098854327503,9.677837094578647,0.2167527311074466,0.041524566304614166,3.5212726997448704e+28,57.86166872301973,1.0161180566985291e+38
1.4206396417580782,9.668204117520556,0.217049631856115,0.04149246677083713,3.501074287806759e+28,57.42258350998662,1.0154695198934274e+38
1.4211630515853984,9.668391460132222,0.21712539271689643,0.041248945214279964,3.4808635184853594e+28,56.98604329311731,1.0153329117959723e+38
1.4216791558848456,9.657205406728576,0.21745583337116847,0.04122974428798008,3.459162807581831e+28,56.528058623877286,1.0145920891409632e+38
1.4221898013467125,9.647630587979643,0.21774983237387394,0.041206635475578984,3.440119286380887e+28,56.11600561004162,1.0139322282981216e+38
1.422693467496277,9.646093430411812,0.21786166002588878,0.040976550450894884,3.4181863299333695e+28,55.65960164298089,1.0136917751683583e+38
1.4231912337779244,9.635998456475475,0.21816620314648785,0.0409698562106052,3.3997819656707384e+28,55.26317256371693,1.0129946773442805e+38
1.4236836628805616,9.627184562648388,0.21844149435408974,0.04089926986122992,3.378431058918912e+28,54.82120805918784,1.012361879283607e+38
1.4241690925030628,9.62704404618431,0.2185191652300938,0.040673469974784014,3.3595339664404397e+28,54.42172481138026,1.0121844504666982e+38
1.4246488656055691,9.61759159557,0.21880761920009528,0.040638802547267656,3.3402238717724983e+28,54.017868108004706,1.0115084990938238e+38
1.4251227552295198,9.608316132678512,0.21909170041344375,0.04058018385744834,3.319353047399905e+28,53.59115551009618,1.010837349688772e+38
1.4260519219553838,9.597314952719781,0.2194858496409342,0.040343955395909854,3.2811813028543944e+28,52.802512059013495,1.0098845612267144e+38
1.4255897173142342,9.606011029085362,0.2192160804799372,0.04041245141310443,3.301669648997386e+28,53.218409909319384,1.0105328962137171e+38
1.426508540797352,9.589131589937962,0.21974349770243598,0.04029075313775918,3.262907745918813e+28,52.424459498734414,1.0092596776624391e+38
1.4269582841644546,9.587648567500244,0.2198467782243686,0.040093071803021595,3.244388718870589e+28,52.04482407680079,1.0089889224973612e+38
1.4274029603758305,9.57829552685055,0.22013003152036606,0.04005232646135085,3.225313448309393e+28,51.658288032887675,1.0082926777782845e+38
1.4278415424324036,9.577588934365885,0.22021391361753898,0.03985491265515251,3.208232588121279e+28,51.30584284474142,1.0080572187226528e+38
1.4282754708941587,9.569554731796003,0.2204657764553006,0.039777631829571544,3.1886040572502215e+28,50.91453168899722,1.007425192484129e+38
1.4287024349280193,9.557062381855497,0.22081994597899082,0.03983336235693548,3.1722842006284146e+28,50.57829806443921,1.006545965685771e+38
1.4291240966740895,9.555919842920304,0.22091152772038974,0.039610585332318426,3.1526573248294707e+28,50.19126086510428,1.0062768519179755e+38
1.4295404630449922,9.545025527541865,0.22122810207019022,0.0396284980891208,3.1361447635778306e+28,49.855707807100664,1.0054763938059683e+38
1.4299534514686785,9.539336116658236,0.2214239960247258,0.03952277228303703,3.118467153933805e+28,49.50313690823395,1.0049574024467741e+38
1.4303583704400111,9.53733360767187,0.2215332010287177,0.039346179273492335,3.101276258131611e+28,49.16060207354977,1.0046313190514002e+38
1.4311546792625343,9.528080352935525,0.22187179607374924,0.039081708799782365,3.0655162090476637e+28,48.45870346344525,1.0036880209243518e+38
1.4307594062845788,9.528349375220758,0.22180425436361595,0.039308787631387954,3.083763272929393e+28,48.81452082509935,1.003924417248522e+38
1.4315447022520011,9.518054033620032,0.22216604477873772,0.03908903169195657,3.0499924148406823e+28,48.14766569985663,1.0029165146838159e+38
1.4319291200951603,9.516376818624835,0.2222648700214212,0.03889408407829522,3.032108361046668e+28,47.801129655832824,1.0025967307027839e+38
1.4323092172841334,9.506975745506923,0.22254371622782057,0.03888355844806377,3.0163445582354456e+28,47.48955102481388,1.001852876182721e+38
1.4326842095149381,9.497238456120215,0.222830208736109,0.038844218468496616,2.9978929251396546e+28,47.13730984586812,1.0010865771890687e+38
1.4330536626766748,9.496727366024025,0.22289966628938448,0.038669169708535935,2.983580199356498e+28,46.851823298080504,1.0008224509016943e+38
1.4334191698003929,9.48792080280896,0.22316346321044617,0.03861362145639315,2.965505996530801e+28,46.50865854103194,1.000101496362258e+38
1.4341335660067758,9.477456759713816,0.22352120196215094,0.038407916337730864,2.9334779124574656e+28,45.89188188608018,9.99040192850502e+37
1.433778607825186,9.487573090801789,0.2232276035347745,0.038431234595225565,2.9509579897280092e+28,46.22251720039815,9.998407066188237e+37
1.4344833652231281,9.466504612117983,0.22383438395168115,0.038440871106765924,2.9190698818698723e+28,45.61082815847391,9.981890645064754e+37
1.4348287724829518,9.466540973980086,0.22388742074686863,0.03821151392916085,2.901709000910039e+28,45.285015402526874,9.979425793289025e+37
1.4351694126247718,9.457088559282438,0.2241644033584708,0.03820576959467025,2.8868169674405178e+28,44.99916425397015,9.971685870903983e+37
1.435505582448917,9.457599942838742,0.22420478729089444,0.03799487460592939,2.8716580884215377e+28,44.71048168646096,9.969437303435035e+37
1.435836850855052,9.447286086691655,0.22450135340481614,0.037984634813581886,2.855264251661414e+28,44.40397801239433,9.961161022412391e+37
1.436162984230877,9.436729555974344,0.2248035448863644,0.03800410489749895,2.8408026870016987e+28,44.12893768172275,9.952703322460033e+37
1.4364846638763606,9.436036527300312,0.22487041198471897,0.03781119845925844,2.8253452635401807e+28,43.83970327974333,9.949705801360626e+37
1.436802784201595,9.42729820287356,0.2251286936297741,0.03779826507426312,2.8113253443076336e+28,43.573891840226935,9.942218180524567e+37
1.4371159435178302,9.428539451053261,0.2251481175078333,0.037547570881624255,2.794518416525354e+28,43.26622317806512,9.940258420624296e+37
1.4374242511968085,9.417352636063013,0.2254639284684205,0.03760034493977646,2.781883967216206e+28,43.02443945244061,9.931337772682418e+37
1.43772768436272,9.41568351018678,0.2255514994021989,0.03741246023024718,2.7655310958600293e+28,42.72641127405933,9.927696598493925e+37
1.4383235557852874,9.398323252042374,0.22606178364893484,0.03736119530575972,2.7363753612108944e+28,42.18846787076787,9.912524993699129e+37
1.4380281932336094,9.408189587538546,0.22577833990152013,0.03738654265445793,2.752634981722298e+28,42.48275462337231,9.920796443470171e+37
1.4386140608355744,9.396315206959269,0.2261557628470322,0.03723122818164053,2.7239445697667953e+28,41.95442852745924,9.908627197409925e+37
1.438900673665715,9.386058162444904,0.22644801080137314,0.03720952617191355,2.707530529734462e+28,41.66010214714899,9.900076737581242e+37
1.439183868397724,9.387815700275128,0.2264501760147327,0.03700960698053989,2.695505768666793e+28,41.43428998342712,9.898269248477064e+37
1.4394614526758596,9.375632139243338,0.22678817985816183,0.03703035865744794,2.6795615124113314e+28,41.14950183401774,9.888573157822067e+37
1.4400063174628186,9.367233439881876,0.22707743986105589,0.036817457271590984,2.652244305484275e+28,40.65299872135848,9.878131504843822e+37
1.4397365182640194,9.368492807633153,0.22700437533046033,0.03699706405873893,2.6669748323617747e+28,40.91710161928412,9.881711684623053e+37
1.4402717007488883,9.364868298208227,0.22717664872344315,0.03669762652737866,2.6402762207724884e+28,40.432283937565785,9.873901192151042e+37
1.4405344176405166,9.357906872867726,0.2273871169711762,0.03662948915466962,2.6255934103754796e+28,40.17078571269642,9.86707130764776e+37
1.440791463824053,9.354449045335892,0.2275117590526915,0.036524327161526135,2.6132220254083e+28,39.94585523341975,9.862177504764209e+37
1.4410467503052402,9.348327378430112,0.22770108109705486,0.03644825084010324,2.5992573065064007e+28,39.69720858103103,9.855785896082539e+37
1.44129622502548,9.336544272218571,0.2280279187800785,0.03650703437262939,2.5870830852878973e+28,39.47709424367467,9.846128902014165e+37
1.4415425945740759,9.336451851662154,0.2280691545923527,0.036296070169940235,2.5720057345800467e+28,39.21349785427443,9.8431013197514e+37
1.4417848566341454,9.326805055894567,0.22834341688508256,0.03632584893465963,2.560844966678814e+28,39.010546659610924,9.83461660433494e+37
1.4420229993492604,9.325676507255421,0.22840877044909222,0.036135942597419965,2.5459163900096303e+28,38.75111907980673,9.830955096479175e+37
1.44225802925304,9.316452621145764,0.22867217413701424,0.036163969146086494,2.535315466626953e+28,38.55833093610601,9.822671122670632e+37
1.4424887300882594,9.315564399007275,0.22873055906445827,0.035968793795650406,2.5204306590166286e+28,38.301312598724685,9.819112683846744e+37
1.4427170814581085,9.308453511548626,0.2289415268306872,0.035938105781465626,2.5086834838383804e+28,38.09263798691701,9.812004051756987e+37
1.4429403550384015,9.297894645114123,0.22923698821145325,0.03596402793161124,2.496286614022395e+28,37.87508338231126,9.802878384655745e+37
1.4433758051581966,9.285758971357966,0.22960585036162448,0.035827130566710295,2.470597949462061e+28,37.42880994729288,9.789700014407887e+37
1.4431594799763292,9.295641106171203,0.22932738242332826,0.03584884128786385,2.4852774484090313e+28,37.679427364457624,9.798480022804281e+37
1.4435892605019578,9.287661622647013,0.2295927623561712,0.03563838458854711,2.460101066722583e+28,37.24223914617167,9.787675501374809e+37
1.443797714073275,9.276510509605952,0.2299019442881952,0.03565311053655115,2.4463784792295204e+28,37.00777252273641,9.778115702138585e+37
1.444004265227779,9.27851589649559,0.22988513794948234,0.035455523946510574,2.4354516132584806e+28,36.81613324303435,9.776123679600906e+37
1.4444035568974496,9.264897603594079,0.23028670222097408,0.03537797637347555,2.412343365297193e+28,36.41643478374684,9.761901988342905e+37
1.4442056278715398,9.267215902199947,0.2301975447281863,0.03548424868478868,2.4226185424425664e+28,36.59661518200785,9.766436363080614e+37
1.4445989731970057,9.255620236625752,0.23054871718423559,0.03535659750423641,2.3988390869973453e+28,36.18808945517768,9.753350028232021e+37
1.4447907610909625,9.255609488234345,0.23057959306830658,0.03521423771538379,2.389166529801329e+28,36.01825683698968,9.750126448019008e+37
1.444979021572708,9.245421168728823,0.23086376673031792,0.03521127898664187,2.3758461672682293e+28,35.794117139295636,9.741004610124431e+37
1.4451646044135658,9.246573054002402,0.23086465384900517,0.03504914700077038,2.36638005552905e+28,35.62861690871452,9.7384328092744e+37
1.4453461936565986,9.236476538099167,0.23114605562877974,0.035037455028859965,2.352703657608173e+28,35.40045630223133,9.729327153000773e+37
1.4455250450724288,9.237162462701315,0.23115749197348312,0.034890978422500836,2.3437380767404434e+28,35.24374255920767,9.726457157248467e+37
1.445871443640433,9.2256032444068,0.23150258357932083,0.03475786797593425,2.320224528881089e+28,34.84838527662001,9.713158119427195e+37
1.4457000431673832,9.226816970239847,0.23144469116194694,0.03488475462306018,2.3302269375220263e+28,35.01936736508373,9.717170067150212e+37
1.4460398763226667,9.214800828097767,0.2318009715286079,0.03480393463453881,2.3097295198186093e+28,34.67055756939701,9.703564414541826e+37
1.4462060185502614,9.216345015441453,0.23178876178547375,0.03460362192991769,2.29836075314762e+28,34.480092471647474,9.701145925377755e+37
1.446368407772088,9.206059044022112,0.23207379621573454,0.0346296908370336,2.2872856821580553e+28,34.29468539687378,9.69182230913156e+37
1.4465278367669367,9.206162964253206,0.23209675707265226,0.03445964902110941,2.2761829128982643e+28,34.10941167501358,9.688535182143004e+37
1.4466842327889018,9.196883850303475,0.23235604823366618,0.03447201379579587,2.2655475447751407e+28,33.93168975839746,9.679767128366197e+37
1.4468369020228469,9.19539052347571,0.2324183073596369,0.034325526292773696,2.25408927776496e+28,33.74226839730748,9.67551571733895e+37
1.4469872555864036,9.186156018766061,0.23267612584671193,0.034364439104070756,2.245336122779529e+28,33.593780534404694,9.666740792719056e+37
1.4471342894817316,9.18608923626467,0.23270146067353817,0.03418224836040275,2.23335078915574e+28,33.397489302245674,9.663304406602429e+37
1.4474198110327527,9.166910571021079,0.23323431827909163,0.03421551007074079,2.2122846639678934e+28,33.04985005985055,9.645251507026644e+37
1.4472778928583552,9.174446424804453,0.23301989091294723,0.034259547587650305,2.2242519777956714e+28,33.24492760161562,9.653077121252282e+37
1.4475584921205267,9.167970461723566,0.23322969873489657,0.034060430430951784,2.203531057951152e+28,32.90331206067123,9.642452235508593e+37
1.4476937673282737,9.157526476163929,0.23351751310267407,0.03407219853282828,2.1917655162432536e+28,32.71234020121578,9.632881109281904e+37
1.4478255706410463,9.156145136193915,0.23357400616694196,0.033968419556492664,2.183442196441575e+28,32.573283090439524,9.62861149026902e+37
1.4479552811855627,9.156376846815604,0.23358902070147305,0.03378305795430046,2.1718021970130955e+28,32.38512438828466,9.625288980091768e+37
1.4482052116748456,9.144566981900992,0.23393106385060244,0.03371633498235363,2.153570552741762e+28,32.08555985561783,9.611381995803674e+37
1.4480818075783992,9.146050949149899,0.23387317757120787,0.033835224632441305,2.1629185389275744e+28,32.23856656664036,9.615743229996257e+37
1.448326903608868,9.135828350630451,0.23417450023626052,0.03370378372279592,2.1425024761657404e+28,31.907251087685914,9.602751031959002e+37
1.4484452756251216,9.135835849309256,0.2341934471342,0.03356616051098461,2.133762717661723e+28,31.764111545227294,9.599255561872807e+37
1.4485614061354748,9.127112955963536,0.23443606330522623,0.0335609445855073,2.1232655807865683e+28,31.595178738791,9.590606734136258e+37
1.4486739159993867,9.125925581934231,0.2344847768118855,0.03345122316680732,2.114947712095814e+28,31.459185902899787,9.58638112951455e+37
1.4487849182566455,9.117885801974564,0.2347095187811412,0.03342449222718898,2.1039653261595808e+28,31.283839145551717,9.57811341553754e+37
1.4488923161860685,9.117207154657258,0.23474438982147727,0.03330814957122827,2.0958617738389493e+28,31.151799435035517,9.57417286544104e+37
1.4489969945850347,9.106672909437377,0.23503291224730163,0.03331434155894554,2.084169045573418e+28,30.96681685896343,9.564388866611227e+37
1.4491986180826104,9.095209833153726,0.23536187946127327,0.03324410920234396,2.0667185263254596e+28,30.686179709339203,9.550469632555733e+37
1.4490987476210409,9.104783613086443,0.2350981911246392,0.033216915773802584,2.075919297145729e+28,30.833413566464127,9.559708241038e+37
1.4492958826403106,9.095361084832518,0.23537376180975897,0.03308650695639128,2.0570917526148055e+28,30.532995848537247,9.546991587592988e+37
1.4493907927324579,9.086884117967665,0.2356087654492846,0.03309293731565476,2.047921390996674e+28,30.386930976640894,9.538382292741896e+37
1.449482989281555,9.086547761711493,0.23563247472497073,0.03295280231744614,2.0388718929884975e+28,30.24303498010345,9.534598443066945e+37
1.4495718510127502,9.074960613776682,0.23594780053889003,0.03304222224368915,2.031402625416607e+28,30.1230069831089,9.52410017905806e+37
1.4496593700882419,9.075897863693713,0.23593767874751906,0.03284174419336592,2.020120289915449e+28,29.94666354761439,9.521063973900632e+37
1.4497434570847543,9.064614556931364,0.23624506801903264,0.03292585524628915,2.012735891979114e+28,29.828543792970724,9.51072225858472e+37
1.4498254694317494,9.064232544574192,0.23626838957997928,0.0327848517227606,2.0036941749029553e+28,29.686148739844676,9.506877086636882e+37
1.449906336284245,9.05707162513789,0.23646838251826985,0.03278485889999222,1.995792321396748e+28,29.560832195994436,9.498994974761199e+37
1.4499832511048674,9.056037013246284,0.2365079436164495,0.032639300958638526,1.985796817976992e+28,29.404982800312474,9.494740868499038e+37
1.4500583032521392,9.045995105748775,0.23678274513991815,0.03267552187958324,1.9770028353153073e+28,29.26718935426137,9.485101344393252e+37
1.450201258378891,9.03619444015773,0.23706292867334566,0.032559469795869045,1.9593326644641593e+28,28.991309895876135,9.471940068166461e+37
1.4501307346622334,9.045259316335224,0.23681383472864223,0.032572073818421,1.9699424458894166e+28,29.155386251551413,9.481015677693199e+37
1.450269412339017,9.036703536771045,0.23706071379918212,0.0324434275647139,1.9528996220140345e+28,28.889334154492882,9.468591719807676e+37
1.450334697514007,9.035507881853821,0.23710275659255123,0.032292927793848694,1.9425548223477998e+28,28.729835977487078,9.464206022228099e+37
1.450398557409426,9.026797442988904,0.2373419996827402,0.032339213521013925,1.935980404299717e+28,28.626299396941363,9.455321160246816e+37
1.45051761123452,9.014424093620896,0.23768728789235552,0.03225139964651415,1.9175271182922247e+28,28.34180671022542,9.440519311460801e+37
1.4504590890250237,9.02537121565668,0.2373894123772999,0.03221159198155584,1.9268174664759035e+28,28.484867470632615,9.450780799119676e+37
1.4505754359775331,9.017038721363589,0.23762783947531108,0.03208208985560515,1.9102285926330999e+28,28.22830458219484,9.438418952663842e+37
1.4506290301151354,9.004879146147367,0.23795750736445412,0.03214574753240135,1.9011482739320594e+28,28.088931274821928,9.42740116010534e+37
1.4506816828260616,9.005991755018368,0.23793674581560356,0.03202481939223116,1.8951667646750453e+28,27.995475103900525,9.424377280753271e+37
1.4507316734741498,8.99581451560373,0.23821413951756057,0.03203607283357427,1.8851449560702881e+28,27.842634936530228,9.414541308854702e+37
1.4507792471720284,8.995077609138745,0.2382414671788832,0.031927827648048974,1.8780059398061962e+28,27.732647819017462,9.410382200615044e+37
1.450869056923146,8.985106104328848,0.2385206277432129,0.03182267530122505,1.8614687722433147e+28,27.47993557442976,9.39693560127547e+37
1.450825857891423,8.986585557508366,0.2384742596304474,0.03193517812416123,1.8695880658032212e+28,27.603905888157772,9.401555537680317e+37
1.4509112447261467,8.986299220739427,0.2384958939031463,0.031696823942100626,1.855338436576205e+28,27.38545473557886,9.393936707615998e+37
1.450950397313814,8.975587604729128,0.23878696233315574,0.031720889632862556,1.8457072869760216e+28,27.239620064027505,9.38373246191187e+37
1.4510226861762232,8.973695855694732,0.2388492004128419,0.03152467894607624,1.8323583830097214e+28,27.03587653752574,9.375102687242333e+37
1.4509880558567525,8.976018872956079,0.23878168667775757,0.03161487355099097,1.8399806325904773e+28,27.15158031643084,9.38025932250909e+37
1.4510564951518425,8.96491956992068,0.2390885945680304,0.031521159087962033,1.8232120564375907e+28,26.89779158877226,9.366055851939407e+37
1.4510879353034338,8.96454947111274,0.23910364583551771,0.03142811753427003,1.817455253163648e+28,26.809957053740916,9.36208146624786e+37
1.4511459193938674,8.947310330089596,0.2395739091650691,0.03146421403853393,1.8021146150503387e+28,26.57835095447573,9.344138837318011e+37
1.4511179760726252,8.955937032138827,0.23933853358635007,0.0314121726911542,1.807824013764785e+28,26.66512281337844,9.35312155460513e+37
1.4511707418751465,8.94558826388545,0.2396241270309074,0.031335741596443485,1.7930298523861365e+28,26.442103424474993,9.3393228705555e+37
1.451194786076744,8.946667211203895,0.23959919872953533,0.031217893148805437,1.787364068922629e+28,26.35636564935459,9.336216536278145e+37
1.4512358162627876,8.935149625458687,0.23991482987866097,0.031130932978170024,1.7709418501110742e+28,26.11051320324237,9.321675163131004e+37
1.4512163855567441,8.936322855384361,0.2398801201788935,0.03125313562725703,1.7790611165884011e+28,26.231978568952364,9.326166398283596e+37
1.4512535416018828,8.924762977279592,0.24019697672122464,0.03121828116816547,1.7656127651842852e+28,26.030352230216888,9.311579067558487e+37
1.451269101736389,8.92401550840684,0.2402196710141727,0.03108903956439995,1.7575670601556116e+28,25.910345685765368,9.307337729146262e+37
1.4512957844429593,8.914337511114532,0.24048489087489786,0.03102667211186935,1.7445506346636255e+28,25.716091239785204,9.29387497264745e+37
1.451284015291102,8.915502586123333,0.240451514451136,0.031114438612304497,1.750629080426716e+28,25.806738830239087,9.298379241490406e+37
1.451306909026832,8.906221972269606,0.24070587088416404,0.0310117628694747,1.735789458847619e+28,25.58596377016807,9.285143346166773e+37
1.4513157693554708,8.906114965011515,0.2407102325165306,0.030920938940650698,1.7306018959485572e+28,25.508719144525262,9.281287840835799e+37
1.4513276487755509,8.89592285015497,0.24098798828351703,0.030835473819874167,1.715966016437936e+28,25.291954139153084,9.267466867458721e+37
1.4513224277972168,8.905574277650897,0.24072595125742063,0.03076852267724654,1.7215487014061858e+28,25.374694818768535,9.277156892644007e+37
1.4513309636510479,8.89560301534443,0.24099720327146876,0.03071776288533816,1.7091082395138034e+28,25.19058836057328,9.263467952680112e+37
1.4513330672427245,8.887052440088175,0.24122942560066787,0.03073307585572683,1.7017578370519211e+28,25.08206882488339,9.254442787847798e+37
1.4513320334925102,8.885146007164956,0.24128101290462406,0.030664774204076182,1.6961553738675801e+28,24.999583613633064,9.249455958546734e+37
1.4513298818632983,8.88379641438065,0.24131730964609427,0.030554895706943575,1.6887945172625885e+28,24.891276675604544,9.244814648176646e+37
1.4513263909440217,8.874247168738643,0.24157640111107725,0.030580080848882998,1.6811220710829154e+28,24.778489881388857,9.235156424740185e+37
1.4513214532511516,8.87465538769069,0.24156446715847066,0.030484998826723782,1.6762804871837096e+28,24.707548829505736,9.231594332915928e+37
1.4513150640456982,8.866011210447125,0.24179892302428274,0.03047852551925951,1.6677784228767536e+28,24.582773692253063,9.222485911937181e+37
1.4513066427006291,8.86655581831363,0.24178266811273913,0.03038519977025226,1.6631823808568692e+28,24.51574006742541,9.219000528662049e+37
1.451296359952699,8.856110509008598,0.24206612276447442,0.030409743554820404,1.654744364879524e+28,24.392225623899645,9.208768695197639e+37
1.45128449725002,8.856112773813889,0.24206408224437947,0.030307061250979216,1.6491590222229456e+28,24.310886859973433,9.20494521342021e+37
1.45127045312071,8.85467806526748,0.24210096063731026,0.030232637821573843,1.6437771468124712e+28,24.232723048205834,9.200228507803371e+37
1.4512550840192504,8.843884740544134,0.24239386043002337,0.030268211068181283,1.6357056005184538e+28,24.115008400256006,9.189764644084023e+37
1.4512203793938723,8.844417428643824,0.2423734652110876,0.03004732173603777,1.6242577333229097e+28,23.949097288602662,9.182428937787507e+37
1.4512386196847127,8.844446082534702,0.2423757263448335,0.03015321230970328,1.630008227645743e+28,24.032375918880135,9.186281477010994e+37
1.4512013706056155,8.83656338715491,0.2425857120512561,0.030053092346680337,1.6173692010193978e+28,23.849090246092032,9.173776503675798e+37
1.4511800115913809,8.836451397291652,0.2425852160307602,0.0299544068382834,1.611956087459155e+28,23.771019879010222,9.169869074781578e+37
1.4511320493672617,8.824832159459588,0.24289658835696948,0.029904763194719207,1.5987319572800844e+28,23.579904085253375,9.155030652498658e+37
1.4511059492054132,8.824409417997973,0.24290385557757338,0.029819285914585308,1.5937804810482862e+28,23.508988218343216,9.150924732376433e+37
1.451156183886664,8.824100121990774,0.2429207788585925,0.030028625524951516,1.6046880079791299e+28,23.66578259198795,9.158415624726052e+37
1.4510783143186021,8.813788947385744,0.24319191928618003,0.0298512338852664,1.585910003223071e+28,23.39512268540899,9.140534600853547e+37
1.4510504518193603,8.816085663283229,0.2431238959577287,0.029733526413576645,1.581715768821178e+28,23.335490191197025,9.138119329324832e+37
1.4510193252254198,8.804835491599555,0.24342931987077276,0.029787513291466585,1.5745030157811384e+28,23.23157005478264,9.127324007966818e+37
1.4509874180387654,8.80428818682086,0.24343909905167158,0.029673757278420684,1.568002698170516e+28,23.138202660161692,9.123138933223952e+37
1.450954381022008,8.804973229856044,0.24341461669706327,0.029587493507285324,1.5640527364199052e+28,23.082542794434655,9.119715174970742e+37
1.4509195343648305,8.795042288783367,0.24368361630292457,0.02960355753793829,1.5560967002515793e+28,22.967884221739254,9.109732972966627e+37
1.450883579551602,8.795274645695907,0.2436711400834235,0.029509756886038536,1.5513710270238985e+28,22.900970968659777,9.106028255257298e+37
1.4508071176040842,8.785667661717406,0.24392473491669026,0.029431115895947053,1.538805044757783e+28,22.721461424340905,9.092387487159693e+37
1.4507666919415092,8.77527395579879,0.24420684208619134,0.029524145693210397,1.534559651927798e+28,22.661932540323075,9.082100553128837e+37
1.4508461104606254,8.785587534764806,0.2439335155198682,0.029559573867827656,1.5454509901516485e+28,22.81652682277678,9.096190334866085e+37
1.4507244769296233,8.774295932848199,0.2442269556678201,0.029421090058902793,1.5283512132922778e+28,22.573532195439135,9.07763604698143e+37
1.4506824377807872,8.766620484499748,0.24443370053397157,0.029439181051162115,1.5226138343244904e+28,22.492050604636976,9.069039472428153e+37
1.4506374581678054,8.765251658582521,0.24446429248043797,0.02936966581076196,1.5178329278493127e+28,22.424903355310473,9.064330621262072e+37
1.4505915058436605,8.765139524270335,0.24445967588904186,0.029226598430277875,1.510342550584243e+28,22.317772965375973,9.06040391119561e+37
1.4505453690227919,8.75738203637443,0.24466844176668784,0.02928386107317183,1.5066169014768758e+28,22.266261152319608,9.051750617846337e+37
1.4504456765845097,8.753890078604107,0.24474921870323568,0.02909309397115366,1.4938203508708723e+28,22.084729290279597,9.041851489824311e+37
1.4504956379467013,8.754531663764695,0.24473971189391874,0.029224884559935417,1.5011372807879761e+28,22.189081383178983,9.046108930824909e+37
1.4503949239700962,8.744703787816839,0.24499775415437733,0.029158769605146354,1.489353282715984e+28,22.022540577121074,9.03229457638496e+37
1.4503428741133377,8.745271146504209,0.24497306808142277,0.02903938379866986,1.4837366020668563e+28,21.94342580636607,9.028794588281714e+37
1.4502890282772383,8.744829389983199,0.2449763478188756,0.028924985188676672,1.4775182945065093e+28,21.85551815927088,9.024658541208958e+37
1.4502340996106995,8.734921867113124,0.2452449216663597,0.02901430254873409,1.473704045681704e+28,21.803226212042947,9.01464454823863e+37
1.450178279813352,8.735341999663753,0.2452236873640778,0.02887558145927112,1.4670108290184814e+28,21.708378571389932,9.01105235699212e+37
1.4500623122921263,8.725572135154925,0.24547862792115793,0.02886140301847027,1.4581091078354469e+28,21.58528287209659,8.997261005146725e+37
1.4501202909656525,8.723907587511702,0.2455352829626912,0.028953648313074388,1.461374733824283e+28,21.629301505609604,9.000072433359472e+37
1.450002909422223,8.716289716148186,0.24572998364060347,0.028870385707210146,1.4508211860102192e+28,21.481795025412623,8.9876286607305e+37
1.4499407408492422,8.713795347115717,0.24578978648286445,0.02881137418450077,1.4457851821614215e+28,21.411818444260536,8.98220336186974e+37
1.4498781167166934,8.71306424803029,0.24579979355139728,0.028747414704596075,1.441970559333478e+28,21.359936934183832,8.97788666936198e+37
1.4498159210321844,8.705887570778849,0.2459918652032346,0.028732831334723687,1.4353133104919528e+28,21.265883823325957,8.969572425196306e+37
1.4497503097097484,8.703647053294723,0.24604405391502365,0.02867353621254307,1.43050911872304e+28,21.19950045052329,8.964306412070018e+37
1.449685192892437,8.705660377338553,0.24597610353800134,0.028556206116594034,1.426304092088971e+28,21.141931467132228,8.96171404401303e+37
1.4496185729056326,8.696276935184352,0.24623020028215625,0.02858894021064209,1.4202600832828123e+28,21.05717980961198,8.95201029757858e+37
1.4495504545799411,8.69608202394553,0.2462241484645143,0.02852315623159877,1.4168332343327693e+28,21.011308570036856,8.948033519397472e+37
1.449410140198097,8.6847442387665,0.2465217246267393,0.028471649850807478,1.4050792408501201e+28,20.847087456203273,8.93323612630715e+37
1.4493382127376588,8.683476293628187,0.24654548576379362,0.028407005865057663,1.4008659945872577e+28,20.78973371632333,8.928585340504124e+37
1.4494808512041646,8.695347559213275,0.24623312213618584,0.028418093936257105,1.411018446803382e+28,20.93010116160432,8.94371440033148e+37
1.4492664153853312,8.685814613896575,0.2464669028212471,0.028290436883887948,1.3969969251763375e+28,20.73745024202019,8.92620105085104e+37
1.4491923466998702,8.674923147760637,0.24676373268891033,0.028335227886465295,1.3904581024381958e+28,20.645661177453206,8.915540440058668e+37
1.4491180424192796,8.675875923251954,0.24672398245713184,0.0282579556304149,1.3874278826362831e+28,20.605950261797684,8.912290579216399e+37
1.4490421164726568,8.66608791303241,0.24698970602454265,0.02828161587274122,1.3807742797254487e+28,20.51250472669275,8.902317959007293e+37
