0.2974000804716907,14.675282261138564,0.02993474436729857,0.04372861996294741,2.973042410819728e+29,1212821.0992707028,1.989340430777501e+37
0.3265891601012302,14.311157262789827,0.033709161278865744,0.05228074958269259,3.1348631995372363e+29,800775.5640240889,2.2630868296903415e+37
0.2169227839706905,16.654188176049242,0.019239892326699523,0.01928814998372851,2.4683738053574207e+29,4877374.789936642,1.28959185527278e+37
0.26613376115590226,15.212861769384148,0.02584103996951388,0.03417395708061158,2.7813323198124044e+29,1977215.7969209636,1.7062755841133204e+37
0.28201482393404165,14.912616707185858,0.02793437873471857,0.03910236218181702,2.8805491432243953e+29,1532557.0485282214,1.848546873000404e+37
0.3122566980190311,14.475445570311088,0.03186403404637317,0.04816834349944408,3.0579081182261398e+29,977612.3178292833,2.1276794316175836e+37
0.23341373355274664,16.052520640352437,0.02147850768761084,0.02415474095159418,2.5717075896038334e+29,3522821.2489884365,1.4246477891444766e+37
0.24987894223472368,15.584456275126845,0.023684211967164137,0.029157469534821196,2.6773868244126816e+29,2608338.040500281,1.564273662444409e+37
0.3404177213999513,14.174429403231793,0.035475417102183375,0.0560608281028777,3.203984837160208e+29,665167.0041046033,2.3952995987967463e+37
0.36668451600941926,13.946594088437926,0.038836970530633626,0.06299260864961373,3.3199643203777694e+29,475304.1509467547,2.6497417233940027e+37
0.35377116346425785,14.05297282541851,0.03718563127580285,0.05965020925915012,3.265547618934511e+29,559300.1289096494,2.524168187596049e+37
0.3913397872333679,13.773163793276469,0.041970218241352567,0.06886224094228263,3.40920196463477e+29,352519.99474664766,2.891538377396185e+37
0.37919452067415516,13.853191496252265,0.04043273791976975,0.06608138519786187,3.367684077069873e+29,407682.5522906608,2.7721297650655797e+37
0.4146858966576553,13.633855683069527,0.04492845744741378,0.07386104013907,3.475456839557374e+29,268977.91343391174,3.122148574063985e+37
0.42595852637537673,13.562059013339184,0.04639408579500161,0.07639542016999754,3.5010514271662916e+29,236953.4074633413,3.2336759633060284e+37
0.40315797526691416,13.703092261734863,0.04345878784816462,0.07138224953347097,3.444975649289287e+29,306980.5974613761,3.008164456481296e+37
0.43700967264978957,13.503250046295477,0.047805038803320085,0.07854388406461554,3.52214263839134e+29,209726.2248349906,3.34321373324374e+37
0.45857171285039927,13.404253407299649,0.050534220060758195,0.08218154924391353,3.55214339452603e+29,166247.5404496565,3.5571000802428823e+37
0.4478709001478752,13.455713787442471,0.04916624489367135,0.08032559071389125,3.539082195850997e+29,186392.08607204,3.451019359291532e+37
0.4691402685571745,13.34948656958482,0.05191096288170348,0.08410492802851804,3.561617483804144e+29,148742.39212096855,3.6616844591678515e+37
0.47960382732911705,13.302222270488368,0.053257328200729356,0.08575743925592634,3.567761569852371e+29,133439.2738364567,3.7652138001623468e+37
0.4899867960937651,13.263819911800347,0.05456783151469139,0.08707965751538335,3.5707776915783506e+29,119989.14958583901,3.8679563940578384e+37
0.5003055620899879,13.22230677204146,0.05589192109515334,0.08845739011106968,3.570863787647624e+29,108117.9185405397,3.9698138188816023e+37
0.5105603402058663,13.1801567108768,0.05721994518372455,0.0898136573784363,3.5681924451816375e+29,97614.41049672499,4.0708191411501183e+37
0.5207492912514243,13.142622524420792,0.05852852618674184,0.09097041428000359,3.5629798172337754e+29,88302.08783669176,4.1710771452719806e+37
0.5308695138944955,13.102259224498358,0.05984977658564732,0.09218323579644642,3.555379006703626e+29,80029.11636925493,4.27036217122112e+37
0.5409185303707421,13.061163121418103,0.06117457223328172,0.09338433885880372,3.545572193760779e+29,72665.46940186809,4.368690393918568e+37
0.550894026659853,13.032797021795556,0.06243834270579757,0.0940901179200405,3.5337448392572846e+29,66099.15661769052,4.466447933357898e+37
0.5706119235732129,12.962998199520909,0.06502140011224772,0.09585421300220048,3.5046247741982184e+29,54984.257140391564,4.658605258379599e+37
0.5607927091653001,12.992452410297531,0.06375762913875686,0.09518966002396545,3.520047035681241e+29,60233.44743930774,4.562854565918932e+37
0.5803486068180387,12.931879966555327,0.06629003015261498,0.0965433709855901,3.4876572695080994e+29,50279.40354177382,4.753271978400194e+37
0.5899996772262305,12.90047377889836,0.06755648561770136,0.09720843734495997,3.46924747488247e+29,46055.07122620108,4.846865337617115e+37
0.5995622793344613,12.860586439964944,0.06886435186962826,0.0981648359037477,3.449553032775022e+29,42256.38725307233,4.939030368612623e+37
0.6090332094303671,12.839696938180914,0.07006596966876028,0.09838551236529762,3.42932017011928e+29,38842.23476805865,5.030827513898385e+37
0.6184096864446058,12.801498520753212,0.07135697128959528,0.09920540218260934,3.406766681995039e+29,35748.84552924571,5.120759489443402e+37
0.6368662217134453,12.750009629019303,0.07378339553218277,0.09984164976825372,3.360217038789271e+29,30438.784157413764,5.298122936674634e+37
0.6276881974267763,12.781000659657671,0.07254375646930096,0.09933248502146963,3.383908443289547e+29,32960.95898455453,5.2102759140705825e+37
0.6549090464761624,12.699395392308555,0.07617612550688324,0.100346202622006,3.310695090185674e+29,26080.46226590071,5.470630440952519e+37
0.6459408540106285,12.721283821479636,0.07500371007413516,0.10023969616188827,3.335780531570261e+29,28153.652808967265,5.384836028804787e+37
0.6637690522216837,12.667767000572985,0.07739944887724119,0.10081763021458738,3.2850337507307646e+29,24196.685754683695,5.554646601618444e+37
0.672522147030968,12.639465012240278,0.07859570862484919,0.1011397294759955,3.258879221446501e+29,22482.073273832706,5.637559791812844e+37
0.6811700557840651,12.619826052901807,0.07973024792198502,0.10109715365082327,3.232278620370009e+29,20918.575005887476,5.71971102555721e+37
0.6981581288578648,12.569665555613309,0.08204479075614257,0.1013974098186684,3.177960469249293e+29,18183.628224261458,5.879734609693777e+37
0.6897146567632574,12.589638600438516,0.08092396002201015,0.1014606300698591,3.205286756549539e+29,19490.39593342594,5.800023918259215e+37
0.7065023178970741,12.549756399290974,0.08315707987028045,0.10131605015409605,3.1503423183576977e+29,16985.98904557317,5.9582752696291855e+37
0.7147490734826745,12.528271022065296,0.08427201851240604,0.10128430481894526,3.1224886474570633e+29,15886.70789877646,6.035554354789738e+37
0.7309589242353144,12.479578623817334,0.08651949709982103,0.10141289624064849,3.0661670396337887e+29,13945.432720124712,6.186304926425836e+37
0.7229007471476518,12.498974360425963,0.08543291632456906,0.10155561304768092,3.0944169786788248e+29,14876.011827395743,6.111162389862777e+37
0.7389255849358306,12.459337013691062,0.08760455864812068,0.10129274471901205,3.0377779324152237e+29,13087.405244900589,6.260288571975599e+37
0.762294827581531,12.39178042216492,0.09086783878864832,0.10114816856688374,2.952089957176939e+29,10884.68262118547,6.475263896378802e+37
0.7468025097701585,12.438999303625398,0.08868318058163906,0.10116604526563516,3.0092966932780483e+29,12295.245693042527,6.333179361420895e+37
0.754591720949112,12.41081268534677,0.08981166552025807,0.1013480204611052,2.9807077194192957e+29,11562.726682563869,6.40440152931666e+37
0.7699132220668881,12.370275277920905,0.09193552258434284,0.10103954585928329,2.9234200665609017e+29,10256.126792407524,6.544890677148317e+37
0.7774494043666733,12.35059376105697,0.09298335951957482,0.10084800743846292,2.89473974611084e+29,9672.748504650432,6.613657690142059e+37
0.7849043768952698,12.329217613302408,0.09403773670835572,0.10071870295587754,2.8660959921150276e+29,9130.78307622906,6.681278535534361e+37
0.7922802742489137,12.309187277465638,0.09507588992069915,0.10052616725463685,2.837455363632584e+29,8626.524693080682,6.74803653363162e+37
0.80680075285409,12.271371466790653,0.09711674704531789,0.10003054383911934,2.780360829606534e+29,7719.172303570624,6.878893374589152e+37
0.8210186013218008,12.232997648613473,0.0991382023582928,0.09953576353873794,2.7236207288599877e+29,6929.193584854927,7.005955204276942e+37
0.8139473546979906,12.253062516409312,0.09812340309944113,0.09975003798615042,2.7519423626943812e+29,7310.697279609153,6.942975777437373e+37
0.7995787441575535,12.290816519022558,0.09609514361050658,0.1002602562708245,2.8088949988899853e+29,8156.997900949004,6.813986484017109e+37
0.8280152935312011,12.21131105695763,0.10016061890030462,0.09938241861665141,2.6954051233886535e+29,6572.5410250477025,7.067845052406415e+37
0.8349386498169714,12.190973478001611,0.10116659057137617,0.09917031271615448,2.6673292790478827e+29,6238.854445631873,7.128957860750614e+37
0.8485664225199542,12.16041495846086,0.1030761961192528,0.09832545858739138,2.611625933767965e+29,5633.558465320242,7.249544464374227e+37
0.8417889391552446,12.171806049679907,0.10215723426546569,0.09890628697475505,2.6393806794529424e+29,5926.346037544988,7.189284655150843e+37
0.8619066856067191,12.12101378532537,0.10503698313407758,0.0978277306308399,2.556581971993182e+29,5101.049320249016,7.365667211911163e+37
0.8684705396796228,12.101217239197338,0.1060100327456557,0.0975802365078042,2.5293572302984346e+29,4858.875419976532,7.422404657712242e+37
0.855272604132706,12.133632946920105,0.1041201159851228,0.09836450229023506,2.584018872337337e+29,5358.878661852198,7.307277822920824e+37
0.8749643284886769,12.08182233366654,0.10697414837902326,0.09731416238484464,2.502311036036442e+29,4631.168696776667,7.478323446662188e+37
0.8877441295894184,12.043026782301101,0.10888626278622361,0.09677991981707942,2.448874540377205e+29,4215.3004828908315,7.587602543547816e+37
0.8813890419903566,12.064095317140746,0.10791798359321116,0.09698012160833214,2.4754806783500375e+29,4416.948695055831,7.533593612846044e+37
0.894031003869186,12.032417745925972,0.10975406479788703,0.0961600267029565,2.4224905974478104e+29,4025.31849348812,7.642065009398628e+37
0.9002503720709578,12.013224069461106,0.11069414934019194,0.0958832619635847,2.3963138921778056e+29,3846.1676039764807,7.694655307731968e+37
0.9244617322094254,11.943712567567145,0.11433271860913567,0.09449298370574485,2.294031073120398e+29,3224.4500373358333,7.897845200065095e+37
0.9124879497681655,11.98304480336468,0.11248144580317536,0.09500589013281407,2.3447117732507347e+29,3517.6677910914273,7.798447782536303e+37
0.9064027593485368,11.994692054354003,0.11162283577918866,0.09558060935610997,2.370381916045532e+29,3677.166356900533,7.746510720394495e+37
0.9303515115360294,11.9264537855124,0.11522764159334138,0.09414356182310311,2.2690825234237248e+29,3089.6977795273924,7.946688582199223e+37
0.936176375874918,11.912268817730459,0.11608714420494008,0.09367461961563069,2.2443851278195983e+29,2962.170426326723,7.995177890290171e+37
0.9185075597517398,11.96301122803876,0.11341308393194396,0.09476412547630896,2.3192604822423065e+29,3366.9518082089944,7.848499203295128e+37
0.941938639419884,11.893516915596887,0.11698582796985,0.09338708601587634,2.2199403976977685e+29,2841.379870774158,8.042272870867978e+37
0.9476387748693876,11.876911820655943,0.11785831443663948,0.09301631658462892,2.195734447733164e+29,2726.884542254592,8.0889281392701165e+37
0.9532763675590554,11.864743564775502,0.11868105703251981,0.09247381521387874,2.171768720815847e+29,2618.3065261249044,8.135489320996388e+37
0.9643686966559991,11.83296903009907,0.12038442759119612,0.09168939860935255,2.1246665510094446e+29,2417.55467418594,8.225335103602279e+37
0.9588523297876079,11.84209947097191,0.11960351914656464,0.09234348383889147,2.1480915964479718e+29,2515.331355739591,8.179741194345455e+37
0.9698257874229652,11.817648889083145,0.12122259600575243,0.0912781869720026,2.101480844655902e+29,2324.6514461781867,8.269290061636101e+37
0.9858424983894574,11.764562783645165,0.12378062736556382,0.09033475984738372,2.033465789869045e+29,2072.527193687902,8.395759813261741e+37
0.9752227890186919,11.796427838504071,0.12211647546157729,0.09109807744164794,2.078570722197869e+29,2236.3853918643417,8.311586513146201e+37
0.9805611019430475,11.783084940847239,0.12292397282735655,0.09061493919910797,2.0558804780736212e+29,2152.412991127533,8.354427688040495e+37
0.9910663370308791,11.75451768029484,0.12454286343461823,0.08973385199170757,2.011330299624436e+29,1996.5069160087726,8.437799925459203e+37
0.9962342059654714,11.736996734061659,0.12537917294692053,0.0894207983927126,1.989419997436466e+29,1924.0673963386225,8.4779451467278045e+37
1.0163516080159682,11.675240073475956,0.128587601086387,0.08788492983649297,1.9043489264584748e+29,1666.5858110459767,8.633331023015398e+37
1.0013454811566742,11.724691711856991,0.1261547029299964,0.08891390084212628,1.9677949537869066e+29,1855.0737446604496,8.518296487863317e+37
1.0114037401336553,11.685199397687306,0.12785254071607777,0.08847131269313656,1.925245543095805e+29,1726.4913144050668,8.594482096217616e+37
1.00640197151389,11.706187075975762,0.12699217276553645,0.08864461609462036,1.946402627286009e+29,1789.271875084117,8.556940286190838e+37
1.021245791372746,11.66376290464547,0.12933394715309177,0.0873608063443967,1.8837057605662563e+29,1609.3952479803806,8.671293474990013e+37
1.0260877036378186,11.644378904225672,0.13016346152507074,0.08713720354838823,1.863323578164307e+29,1554.7727178970736,8.707210216869857e+37
1.0308774049209468,11.625464724597226,0.13098381433545753,0.08689790575004507,1.843163836578526e+29,1502.5532938244173,8.742576553645872e+37
1.0356154313579715,11.61643838472199,0.1316880767665851,0.08629435277413385,1.823267367417472e+29,1452.64281835632,8.77918233747402e+37
1.0495245481049897,11.573680592476245,0.13394979201798157,0.08508946941131834,1.764965806658782e+29,1315.449979112868,8.88251752285638e+37
1.0403020509058223,11.605486899377453,0.1324088532218117,0.08576729833639529,1.803605602516086e+29,1404.899797731624,8.814842805336026e+37
1.0585495980090625,11.545129678568944,0.13543575445090972,0.08430817460224865,1.7272960530419018e+29,1233.4222273039684,8.948517159530083e+37
1.0540613286402234,11.552718526590244,0.1347729154394689,0.08494243158923948,1.7460178022236886e+29,1273.5626497972319,8.914470998918182e+37
1.044938387473337,11.585275159359373,0.13323099339322017,0.0855857731755225,1.7841705277915454e+29,1359.2019500682272,8.848143377736436e+37
1.0629897451053392,11.526382436817505,0.1362250528136459,0.0840869194874414,1.708821049197886e+29,1194.9569476664374,8.979770695405775e+37
1.067381209916213,11.515363783950137,0.13691871861896224,0.08358754493196796,1.6905689916924437e+29,1158.0736506513554,9.01202115170926e+37
1.071725481982911,11.50436330573728,0.13760743632723071,0.08309324669760458,1.6725599249244507e+29,1122.703172938794,9.043745370224981e+37
1.0844793508151696,11.46263609430473,0.13975189880596237,0.08194675208426434,1.619784682125891e+29,1024.8301636080516,9.13390369899837e+37
1.0886397975684508,11.44405569221059,0.14051580618173734,0.0817403270103714,1.6026518943265312e+29,994.7620638599745,9.16189566289576e+37
1.0802744599373453,11.475611369420097,0.13905263135604967,0.0823593940814491,1.6371758156891965e+29,1056.1505405414757,9.10418917677801e+37
1.0760230808597733,11.484950674427713,0.13839276552120763,0.08290543583206536,1.6547473552671547e+29,1088.7415760911913,9.07317328957273e+37
1.092755267651815,11.4353410264186,0.1411544984274516,0.08118620667868737,1.5857359457229213e+29,965.8671046551751,9.191520483563437e+37
1.0968260925753113,11.41461336143284,0.14193761487487883,0.08106263391129186,1.569024611350737e+29,938.0844489792411,9.217979862604173e+37
1.1008532121863621,11.404816461785524,0.14258112879250753,0.08055658762251362,1.5525499488262101e+29,911.3801366819947,9.246368379495127e+37
1.1048368697064792,11.394087401524608,0.14323183220802602,0.08008771157285217,1.536266760918973e+29,885.6801028344034,9.27406557693659e+37
1.1087776690187778,11.374072964405615,0.1439956577193208,0.07994968590788569,1.520196851632608e+29,860.9511758705,9.29915204794208e+37
1.112675949477446,11.364078228337121,0.14462901265166578,0.07946256834149595,1.504307734904908e+29,837.1325560763518,9.326051370051812e+37
1.1165326327456,11.344942217908002,0.14537511375679263,0.0793000864981886,1.488634636748847e+29,814.2018111421199,9.350350261166012e+37
1.1241214216808193,11.325640491399385,0.14661263102659172,0.07832534394960912,1.457871300903829e+29,770.8220233963883,9.401994898115045e+37
1.1203475990146239,11.335569795535873,0.14599244018865598,0.07880090134654108,1.4731635985222971e+29,792.1147271504605,9.3764638368387e+37
1.1278545124322943,11.305530734858566,0.1473611702150833,0.07820679106652458,1.442787127076321e+29,750.3051012770552,9.424617469942493e+37
1.1315476955104693,11.295966872255633,0.14796888104021494,0.07772819726987883,1.4279028581107947e+29,730.525513397579,9.44933616112027e+37
1.1352003055180262,11.284010305873844,0.14860381551052754,0.07733815161491564,1.4132343217562522e+29,711.4636681996968,9.47301674747368e+37
1.1388144786041647,11.275469111097177,0.14918985630458886,0.07683497498710343,1.3987337991025539e+29,693.0606106829914,9.497126164570453e+37
1.1423897531483806,11.25545796922988,0.14992431168119197,0.07672652799150328,1.3844090067490868e+29,675.2956760247283,9.51793910467408e+37
1.145925964411216,11.243125046488496,0.15055336057341773,0.07635991139736291,1.3702620746789268e+29,658.1454549681597,9.54022378341159e+37
1.1528859601615382,11.224013414101622,0.151725685569069,0.07545208377673175,1.3425026166669242e+29,625.5822772260071,9.584986436176536e+37
1.1494245766724935,11.233487594835612,0.15114257048563975,0.07590622034059831,1.3562927314750142e+29,641.5818769273417,9.562782894671203e+37
1.1563102220766246,11.207129751644276,0.15240559124061065,0.07525310301409321,1.3289218130366772e+29,610.138813330952,9.604860234878055e+37
1.159697213923531,11.196244489735202,0.15300061465091255,0.07485512883746807,1.3154866554896687e+29,595.202059877287,9.625874407756912e+37
1.1630480686764946,11.177275242105656,0.15370310964369777,0.07473132146127717,1.3022231369888286e+29,580.7619205257361,9.644352367595265e+37
1.1663618640902411,11.173633262361564,0.15419128704190752,0.07410271638789762,1.2891670903792648e+29,566.8180889823516,9.666482813962583e+37
1.169640512026261,11.151927033874886,0.15492568256173075,0.07407590633102684,1.276231874666147e+29,553.310133032706,9.683395147214844e+37
1.1728849977438458,11.144737565411688,0.15545565331455183,0.0735727441817328,1.2634824198754246e+29,540.2479090608825,9.703845500101383e+37
1.1760937132202867,11.132976424387095,0.1560456168331985,0.07322507930183725,1.2508905595833491e+29,527.6072082099829,9.72266459478014e+37
1.1792690947472761,11.116048030925704,0.15670521067750873,0.07305195910742475,1.2384741830285515e+29,515.3750857896096,9.739697912833528e+37
1.1824094222380281,11.104926558594814,0.15727986448118203,0.07268938507347773,1.2261750242731915e+29,503.51696106451897,9.75793772094835e+37
1.185516239802738,11.094894228674082,0.15783571298368396,0.0722964827835861,1.2140484484911913e+29,492.03900122802787,9.776122681090368e+37
1.1885895281680958,11.083635224874572,0.15840562911472442,0.07194833430961625,1.2020841818057336e+29,480.92397898837083,9.79360172806005e+37
1.1916306118242928,11.07537332219623,0.1589293884997039,0.07150738599090939,1.1902708289220954e+29,470.152317641303,9.811592730192087e+37
1.1946383395445723,11.054587209348089,0.1596301249071926,0.0714763785386067,1.1786319465024115e+29,459.7238274463092,9.825629467013115e+37
1.197614079437976,11.044397373595622,0.1601753952061029,0.07110620986234675,1.16713385723949e+29,449.6113335538269,9.842353974898633e+37
1.2005579980347867,11.034482989419518,0.16071340075478316,0.0707308453495115,1.1557710539616922e+29,439.80193366893644,9.858821439797232e+37
1.2034701092052822,11.022844991352336,0.16127332616244844,0.07041377866425003,1.144535240006509e+29,430.2824930514419,9.874443972813425e+37
1.2063519333954233,11.016259472585876,0.16175615059315834,0.06994226519529138,1.1334790399872859e+29,421.0604191505798,9.891242006119728e+37
1.2092007834095062,10.999940980498746,0.16237867754805685,0.06978118475907304,1.1225175272996064e+29,412.0994920766982,9.904788693383074e+37
1.2120214650795351,10.993335586360434,0.1628552490039578,0.0693165008279857,1.111698644701195e+29,403.4006255231453,9.92094751015118e+37
1.214811319114493,10.974684436376167,0.16350751703408917,0.06923645335444267,1.1010271739017938e+29,394.96165695950026,9.933145424288632e+37
1.21757128669373,10.964099715088304,0.164037203316161,0.06890659904815984,1.0905076486566467e+29,386.77444764798986,9.947453548224522e+37
1.2203007533207584,10.949769189437964,0.16462009569095884,0.06869731030425597,1.0801089745925111e+29,378.82115638449307,9.960280781175082e+37
1.2230028371234447,10.944239998809794,0.165067962816466,0.068218137522792,1.0698697706631659e+29,371.10315086284965,9.975538563762767e+37
1.2256748006140068,10.932280405997739,0.16560957014602617,0.06793978998824557,1.0596953534613472e+29,363.58486074494334,9.988490177661718e+37
1.2283184778074776,10.922577110447264,0.16611421601606174,0.06759710302372847,1.0496794580332842e+29,356.28933339770805,1.0001846224234244e+38
1.2335221633527524,10.894533872821087,0.16724734753299406,0.06718882359964257,1.0300144607872276e+29,342.3021162966658,1.002495606462181e+38
1.2309343290116461,10.904263614455212,0.16674755580716277,0.06752470574677465,1.0397942907601832e+29,349.19985736232445,1.0012200393075532e+38
1.2360818968235152,10.884215424608822,0.16775329226848135,0.06687653107081831,1.0203810857973823e+29,335.6040689042512,1.0037228572581888e+38
1.2386144768767406,10.874574286974958,0.16824602894997,0.06654799953134426,1.010879394578015e+29,329.0937490670848,1.0049437592594158e+38
1.2411194851921485,10.862283066619849,0.1687770582739935,0.06630289413643604,1.001477240172802e+29,322.75587905312375,1.0060500611377729e+38
1.2435984290932498,10.852539051425051,0.1692660044357098,0.06598353327192615,9.92191200232269e+28,316.5888350388329,1.0072120729432986e+38
1.246051287753318,10.845444918036316,0.16971079994710375,0.06558839754104216,9.830302960470615e+28,310.59063634007305,1.0084342503428416e+38
1.248477203118634,10.833990132905805,0.17022099160620396,0.06532567139680125,9.739329920337877e+28,304.7383012535638,1.0094856443906195e+38
1.250877092588325,10.822076461239645,0.17073595043597095,0.0650829123066402,9.649903842341026e+28,299.0548408904644,1.0104943277085462e+38
1.2532516901217112,10.811350393832766,0.17122977704185827,0.06480878858576879,9.56173351620982e+28,293.5257380039274,1.0115161582263196e+38
1.2556016485750678,10.794114911730718,0.17182477159740195,0.06473055593874519,9.474308893368838e+28,288.1304791835215,1.0122941631156713e+38
1.2579258143787193,10.783866226971123,0.1723064254277079,0.06444701302701056,9.38811217229829e+28,282.881254981957,1.0132785363599305e+38
1.2625002186599534,10.763376516609831,0.1732622159287182,0.06388895165419949,9.218737372315472e+28,272.78166784179814,1.0151719026141883e+38
1.260225145490027,10.773800014778272,0.17278266420445446,0.06416204059219842,9.303058118865938e+28,277.7704722799885,1.0142435740046643e+38
1.2647507526762405,10.75268857977828,0.17374359915294946,0.06362680717637853,9.135419342527086e+28,267.9197951928183,1.016065756289309e+38
1.2691801995271796,10.731830042069756,0.17469096223974792,0.06310219795889442,8.97256132096492e+28,258.58363876825393,1.0177979278247771e+38
1.2669771888055883,10.741506628265693,0.1742306392924323,0.0633856293430816,9.053569250712665e+28,263.19455293362495,1.016917646574788e+38
1.2713596002189056,10.721806884628835,0.17515452492522357,0.06283154600383122,8.892434329219509e+28,254.08538213390435,1.0186421328251764e+38
1.2735156479404701,10.7114166902059,0.17562175243942213,0.06257405770939534,8.813165128661287e+28,249.69596658232626,1.0194497068701757e+38
1.275649326318542,10.70285833889053,0.17605666140834347,0.06226738857777833,8.734992887362928e+28,245.41837899620032,1.0202997993009085e+38
1.2777599505320445,10.692974608505828,0.1765109577111411,0.06200175391554455,8.657642930151619e+28,241.2427993327435,1.0210798471781578e+38
1.281913431886555,10.672507518524737,0.1774243259017025,0.06150258629511828,8.506065907763569e+28,233.20416394992375,1.0225462963860906e+38
1.2798479839438914,10.684054336971858,0.1769470129819366,0.06171176759221128,8.581267568184684e+28,237.170433863761,1.0218714311081302e+38
1.283957212212814,10.662941060572452,0.1778666304186564,0.06123858026711562,8.43166171848276e+28,229.3303142436034,1.0232704998636455e+38
1.2879789809524773,10.641841455404641,0.17877752739960112,0.060773340040066855,8.28514368861663e+28,221.84886653631605,1.0245812150360205e+38
1.2859790294758056,10.652674168517246,0.17831840802820553,0.060996760131921623,8.358012240734682e+28,225.54573421525149,1.023947299870575e+38
1.289957919707942,10.631257612554442,0.1792304670379742,0.06054601009771491,8.213187848731453e+28,218.24036914027755,1.0252033120826364e+38
1.2938528662432085,10.611440141624422,0.1801073759387695,0.06006528711171747,8.072317171904564e+28,211.28798629595295,1.0264340664274783e+38
1.2919159929632906,10.622139853624958,0.1796566075109382,0.06028079705651131,8.142205871723837e+28,214.719632036588,1.0258584582439636e+38
1.2957692305693373,10.602344496716656,0.18052887954327584,0.05980504968091977,8.002956014553353e+28,207.92808938507244,1.0270487030150926e+38
1.297665738696172,10.594370345865627,0.18092918345256043,0.05951639627266071,7.93442384634881e+28,204.64552471390888,1.0276863857728063e+38
1.2995410936113314,10.584106433237405,0.18136636712077225,0.05929444415200703,7.866617097690251e+28,201.43687418381236,1.0282170640810533e+38
1.3013956406807416,10.570085521135658,0.18186611170423483,0.05918015270196576,7.799586958176846e+28,198.30146101553072,1.0285848049660655e+38
1.3032321954138097,10.562788474446723,0.1822485797861146,0.05888100051349612,7.733411372649331e+28,195.23746434600278,1.029189612077759e+38
1.3050484754048772,10.553149602773173,0.18266926614011603,0.05865232538409555,7.668293492532851e+28,192.2500918719195,1.029685601732872e+38
1.3068449286580375,10.541707186246379,0.1831192678602875,0.05847367073343458,7.603579989816127e+28,189.3210403732835,1.0300928930646074e+38
1.308622820905568,10.532269142719532,0.18353270953567766,0.05824246665139074,7.539673159915763e+28,186.45804201473015,1.0305589842088213e+38
1.3103807988273624,10.519822881656689,0.18399669749941114,0.05809815821063911,7.47665810083018e+28,183.66270042452226,1.0308887578696114e+38
1.312121232137019,10.512378683435273,0.18437154770058664,0.057817345082219244,7.414231587097088e+28,180.92449933452357,1.0313955343810462e+38
1.3138422644549024,10.501780489734443,0.18479968527427232,0.05762739857197005,7.35269775591182e+28,178.2508541869114,1.0317606633244234e+38
1.3155452238999663,10.492015720123952,0.18521142995612871,0.057416732319876394,7.291823582458514e+28,175.63387749599488,1.0321407995607923e+38
1.3188963101238305,10.47166406159853,0.18604409370320024,0.057022383255912974,7.171778839204483e+28,170.55901136928375,1.0328150653541213e+38
1.3172297311386938,10.482316979749786,0.18562017226558292,0.057205703845352465,7.231506696820786e+28,173.0701688756272,1.0325054148742582e+38
1.3205455019980104,10.463802014996487,0.18641668968272293,0.05676748630509402,7.1129580951207e+28,168.10647688172182,1.0332186314853011e+38
1.3221756631755843,10.459774532160406,0.18671868111461967,0.05641353324657706,7.055014875148927e+28,165.7117052822134,1.0337561533041295e+38
1.3237892460877847,10.44938327040862,0.18713245927450062,0.05623141488964357,6.997377800827472e+28,163.35864666495812,1.0340257938157757e+38
1.325386543357295,10.43291708146126,0.1876539611850459,0.056216602837765306,6.940590054460511e+28,161.05887337770739,1.0340361121579223e+38
1.3269656925059958,10.431784832399174,0.18789793587872203,0.05579126715622868,6.884340556301695e+28,158.8052734914945,1.0346445576444404e+38
1.3285280020945052,10.422098942367858,0.18829398900657934,0.055598232264301405,6.8287302888879955e+28,156.5984445916045,1.0348932784631962e+38
1.3300732392286987,10.409971452057576,0.18873261281318304,0.055474357977482895,6.773965720568893e+28,154.44230121786964,1.0350263331581257e+38
1.333115031342724,10.390650528220856,0.18951597413723287,0.05509629016203821,6.665597203086743e+28,150.24567783129189,1.0354460984876584e+38
1.3316026758675645,10.40136531564447,0.18910597215271333,0.05525695938166609,6.719574140509516e+28,152.32440899140835,1.0352876417324997e+38
1.3346118211791596,10.381923470156488,0.18988824439881957,0.05488812303064652,6.612573509188447e+28,148.21655829590534,1.0356716670956755e+38
1.3360923008349321,10.372036521032506,0.19028009487860076,0.05471326967747599,6.560181767793874e+28,146.2293715538218,1.0358339495246422e+38
1.3375563356519127,10.360887920345068,0.19069356693005624,0.05457308206695837,6.508282226963223e+28,144.28029148133402,1.035927781730646e+38
1.3390054490123025,10.352109492343644,0.19106204540234617,0.05437222059454811,6.456904625323285e+28,142.3684305392459,1.0361063138632683e+38
1.3404384399051656,10.340565126772766,0.19148005106131477,0.05424499245953379,6.405957331030992e+28,140.49171725761818,1.0361538652134527e+38
1.3418559854179068,10.340040761275034,0.19169226639713768,0.05383543641538304,6.355979813304117e+28,138.66090115003576,1.0366484288418603e+38
1.343258304096392,10.328822715602733,0.1921010090271091,0.05370477090133124,6.306232838962523e+28,136.85900524931952,1.0366814795137112e+38
1.3460191716240117,10.311479032109132,0.19281961788447158,0.05331654307517008,6.20825883486054e+28,133.35663689970906,1.0369216506051136e+38
1.3446463310474144,10.320655444031225,0.19245168906329405,0.05349670319840489,6.257004003550667e+28,135.09122024024754,1.0368299577076457e+38
1.3473770247562855,10.30154820251603,0.19320020093127688,0.053161689089983484,6.160476191729799e+28,131.6647877513377,1.0369672281164736e+38
1.3487205230903756,10.292648695142905,0.1935600615021976,0.05298186144881525,6.11316304601206e+28,130.00414410061398,1.0370434910522011e+38
1.3500486238135865,10.279865516716633,0.1939915944078733,0.052899156219458045,6.065811748166216e+28,128.36390582086642,1.0369384929763969e+38
1.352663095296332,10.269620603220988,0.19456117348988,0.052356587924856174,5.9737404687503e+28,125.19851902548669,1.0373487615865962e+38
1.3513638053863366,10.273022064488494,0.19430993075138966,0.052669707914459976,6.019425333291307e+28,126.76362963402524,1.0370769839803025e+38
1.3539498227300992,10.261080786620328,0.19490832894146795,0.0521757334893668,5.928394760316425e+28,123.6588814544046,1.0373893495034635e+38
1.3564812555302235,10.242933414135317,0.1956187063468838,0.05184061683369171,5.838414509487257e+28,120.64990622841307,1.0373856378119588e+38
1.3552217346183122,10.249990804522042,0.1953025067268305,0.05205593672376276,5.882889107302922e+28,122.13493878940203,1.0373050839314545e+38
1.3577251884389647,10.229857924027819,0.1960483575197528,0.051784632429379744,5.7949797914083755e+28,119.20476010810333,1.0371878771046585e+38
1.3589566975736576,10.219758695947123,0.1964200928574552,0.05164672258310586,5.751074482765491e+28,117.76654877477573,1.0371090014745368e+38
1.3601747835546618,10.209400429587108,0.19679561463223008,0.05151658565064238,5.707570419430318e+28,116.35330675794795,1.0370061130228336e+38
1.361379694071683,10.20879805219305,0.19698156833371228,0.05115348394890651,5.665670312502414e+28,114.98892245859064,1.0373221821354881e+38
1.3625721701202693,10.200875858181648,0.19730722442276524,0.05097103843468237,5.623592080190912e+28,113.63635272113696,1.0373053006882438e+38
1.363750701341677,10.189437239011507,0.19769956943791114,0.05087194952134954,5.581261763618854e+28,112.29450486653965,1.0371191309615482e+38
1.364916869301351,10.179942183240925,0.1980531823409122,0.050731069421058754,5.53992125827431e+28,110.98738855884632,1.0370080816569767e+38
1.3660705498634564,10.170817840002933,0.19839841024064864,0.050585988380446575,5.4993661724106285e+28,109.71046142663812,1.0369024107362785e+38
1.368339403184762,10.158841934785395,0.1989621958576314,0.05013746863054249,5.418591803064965e+28,107.20580868703802,1.0369382097681287e+38
1.3672108519509354,10.16860165701111,0.19860729542205208,0.05026999659350409,5.459062249122869e+28,108.45301002336961,1.0370940882914004e+38
1.3694559410994835,10.149758310736546,0.19930275350925009,0.049997244762926364,5.379322643153069e+28,105.9957174480745,1.0368020923320599e+38
1.3716518967894,10.129778880123002,0.20001606464902705,0.049760734932590193,5.301388481679944e+28,103.62657297677002,1.0364138319723776e+38
1.3727316924531254,10.119129241637602,0.20038418975152456,0.0496609266972728,5.2630021874422125e+28,102.47225564968456,1.036172805600995e+38
1.3705596531120263,10.13942863951973,0.19966658726099565,0.0498930786723223,5.340854362565317e+28,104.81466949784375,1.0365975637972735e+38
1.3748566383003766,10.1102351326871,0.20087093175412074,0.04916992170500089,5.188105684154557e+28,100.23578300998054,1.036228132972369e+38
1.373799974749586,10.11004717912775,0.20072028132059402,0.049531615449614416,5.225783593763132e+28,101.35261268430901,1.03599300356484e+38
1.3759010635433588,10.098536368257584,0.20125640359900993,0.04909539991138254,5.150341050401066e+28,99.12906376498776,1.0359079450522651e+38
1.377956735484812,10.07878261718749,0.2019521303903445,0.0488792325735112,5.077708757212878e+28,97.00428638730563,1.0354052969499023e+38
1.3769349153780253,10.089449147453092,0.20158902857027056,0.04897111145655845,5.114230018304212e+28,98.06504718272967,1.0356987485351022e+38
1.37896713938457,10.077846963941967,0.20211897780351448,0.04854962165279243,5.0411272799163605e+28,95.95312532959295,1.0355525780927942e+38
1.3799667629929915,10.06817154996735,0.20245987051897352,0.0484471135079773,5.006381697895845e+28,94.94713703930259,1.0352864277457315e+38
1.3809560779977306,10.059540589719965,0.20277884904458773,0.048314356335351714,4.971299770579848e+28,93.94456730483134,1.0350603625267237e+38
1.3819329699330607,10.046975445943673,0.20317607795829,0.048264967410996944,4.935279338988874e+28,92.93469869561117,1.0346383358477275e+38
1.3829005388275553,10.038833380337568,0.20348323569019539,0.04812630031207914,4.901192096051908e+28,91.9703931429836,1.034415846747413e+38
1.3838573597248007,10.030916474308475,0.20378473493293625,0.047984456628324686,4.867507946492204e+28,91.02298591520895,1.0341947703525027e+38
1.3848031336658382,10.030958201652265,0.20392315987382723,0.04764804091719974,4.833482716608245e+28,90.07847591863244,1.0343392802345203e+38
1.3857376190277209,10.0182581057174,0.2043194570204617,0.04761624628937135,4.799757052891453e+28,89.14875201497875,1.0338735402232798e+38
1.3866628409177464,10.009751890475414,0.20462962107840182,0.0474942568614053,4.767170426364151e+28,88.24850105052346,1.0335982922331965e+38
1.3875774912014658,9.999727556777257,0.20496986433564635,0.047396841475420275,4.733618542078872e+28,87.33897159903854,1.0332416420677145e+38
1.3884817485702508,9.999840937660084,0.2051011137073592,0.04706401489661993,4.700644957476311e+28,86.44853158172151,1.0333586411754257e+38
1.3893761853277802,9.99000505280482,0.20543530343312913,0.04698346927702827,4.6695672975364e+28,85.6009202801009,1.0329945478582746e+38
1.3911341054245012,9.977087305513745,0.20596155432572885,0.04664488788600504,4.606021212319597e+28,83.90386970588222,1.0325623036431269e+38
1.3902602751652255,9.979564416197961,0.20578108983144303,0.04690171267510385,4.637134022893746e+28,84.73642318589134,1.0325920293206805e+38
1.3919998759701406,9.970789847588,0.20621989859286313,0.0464746025382715,4.574741044208444e+28,83.07523537280599,1.0323446600673522e+38
1.3928541129581034,9.958426335813508,0.2066026325247208,0.04643966043572833,4.543030250518212e+28,82.24670754887516,1.0318240972817215e+38
1.3936992869858194,9.94713961088481,0.20696256568202476,0.04639792274388919,4.513283577506606e+28,81.46072674059396,1.031347239582637e+38
1.3945363872062047,9.940715940692638,0.20722069310855235,0.0462348683553708,4.482919724146249e+28,80.67012992196196,1.0310998763857522e+38
1.396179857647865,9.929873254610248,0.20769144038690338,0.04585754884200008,4.422138907584972e+28,79.10912607971511,1.0306765039188146e+38
1.3969875294362757,9.918057154054852,0.208059168179294,0.04583713744790376,4.393934092654669e+28,78.37759617371792,1.0301418105819652e+38
1.3977860314673218,9.916772525477937,0.20820506000796568,0.04555003085848771,4.363585093967563e+28,77.61416984382153,1.0301140624586065e+38
1.395362250130496,9.93890704686859,0.20738114871520058,0.045959454970937445,4.452162748832109e+28,79.87984838294658,1.0310663489998016e+38
1.3985766307465035,9.908793933589147,0.20849056469154612,0.04543853488913616,4.335421438131224e+28,76.89551899534196,1.029753979905824e+38
1.3993577246059994,9.898734471614887,0.20881899919782307,0.045374970574004546,4.307425225910199e+28,76.18597806921102,1.029283468598717e+38
1.4001299227811432,9.888993481849075,0.20914003759794675,0.04528618036421764,4.277885560292087e+28,75.45508698086019,1.0288207756922688e+38
1.40089353053819,9.889128291329977,0.2092512465529529,0.044995755671478954,4.250740787341607e+28,74.77217634324326,1.0288385992548334e+38
1.403860512624495,9.857604314628697,0.21036501331496066,0.04453626804649342,4.140699816805723e+28,72.07007969807631,1.0272588744603667e+38
1.4016479328059832,9.879113311981653,0.20957617478495405,0.0449318487974658,4.223253394512571e+28,74.0889573898704,1.0283481205824933e+38
1.4031319960683164,9.859363367484027,0.2102183342367646,0.04479418889186585,4.168396846077654e+28,72.7406982883055,1.0273604207994373e+38
1.4023941804450435,9.868912892393059,0.2099044860543969,0.04485763831627889,4.194556037326345e+28,73.3899419211003,1.0278417671281098e+38
1.404581571298701,9.847747090201281,0.2106837377861273,0.044471682858023664,4.114063719158781e+28,71.42285914650844,1.0267490592669428e+38
1.4052948263762808,9.840234122378604,0.21095166189850392,0.04436193157705841,4.088279904418888e+28,70.7953010437431,1.0263501706881513e+38
1.4059984046832994,9.837942174923013,0.21110644752609561,0.0441181635166823,4.061082115358335e+28,70.1485468938174,1.0262042800836362e+38
1.4066943198616646,9.826713750536662,0.21145227577588524,0.04410280488129424,4.03655389077014e+28,69.55256225239728,1.0256049634405828e+38
1.4087360628583985,9.809409768912273,0.21213273481240622,0.04364353453323515,3.9594723648943226e+28,67.73142325786567,1.0245959352029041e+38
1.4073833541204988,9.819167950133432,0.21171842613104333,0.043991967697541066,4.010974002480063e+28,68.94278836828599,1.0251857410863894e+38
1.4080635608848047,9.808992722742103,0.21204048183686722,0.043921112522747295,3.983808108486769e+28,68.31060960814936,1.0246261269334327e+38
1.40940098140958,9.800502977355448,0.21242573999901784,0.043574812768948944,3.9353228906961416e+28,67.15967279373284,1.0240892359546527e+38
1.4100577858815364,9.78943693121074,0.21276497335900407,0.04352475258991715,3.9086599808837117e+28,66.54943692831344,1.0234660006884115e+38
1.4107062469877643,9.787444608064662,0.21290615043628072,0.04331437361481356,3.8858107151764966e+28,66.0084814265769,1.0232966991765684e+38
1.4113479992404987,9.77823758572888,0.2132035647709531,0.04323027741607117,3.8600592077969176e+28,65.42209604139673,1.0227562501564369e+38
1.4119824305472322,9.768363618849108,0.21351500969203513,0.043188694917218794,3.836915062105669e+28,64.88387353346225,1.022175898584322e+38
1.412609025176645,9.768004288932687,0.2136176190633932,0.042928657081138445,3.8131117063938e+28,64.33846463954477,1.022075759749623e+38
1.4132282983155577,9.758516173412794,0.21391905631009628,0.042858189587264714,3.788399495976535e+28,63.78156808881846,1.021503418758223e+38
1.4156329350992507,9.72781180876362,0.2149593959229989,0.04249239013873263,3.697345020267083e+28,61.72167967490026,1.0195293146265274e+38
1.4150431524328226,9.739123715381487,0.214620269855157,0.042493774067208175,3.7190133315383747e+28,62.21288802025327,1.0202196336998816e+38
1.4138403383355174,9.748266351650887,0.21423672299829277,0.04283701915965567,3.7666840609701346e+28,63.278824098014354,1.0208860190347164e+38
1.4144447684659136,9.746898415437693,0.21435839130306317,0.042584592811383694,3.7418615552259275e+28,62.72761773142568,1.020719278400623e+38
1.416216753218189,9.7280510134749,0.21504275900961786,0.04221337482233801,3.6735189798665497e+28,61.1976432765748,1.0194327152116325e+38
1.4167931225344144,9.717529367083655,0.21536320883848528,0.042204512637816764,3.6529288702609636e+28,60.730948406363495,1.0187736476537648e+38
1.4173630458254178,9.708922983017,0.21564082496350473,0.04212469976810207,3.629903803948913e+28,60.22691757412635,1.0182088592545561e+38
1.4184816314046806,9.697441226717832,0.21606652902849738,0.041867416225732104,3.586451465666409e+28,59.271705554187044,1.0173611887808423e+38
1.4179259796456896,9.698730332651117,0.2159531836029891,0.04208172738014769,3.6072064331708645e+28,59.73161335924247,1.0175558378144406e+38
1.4190312162188845,9.688495228765438,0.21634982824281887,0.04179161721862196,3.563476042569226e+28,58.77804602746975,1.0167633968968366e+38
1.4195735437204224,9.68708943603668,0.2164639218860885,0.04159590699237693,3.544215843443342e+28,58.34877273268268,1.0165541439731096e+38
1.4201098854327503,9.677837094578647,0.2167527311074466,0.041524566304614166,3.5212726997448704e+28,57.86166872301973,1.0159307603674625e+38
1.4211630515853984,9.668391460132222,0.21712539271689643,0.041248945214279964,3.4808635184853594e+28,56.98604329311731,1.0151450382964392e+38
1.4206396417580782,9.668204117520556,0.217049631856115,0.04149246677083713,3.501074287806759e+28,57.42258350998662,1.0152820289845839e+38
1.4221898013467125,9.647630587979643,0.21774983237387394,0.041206635475578984,3.440119286380887e+28,56.11600561004162,1.0137440101368778e+38
1.4216791558848456,9.657205406728576,0.21745583337116847,0.04122974428798008,3.459162807581831e+28,56.528058623877286,1.0144040576058545e+38
1.4231912337779244,9.635998456475475,0.21816620314648785,0.0409698562106052,3.3997819656707384e+28,55.26317256371693,1.012805947590283e+38
1.422693467496277,9.646093430411812,0.21786166002588878,0.040976550450894884,3.4181863299333695e+28,55.65960164298089,1.0135032157676215e+38
1.4236836628805616,9.627184562648388,0.21844149435408974,0.04089926986122992,3.378431058918912e+28,54.82120805918784,1.0121729566099407e+38
1.4241690925030628,9.62704404618431,0.2185191652300938,0.040673469974784014,3.3595339664404397e+28,54.42172481138026,1.0119951658512187e+38
1.4251227552295198,9.608316132678512,0.21909170041344375,0.04058018385744834,3.319353047399905e+28,53.59115551009618,1.0106477157084095e+38
1.4246488656055691,9.61759159557,0.21880761920009528,0.040638802547267656,3.3402238717724983e+28,54.017868108004706,1.0113190400347373e+38
1.4255897173142342,9.606011029085362,0.2192160804799372,0.04041245141310443,3.301669648997386e+28,53.218409909319384,1.0103429509304214e+38
1.4260519219553838,9.597314952719781,0.2194858496409342,0.040343955395909854,3.2811813028543944e+28,52.802512059013495,1.0096944348998178e+38
1.4269582841644546,9.587648567500244,0.2198467782243686,0.040093071803021595,3.244388718870589e+28,52.04482407680079,1.0087982866148517e+38
1.426508540797352,9.589131589937962,0.21974349770243598,0.04029075313775918,3.262907745918813e+28,52.424459498734414,1.0090693627724567e+38
1.4278415424324036,9.577588934365885,0.22021391361753898,0.03985491265515251,3.208232588121279e+28,51.30584284474142,1.0078660912083422e+38
1.4274029603758305,9.57829552685055,0.22013003152036606,0.04005232646135085,3.225313448309393e+28,51.658288032887675,1.0081018827065967e+38
1.4282754708941587,9.569554731796003,0.2204657764553006,0.039777631829571544,3.1886040572502215e+28,50.91453168899722,1.0072338838551683e+38
1.4287024349280193,9.557062381855497,0.22081994597899082,0.03983336235693548,3.1722842006284146e+28,50.57829806443921,1.0063545713619439e+38
1.4295404630449922,9.545025527541865,0.22122810207019022,0.0396284980891208,3.1361447635778306e+28,49.855707807100664,1.0052845699065823e+38
1.4303583704400111,9.53733360767187,0.2215332010287177,0.039346179273492335,3.101276258131611e+28,49.16060207354977,1.0044389842201216e+38
1.4291240966740895,9.555919842920304,0.22091152772038974,0.039610585332318426,3.1526573248294707e+28,50.19126086510428,1.0060851410036942e+38
1.4307594062845788,9.528349375220758,0.22180425436361595,0.039308787631387954,3.083763272929393e+28,48.81452082509935,1.0037319375667273e+38
1.4299534514686785,9.539336116658236,0.2214239960247258,0.03952277228303703,3.118467153933805e+28,49.50313690823395,1.0047653594128647e+38
1.4311546792625343,9.528080352935525,0.22187179607374924,0.039081708799782365,3.0655162090476637e+28,48.45870346344525,1.0034952170489436e+38
1.4315447022520011,9.518054033620032,0.22216604477873772,0.03908903169195657,3.0499924148406823e+28,48.14766569985663,1.0027235932502803e+38
1.4323092172841334,9.506975745506923,0.22254371622782057,0.03888355844806377,3.0163445582354456e+28,47.48955102481388,1.0016595390847202e+38
1.4319291200951603,9.516376818624835,0.2222648700214212,0.03889408407829522,3.032108361046668e+28,47.801129655832824,1.0024035191785133e+38
1.4326842095149381,9.497238456120215,0.222830208736109,0.038844218468496616,2.9978929251396546e+28,47.13730984586812,1.0008931245963188e+38
1.4330536626766748,9.496727366024025,0.22289966628938448,0.038669169708535935,2.983580199356498e+28,46.851823298080504,1.0006286898654805e+38
1.4334191698003929,9.48792080280896,0.22316346321044617,0.03861362145639315,2.965505996530801e+28,46.50865854103194,9.999076048434552e+37
1.433778607825186,9.487573090801789,0.2232276035347745,0.038431234595225565,2.9509579897280092e+28,46.22251720039815,9.996465072390425e+37
1.4341335660067758,9.477456759713816,0.22352120196215094,0.038407916337730864,2.9334779124574656e+28,45.89188188608018,9.988458964070852e+37
1.4344833652231281,9.466504612117983,0.22383438395168115,0.038440871106765924,2.9190698818698723e+28,45.61082815847391,9.979946921767615e+37
1.4348287724829518,9.466540973980086,0.22388742074686863,0.03821151392916085,2.901709000910039e+28,45.285015402526874,9.977478967683367e+37
1.435505582448917,9.457599942838742,0.22420478729089444,0.03799487460592939,2.8716580884215377e+28,44.71048168646096,9.96748627631609e+37
1.436162984230877,9.436729555974344,0.2248035448863644,0.03800410489749895,2.8408026870016987e+28,44.12893768172275,9.950750785589471e+37
1.4351694126247718,9.457088559282438,0.2241644033584708,0.03820576959467025,2.8868169674405178e+28,44.99916425397015,9.969738011529548e+37
1.435836850855052,9.447286086691655,0.22450135340481614,0.037984634813581886,2.855264251661414e+28,44.40397801239433,9.959209197816785e+37
1.436802784201595,9.42729820287356,0.2251286936297741,0.03779826507426312,2.8113253443076336e+28,43.573891840226935,9.940261734426561e+37
1.4364846638763606,9.436036527300312,0.22487041198471897,0.03781119845925844,2.8253452635401807e+28,43.83970327974333,9.947750422002902e+37
1.4371159435178302,9.428539451053261,0.2251481175078333,0.037547570881624255,2.794518416525354e+28,43.26622317806512,9.938298741879331e+37
1.4374242511968085,9.417352636063013,0.2254639284684205,0.03760034493977646,2.781883967216206e+28,43.02443945244061,9.929377618063657e+37
1.4386140608355744,9.396315206959269,0.2261557628470322,0.03723122818164053,2.7239445697667953e+28,41.95442852745924,9.906660140660821e+37
1.43772768436272,9.41568351018678,0.2255514994021989,0.03741246023024718,2.7655310958600293e+28,42.72641127405933,9.925733895898308e+37
1.4380281932336094,9.408189587538546,0.22577833990152013,0.03738654265445793,2.752634981722298e+28,42.48275462337231,9.9188324917393e+37
1.4383235557852874,9.398323252042374,0.22606178364893484,0.03736119530575972,2.7363753612108944e+28,42.18846787076787,9.910560349817881e+37
1.439183868397724,9.387815700275128,0.2264501760147327,0.03700960698053989,2.695505768666793e+28,41.43428998342712,9.896298413080533e+37
1.438900673665715,9.386058162444904,0.22644801080137314,0.03720952617191355,2.707530529734462e+28,41.66010214714899,9.898109126446765e+37
1.4394614526758596,9.375632139243338,0.22678817985816183,0.03703035865744794,2.6795615124113314e+28,41.14950183401774,9.88660225137811e+37
1.4402717007488883,9.364868298208227,0.22717664872344315,0.03669762652737866,2.6402762207724884e+28,40.432283937565785,9.871924396502052e+37
1.4397365182640194,9.368492807633153,0.22700437533046033,0.03699706405873893,2.6669748323617747e+28,40.91710161928412,9.879739589796866e+37
1.4405344176405166,9.357906872867726,0.2273871169711762,0.03662948915466962,2.6255934103754796e+28,40.17078571269642,9.86509334617776e+37
1.4410467503052402,9.348327378430112,0.22770108109705486,0.03644825084010324,2.5992573065064007e+28,39.69720858103103,9.85380468980195e+37
1.4400063174628186,9.367233439881876,0.22707743986105589,0.036817457271590984,2.652244305484275e+28,40.65299872135848,9.876156924809513e+37
1.440791463824053,9.354449045335892,0.2275117590526915,0.036524327161526135,2.6132220254083e+28,39.94585523341975,9.860197615809654e+37
1.44129622502548,9.336544272218571,0.2280279187800785,0.03650703437262939,2.5870830852878973e+28,39.47709424367467,9.844147706539495e+37
1.4415425945740759,9.336451851662154,0.2280691545923527,0.036296070169940235,2.5720057345800467e+28,39.21349785427443,9.84111747927593e+37
1.4417848566341454,9.326805055894567,0.22834341688508256,0.03632584893465963,2.560844966678814e+28,39.010546659610924,9.832632328647173e+37
1.4424887300882594,9.315564399007275,0.22873055906445827,0.035968793795650406,2.5204306590166286e+28,38.301312598724685,9.81712315968621e+37
1.4420229993492604,9.325676507255421,0.22840877044909222,0.036135942597419965,2.5459163900096303e+28,38.75111907980673,9.82896845181181e+37
1.44225802925304,9.316452621145764,0.22867217413701424,0.036163969146086494,2.535315466626953e+28,38.55833093610601,9.820683988132522e+37
1.4429403550384015,9.297894645114123,0.22923698821145325,0.03596402793161124,2.496286614022395e+28,37.87508338231126,9.80088781066593e+37
1.4427170814581085,9.308453511548626,0.2289415268306872,0.035938105781465626,2.5086834838383804e+28,38.09263798691701,9.810013586338576e+37
1.4431594799763292,9.295641106171203,0.22932738242332826,0.03584884128786385,2.4852774484090313e+28,37.679427364457624,9.796487433531284e+37
1.4435892605019578,9.287661622647013,0.2295927623561712,0.03563838458854711,2.460101066722583e+28,37.24223914617167,9.785679728075708e+37
1.4433758051581966,9.285758971357966,0.22960585036162448,0.035827130566710295,2.470597949462061e+28,37.42880994729288,9.787707202983029e+37
1.443797714073275,9.276510509605952,0.2299019442881952,0.03565311053655115,2.4463784792295204e+28,37.00777252273641,9.776120050596932e+37
1.444004265227779,9.27851589649559,0.22988513794948234,0.035455523946510574,2.4354516132584806e+28,36.81613324303435,9.774125071833994e+37
1.4444035568974496,9.264897603594079,0.23028670222097408,0.03537797637347555,2.412343365297193e+28,36.41643478374684,9.759901686814884e+37
1.4442056278715398,9.267215902199947,0.2301975447281863,0.03548424868478868,2.4226185424425664e+28,36.59661518200785,9.764437956095929e+37
1.4445989731970057,9.255620236625752,0.23054871718423559,0.03535659750423641,2.3988390869973453e+28,36.18808945517768,9.751349489318856e+37
1.444979021572708,9.245421168728823,0.23086376673031792,0.03521127898664187,2.3758461672682293e+28,35.794117139295636,9.739001682182547e+37
1.4451646044135658,9.246573054002402,0.23086465384900517,0.03504914700077038,2.36638005552905e+28,35.62861690871452,9.736427221455227e+37
1.4447907610909625,9.255609488234345,0.23057959306830658,0.03521423771538379,2.389166529801329e+28,36.01825683698968,9.748123497483912e+37
1.4453461936565986,9.236476538099167,0.23114605562877974,0.035037455028859965,2.352703657608173e+28,35.40045630223133,9.727321607041226e+37
1.4457000431673832,9.226816970239847,0.23144469116194694,0.03488475462306018,2.3302269375220263e+28,35.01936736508373,9.715162146654715e+37
1.4455250450724288,9.237162462701315,0.23115749197348312,0.034890978422500836,2.3437380767404434e+28,35.24374255920767,9.724449093759361e+37
1.4462060185502614,9.216345015441453,0.23178876178547375,0.03460362192991769,2.29836075314762e+28,34.480092471647474,9.69913361179556e+37
1.445871443640433,9.2256032444068,0.23150258357932083,0.03475786797593425,2.320224528881089e+28,34.84838527662001,9.711148174040383e+37
1.446368407772088,9.206059044022112,0.23207379621573454,0.0346296908370336,2.2872856821580553e+28,34.29468539687378,9.689810206282607e+37
1.4460398763226667,9.214800828097767,0.2318009715286079,0.03480393463453881,2.3097295198186093e+28,34.67055756939701,9.701554765747725e+37
1.4466842327889018,9.196883850303475,0.23235604823366618,0.03447201379579587,2.2655475447751407e+28,33.93168975839746,9.677752746386372e+37
1.4468369020228469,9.19539052347571,0.2324183073596369,0.034325526292773696,2.25408927776496e+28,33.74226839730748,9.673499473272648e+37
1.4465278367669367,9.206162964253206,0.23209675707265226,0.03445964902110941,2.2761829128982643e+28,34.10941167501358,9.686520794969518e+37
1.4471342894817316,9.18608923626467,0.23270146067353817,0.03418224836040275,2.23335078915574e+28,33.397489302245674,9.661286014217591e+37
1.4469872555864036,9.186156018766061,0.23267612584671193,0.034364439104070756,2.245336122779529e+28,33.593780534404694,9.664724582266362e+37
1.4472778928583552,9.174446424804453,0.23301989091294723,0.034259547587650305,2.2242519777956714e+28,33.24492760161562,9.651059395897069e+37
1.4475584921205267,9.167970461723566,0.23322969873489657,0.034060430430951784,2.203531057951152e+28,32.90331206067123,9.640431767987337e+37
1.4474198110327527,9.166910571021079,0.23323431827909163,0.03421551007074079,2.2122846639678934e+28,33.04985005985055,9.643233456611093e+37
1.4478255706410463,9.156145136193915,0.23357400616694196,0.033968419556492664,2.183442196441575e+28,32.573283090439524,9.626589674773844e+37
1.4479552811855627,9.156376846815604,0.23358902070147305,0.03378305795430046,2.1718021970130955e+28,32.38512438828466,9.623264995491414e+37
1.4476937673282737,9.157526476163929,0.23351751310267407,0.03407219853282828,2.1917655162432536e+28,32.71234020121578,9.630861073629624e+37
1.4480818075783992,9.146050949149899,0.23387317757120787,0.033835224632441305,2.1629185389275744e+28,32.23856656664036,9.61371970430146e+37
1.4482052116748456,9.144566981900992,0.23393106385060244,0.03371633498235363,2.153570552741762e+28,32.08555985561783,9.609356759293499e+37
1.448326903608868,9.135828350630451,0.23417450023626052,0.03370378372279592,2.1425024761657404e+28,31.907251087685914,9.60072589430031e+37
1.4485614061354748,9.127112955963536,0.23443606330522623,0.0335609445855073,2.1232655807865683e+28,31.595178738791,9.588579671189479e+37
1.4484452756251216,9.135835849309256,0.2341934471342,0.03356616051098461,2.133762717661723e+28,31.764111545227294,9.597228368234743e+37
1.4486739159993867,9.125925581934231,0.2344847768118855,0.03345122316680732,2.114947712095814e+28,31.459185902899787,9.584352339715966e+37
1.4488923161860685,9.117207154657258,0.23474438982147727,0.03330814957122827,2.0958617738389493e+28,31.151799435035517,9.572142241838748e+37
1.4489969945850347,9.106672909437377,0.23503291224730163,0.03331434155894554,2.084169045573418e+28,30.96681685896343,9.562358904929092e+37
1.4487849182566455,9.117885801974564,0.2347095187811412,0.03342449222718898,2.1039653261595808e+28,31.283839145551717,9.576084619328095e+37
1.4490987476210409,9.104783613086443,0.2350981911246392,0.033216915773802584,2.075919297145729e+28,30.833413566464127,9.55767678755445e+37
1.4492958826403106,9.095361084832518,0.23537376180975897,0.03308650695639128,2.0570917526148055e+28,30.532995848537247,9.54495860658748e+37
1.4491986180826104,9.095209833153726,0.23536187946127327,0.03324410920234396,2.0667185263254596e+28,30.686179709339203,9.548438634702991e+37
1.4495718510127502,9.074960613776682,0.23594780053889003,0.03304222224368915,2.031402625416607e+28,30.1230069831089,9.522066619654528e+37
1.4496593700882419,9.075897863693713,0.23593767874751906,0.03284174419336592,2.020120289915449e+28,29.94666354761439,9.519028281763147e+37
1.4493907927324579,9.086884117967665,0.2356087654492846,0.03309293731565476,2.047921390996674e+28,30.386930976640894,9.536349523085903e+37
1.449482989281555,9.086547761711493,0.23563247472497073,0.03295280231744614,2.0388718929884975e+28,30.24303498010345,9.532563840383918e+37
1.4497434570847543,9.064614556931364,0.23624506801903264,0.03292585524628915,2.012735891979114e+28,29.828543792970724,9.508687568574358e+37
1.4498254694317494,9.064232544574192,0.23626838957997928,0.0327848517227606,2.0036941749029553e+28,29.686148739844676,9.504840630071122e+37
1.4499832511048674,9.056037013246284,0.2365079436164495,0.032639300958638526,1.985796817976992e+28,29.404982800312474,9.492702812409682e+37
1.449906336284245,9.05707162513789,0.23646838251826985,0.03278485889999222,1.995792321396748e+28,29.560832195994436,9.496958490362513e+37
1.450201258378891,9.03619444015773,0.23706292867334566,0.032559469795869045,1.9593326644641593e+28,28.991309895876135,9.469901672109369e+37
1.4501307346622334,9.045259316335224,0.23681383472864223,0.032572073818421,1.9699424458894166e+28,29.155386251551413,9.478976749260287e+37
1.4500583032521392,9.045995105748775,0.23678274513991815,0.03267552187958324,1.9770028353153073e+28,29.26718935426137,9.483064039354694e+37
1.450269412339017,9.036703536771045,0.23706071379918212,0.0324434275647139,1.9528996220140345e+28,28.889334154492882,9.466551401840709e+37
1.450334697514007,9.035507881853821,0.23710275659255123,0.032292927793848694,1.9425548223477998e+28,28.729835977487078,9.462164238639168e+37
1.450398557409426,9.026797442988904,0.2373419996827402,0.032339213521013925,1.935980404299717e+28,28.626299396941363,9.453279861751405e+37
1.4504590890250237,9.02537121565668,0.2373894123772999,0.03221159198155584,1.9268174664759035e+28,28.484867470632615,9.44873812191633e+37
1.45051761123452,9.014424093620896,0.23768728789235552,0.03225139964651415,1.9175271182922247e+28,28.34180671022542,9.43847773928826e+37
1.4506816828260616,9.005991755018368,0.23793674581560356,0.03202481939223116,1.8951667646750453e+28,27.995475103900525,9.422332753869807e+37
1.4506290301151354,9.004879146147367,0.23795750736445412,0.03214574753240135,1.9011482739320594e+28,28.088931274821928,9.425358629817176e+37
1.4505754359775331,9.017038721363589,0.23762783947531108,0.03208208985560515,1.9102285926330999e+28,28.22830458219484,9.436374964955987e+37
1.4507316734741498,8.99581451560373,0.23821413951756057,0.03203607283357427,1.8851449560702881e+28,27.842634936530228,9.41249775104059e+37
1.4507792471720284,8.995077609138745,0.2382414671788832,0.031927827648048974,1.8780059398061962e+28,27.732647819017462,9.408337158584831e+37
1.450825857891423,8.986585557508366,0.2384742596304474,0.03193517812416123,1.8695880658032212e+28,27.603905888157772,9.399511049868315e+37
1.450950397313814,8.975587604729128,0.23878696233315574,0.031720889632862556,1.8457072869760216e+28,27.239620064027505,9.381685937501197e+37
1.4509112447261467,8.986299220739427,0.2384958939031463,0.031696823942100626,1.855338436576205e+28,27.38545473557886,9.39188899411157e+37
1.450869056923146,8.985106104328848,0.2385206277432129,0.03182267530122505,1.8614687722433147e+28,27.47993557442976,9.394889849757682e+37
1.4510564951518425,8.96491956992068,0.2390885945680304,0.031521159087962033,1.8232120564375907e+28,26.89779158877226,9.364007317704542e+37
1.4509880558567525,8.976018872956079,0.23878168667775757,0.03161487355099097,1.8399806325904773e+28,27.15158031643084,9.378211061651887e+37
1.4510226861762232,8.973695855694732,0.2388492004128419,0.03152467894607624,1.8323583830097214e+28,27.03587653752574,9.373053434827992e+37
1.4510879353034338,8.96454947111274,0.23910364583551771,0.03142811753427003,1.817455253163648e+28,26.809957053740916,9.360031442630387e+37
1.451194786076744,8.946667211203895,0.23959919872953533,0.031217893148805437,1.787364068922629e+28,26.35636564935459,9.334165017625322e+37
1.4511459193938674,8.947310330089596,0.2395739091650691,0.03146421403853393,1.8021146150503387e+28,26.57835095447573,9.342090241864552e+37
1.4512163855567441,8.936322855384361,0.2398801201788935,0.03125313562725703,1.7790611165884011e+28,26.231978568952364,9.324116108245552e+37
1.4511179760726252,8.955937032138827,0.23933853358635007,0.0314121726911542,1.807824013764785e+28,26.66512281337844,9.351072234088404e+37
1.4511707418751465,8.94558826388545,0.2396241270309074,0.031335741596443485,1.7930298523861365e+28,26.442103424474993,9.33727318513868e+37
1.4512358162627876,8.935149625458687,0.23991482987866097,0.031130932978170024,1.7709418501110742e+28,26.11051320324237,9.31962366870522e+37
1.4512535416018828,8.924762977279592,0.24019697672122464,0.03121828116816547,1.7656127651842852e+28,26.030352230216888,9.309528845459593e+37
1.451269101736389,8.92401550840684,0.2402196710141727,0.03108903956439995,1.7575670601556116e+28,25.910345685765368,9.30528621189678e+37
1.451284015291102,8.915502586123333,0.240451514451136,0.031114438612304497,1.750629080426716e+28,25.806738830239087,9.296328517942635e+37
1.451306909026832,8.906221972269606,0.24070587088416404,0.0310117628694747,1.735789458847619e+28,25.58596377016807,9.283092178180496e+37
1.4512957844429593,8.914337511114532,0.24048489087489786,0.03102667211186935,1.7445506346636255e+28,25.716091239785204,9.291823089267092e+37
1.4513224277972168,8.905574277650897,0.24072595125742063,0.03076852267724654,1.7215487014061858e+28,25.374694818768535,9.275102999081853e+37
1.4513157693554708,8.906114965011515,0.2407102325165306,0.030920938940650698,1.7306018959485572e+28,25.508719144525262,9.279235245215948e+37
1.4513309636510479,8.89560301534443,0.24099720327146876,0.03071776288533816,1.7091082395138034e+28,25.19058836057328,9.261413894571073e+37
1.4513276487755509,8.89592285015497,0.24098798828351703,0.030835473819874167,1.715966016437936e+28,25.291954139153084,9.265414146786362e+37
1.4513330672427245,8.887052440088175,0.24122942560066787,0.03073307585572683,1.7017578370519211e+28,25.08206882488339,9.252389629978132e+37
1.4513298818632983,8.88379641438065,0.24131730964609427,0.030554895706943575,1.6887945172625885e+28,24.891276675604544,9.242759585977642e+37
1.4513320334925102,8.885146007164956,0.24128101290462406,0.030664774204076182,1.6961553738675801e+28,24.999583613633064,9.247401920758066e+37
1.4513263909440217,8.874247168738643,0.24157640111107725,0.030580080848882998,1.6811220710829154e+28,24.778489881388857,9.233102577243132e+37
1.4513214532511516,8.87465538769069,0.24156446715847066,0.030484998826723782,1.6762804871837096e+28,24.707548829505736,9.229538999153815e+37
1.4513150640456982,8.866011210447125,0.24179892302428274,0.03047852551925951,1.6677784228767536e+28,24.582773692253063,9.220431570130776e+37
1.4513066427006291,8.86655581831363,0.24178266811273913,0.03038519977025226,1.6631823808568692e+28,24.51574006742541,9.216944683709535e+37
1.451296359952699,8.856110509008598,0.24206612276447442,0.030409743554820404,1.654744364879524e+28,24.392225623899645,9.206714365952893e+37
1.45127045312071,8.85467806526748,0.24210096063731026,0.030232637821573843,1.6437771468124712e+28,24.232723048205834,9.198171918593221e+37
1.45128449725002,8.856112773813889,0.24206408224437947,0.030307061250979216,1.6491590222229456e+28,24.310886859973433,9.20288955042004e+37
1.4512550840192504,8.843884740544134,0.24239386043002337,0.030268211068181283,1.6357056005184538e+28,24.115008400256006,9.187709707874013e+37
1.4512386196847127,8.844446082534702,0.2423757263448335,0.03015321230970328,1.630008227645743e+28,24.032375918880135,9.184225080969606e+37
1.4512203793938723,8.844417428643824,0.2423734652110876,0.03004732173603777,1.6242577333229097e+28,23.949097288602662,9.180371255247537e+37
1.4512013706056155,8.83656338715491,0.2425857120512561,0.030053092346680337,1.6173692010193978e+28,23.849090246092032,9.171719693703403e+37
1.4511800115913809,8.836451397291652,0.2425852160307602,0.0299544068382834,1.611956087459155e+28,23.771019879010222,9.167811020496473e+37
1.451156183886664,8.824100121990774,0.2429207788585925,0.030028625524951516,1.6046880079791299e+28,23.66578259198795,9.156359723616866e+37
1.4511320493672617,8.824832159459588,0.24289658835696948,0.029904763194719207,1.5987319572800844e+28,23.579904085253375,9.152973290627968e+37
1.4510783143186021,8.813788947385744,0.24319191928618003,0.0298512338852664,1.585910003223071e+28,23.39512268540899,9.138477818099403e+37
1.4511059492054132,8.824409417997973,0.24290385557757338,0.029819285914585308,1.5937804810482862e+28,23.508988218343216,9.148866241745882e+37
1.4510193252254198,8.804835491599555,0.24342931987077276,0.029787513291466585,1.5745030157811384e+28,23.23157005478264,9.12526726443364e+37
1.4510504518193603,8.816085663283229,0.2431238959577287,0.029733526413576645,1.581715768821178e+28,23.335490191197025,9.136060673696743e+37
1.4509874180387654,8.80428818682086,0.24343909905167158,0.029673757278420684,1.568002698170516e+28,23.138202660161692,9.121081133024822e+37
1.450954381022008,8.804973229856044,0.24341461669706327,0.029587493507285324,1.5640527364199052e+28,23.082542794434655,9.11765598126939e+37
1.4509195343648305,8.795042288783367,0.24368361630292457,0.02960355753793829,1.5560967002515793e+28,22.967884221739254,9.10767535650969e+37
1.450883579551602,8.795274645695907,0.2436711400834235,0.029509756886038536,1.5513710270238985e+28,22.900970968659777,9.103969389977346e+37
1.4508461104606254,8.785587534764806,0.2439335155198682,0.029559573867827656,1.5454509901516485e+28,22.81652682277678,9.094133002921654e+37
1.4507666919415092,8.77527395579879,0.24420684208619134,0.029524145693210397,1.534559651927798e+28,22.661932540323075,9.080043792273718e+37
1.4508071176040842,8.785667661717406,0.24392473491669026,0.029431115895947053,1.538805044757783e+28,22.721461424340905,9.090328968113728e+37
1.4507244769296233,8.774295932848199,0.2442269556678201,0.029421090058902793,1.5283512132922778e+28,22.573532195439135,9.075578417098637e+37
1.4506824377807872,8.766620484499748,0.24443370053397157,0.029439181051162115,1.5226138343244904e+28,22.492050604636976,9.06698285440388e+37
1.4506374581678054,8.765251658582521,0.24446429248043797,0.02936966581076196,1.5178329278493127e+28,22.424903355310473,9.062273262883681e+37
1.4505915058436605,8.765139524270335,0.24445967588904186,0.029226598430277875,1.510342550584243e+28,22.317772965375973,9.058345464416348e+37
1.4505453690227919,8.75738203637443,0.24466844176668784,0.02928386107317183,1.5066169014768758e+28,22.266261152319608,9.04969323813629e+37
1.4504956379467013,8.754531663764695,0.24473971189391874,0.029224884559935417,1.5011372807879761e+28,22.189081383178983,9.044051260896979e+37
1.4503428741133377,8.745271146504209,0.24497306808142277,0.02903938379866986,1.4837366020668563e+28,21.94342580636607,9.026736273726027e+37
1.4504456765845097,8.753890078604107,0.24474921870323568,0.02909309397115366,1.4938203508708723e+28,22.084729290279597,9.039792907459541e+37
1.4503949239700962,8.744703787816839,0.24499775415437733,0.029158769605146354,1.489353282715984e+28,22.022540577121074,9.030237502746053e+37
1.4502890282772383,8.744829389983199,0.2449763478188756,0.028924985188676672,1.4775182945065093e+28,21.85551815927088,9.022599283256166e+37
1.4502340996106995,8.734921867113124,0.2452449216663597,0.02901430254873409,1.473704045681704e+28,21.803226212042947,9.012587037828434e+37
1.450178279813352,8.735341999663753,0.2452236873640778,0.02887558145927112,1.4670108290184814e+28,21.708378571389932,9.008993671973446e+37
1.4501202909656525,8.723907587511702,0.2455352829626912,0.028953648313074388,1.461374733824283e+28,21.629301505609604,8.998015958270346e+37
1.4500623122921263,8.725572135154925,0.24547862792115793,0.02886140301847027,1.4581091078354469e+28,21.58528287209659,8.995203014723846e+37
1.450002909422223,8.716289716148186,0.24572998364060347,0.028870385707210146,1.4508211860102192e+28,21.481795025412623,8.98557228383866e+37
1.4499407408492422,8.713795347115717,0.24578978648286445,0.02881137418450077,1.4457851821614215e+28,21.411818444260536,8.980146684023465e+37
1.4498781167166934,8.71306424803029,0.24579979355139728,0.028747414704596075,1.441970559333478e+28,21.359936934183832,8.975829190171119e+37
1.4498159210321844,8.705887570778849,0.2459918652032346,0.028732831334723687,1.4353133104919528e+28,21.265883823325957,8.967515983909014e+37
1.4497503097097484,8.703647053294723,0.24604405391502365,0.02867353621254307,1.43050911872304e+28,21.19950045052329,8.962249622312856e+37
1.449685192892437,8.705660377338553,0.24597610353800134,0.028556206116594034,1.426304092088971e+28,21.141931467132228,8.959655683946244e+37
1.4496185729056326,8.696276935184352,0.24623020028215625,0.02858894021064209,1.4202600832828123e+28,21.05717980961198,8.949953642512413e+37
1.4495504545799411,8.69608202394553,0.2462241484645143,0.02852315623159877,1.4168332343327693e+28,21.011308570036856,8.945975947240537e+37
1.4494808512041646,8.695347559213275,0.24623312213618584,0.028418093936257105,1.411018446803382e+28,20.93010116160432,8.941656075852577e+37
1.449410140198097,8.6847442387665,0.2465217246267393,0.028471649850807478,1.4050792408501201e+28,20.847087456203273,8.93117989270133e+37
1.4491923466998702,8.674923147760637,0.24676373268891033,0.028335227886465295,1.3904581024381958e+28,20.645661177453206,8.913484207891704e+37
1.4492664153853312,8.685814613896575,0.2464669028212471,0.028290436883887948,1.3969969251763375e+28,20.73745024202019,8.924142613789805e+37
1.4493382127376588,8.683476293628187,0.24654548576379362,0.028407005865057663,1.4008659945872577e+28,20.78973371632333,8.9265285249499e+37
1.4491180424192796,8.675875923251954,0.24672398245713184,0.0282579556304149,1.3874278826362831e+28,20.605950261797684,8.910233141484608e+37
1.4490421164726568,8.66608791303241,0.24698970602454265,0.02828161587274122,1.3807742797254487e+28,20.51250472669275,8.90026242744576e+37
