0.241287050826061,13.21760371833585,0.026965111685623447,0.03475003958503109,1.4003027957546747e+29,1624998.3619207856,1.1504083342625245e+37
0.1836557374612657,15.177990788294295,0.017873563626743954,0.01484881543712438,1.1947203221221309e+29,5426812.252223475,7.938657244652598e+36
0.2118400532441859,13.979409551735975,0.022384128155077197,0.2906644690729177,1.5500264406229694e+30,34482581.36316567,9.627590259861016e+36
0.271805041339437,12.686834145385859,0.03164646319849559,0.04294462777933362,1.4098670867336263e+29,901969.146048351,1.3553291886374688e+37
0.15703033046426715,17.17909698612649,0.013502187926300363,0.007115428981471046,1.0634223002477161e+29,10570343.188182538,6.458660673887969e+36
0.13241086237915115,20.967645502202966,0.009328136313079263,0.003109433970129036,1.258730290391901e+29,29350510.574445173,5.223762151691456e+36
0.3356375292621984,12.038660303324631,0.041182555327792775,0.06194604015750524,1.5646145600009853e+29,348622.8410994353,1.8136367222366638e+37
0.36882371006042614,11.829509153065425,0.046054602976525257,0.07054450633620442,1.6322994681243003e+29,226990.00057849227,2.0658913435395728e+37
0.3032780956682505,12.31810770526377,0.03636787976095707,0.05274721550544654,1.4942475112547028e+29,552736.7832411566,1.5766311217205637e+37
0.4027860434751107,11.678550949478568,0.05094556573231865,0.07851445954402514,1.7037170185472875e+29,152519.8747862451,2.333101791977369e+37
0.11048872818995914,29.94623333316638,0.005450002551052266,0.0006845395155926818,1.6466927042134877e+29,94912570.6852938,4.32501454327313e+36
0.4374641579647292,11.548846490488446,0.05595318374748262,0.08499895758106044,1.7442537292363705e+29,103323.31356450687,2.6144787115644567e+37
0.4727824498959553,11.458747221480273,0.06094599096088039,0.09668953491004993,1.9079552473658915e+29,76658.88489433355,2.90981604428502e+37
0.5086480098200069,11.379405327379551,0.06602656710903157,0.09545246261643651,1.8192315941392568e+29,50711.013398852614,3.217890014678033e+37
0.5814973501700578,11.267356391805613,0.07623363768503247,0.1031426292828105,1.8709034368168323e+29,26706.299819986965,3.8679259125636584e+37
0.5449337622883749,11.317925999212635,0.07112099130809965,0.09956952075806452,1.8469863432743536e+29,36479.27101734072,3.5377677141482253e+37
0.6914634735428239,11.17064559085976,0.09143488130563712,0.10790338755119616,1.8746900000280237e+29,11256.005403947707,4.905136956578507e+37
0.6181969954192562,11.227709451428991,0.08133110252467228,0.774004055610841,1.3794376685257758e+30,145000.225972957,4.20693590890432e+37
0.6548954853722097,11.197549526550304,0.08639128617887293,0.10667116066616184,1.875706994319546e+29,14777.67335648922,4.553286264762478e+37
0.7277752328314849,11.149952247007421,0.09641513189020867,0.10830173246684129,1.864247022798802e+29,8665.989260717422,5.261080151263421e+37
0.8340798024865935,11.092520470986955,0.11107039108973492,0.10790501492612094,1.8100719602294677e+29,4255.5810348834775,6.335572834894377e+37
0.76371734938984,11.120821698388736,0.10144174564298111,0.10991159698805743,1.8673723497722145e+29,6821.324163927658,5.618338365297377e+37
0.7991827649996889,11.109979823567867,0.10625607620842253,0.1084301283972968,1.8332400668221112e+29,5336.909533558962,5.977733387626332e+37
0.9018353702471332,11.063523817648544,0.12040782859639845,0.10579078152965767,1.751532574044443e+29,2786.653327788452,7.043428243298365e+37
0.9345761755728984,11.0430416703404,0.1250106259965867,0.10479153092220128,1.718987652575846e+29,2288.2331678226424,7.389851075108857e+37
0.8683198640598622,11.071887310221042,0.11584545897530599,0.10840078109336344,1.801539186784e+29,3463.7463387669304,6.69051526707659e+37
0.9664981764184154,11.034707892329061,0.12937820845091544,0.10321673267034331,1.686775678297894e+29,1898.2490152761984,7.732562441322212e+37
0.9975659989624522,11.024170375275432,0.1336646781269229,0.10145650018417533,1.6501084062747613e+29,1585.27763730956,8.068466383233082e+37
1.0277555586004097,11.00664363820216,0.13792908779106858,0.1000277715663159,1.6139799627445262e+29,1335.8263771251413,8.395730951595218e+37
1.0570471378419188,10.992190078261862,0.1420466710291399,0.09826920371188737,1.5752213972410613e+29,1132.8460040044097,8.71563265333886e+37
1.1129224971761056,10.966155546608988,0.14991029369722123,0.09456803578618195,1.4980261499891052e+29,832.7139391380402,9.330766420055795e+37
1.0854390950847486,10.977739760992469,0.14605400279997643,0.09641492998235855,1.5353661560473397e+29,967.131907578597,9.027225515836795e+37
1.1395038173635688,10.944274131994707,0.1537976702986085,0.09296637965345414,1.4580209006436181e+29,720.2543256751206,9.62243936958591e+37
0.09263758973407464,67.38683188251322,0.0020306409651270666,0.00015743031532373882,2.1850761536863584e+30,3039704667.7744365,4.5142289976708917e+36
1.1651857940183843,10.929343847947184,0.15747877460450518,0.09095062884004321,1.4167041659594704e+29,626.0432154911132,9.90664442746075e+37
1.1899808751675955,10.915694208875186,0.16103102449756368,0.08902586433271062,1.3780850475024886e+29,548.121906868941,1.0181842406713057e+38
1.2139050528551512,10.898093305901442,0.16453380166431694,0.08740952022317425,1.342191125978095e+29,483.2722018869897,1.0446262543349014e+38
1.2369740694511304,10.878662116969087,0.16796006836787608,0.0857562513832708,1.3051073830529608e+29,427.7049887573015,1.0700421184235188e+38
1.2592065897641702,10.865015305504963,0.17119362200241053,0.08391813512848871,1.269142985238595e+29,380.47547017274246,1.094717272019992e+38
1.3012440451151035,10.826423316514065,0.17753937477001347,0.08070619878557024,1.1990434768786137e+29,305.0297530487626,1.1408056916294565e+38
1.3210923124698404,10.807240815310177,0.1805673696695333,0.07885653645800775,1.161220942376306e+29,273.8735431910744,1.1624545160400256e+38
1.2806234525402067,10.849964258733722,0.17434683931932887,0.0831379032258731,1.2486583401893309e+29,344.0625590601877,1.118404596505046e+38
1.3401953091426868,10.795203796777619,0.18338262418835058,0.07724680711706607,1.1311957964727102e+29,248.31237440212033,1.1835298669990524e+38
1.3585752075306727,10.777112903714064,0.18620965157410824,0.0756022856515267,1.097867947937047e+29,225.12966707049742,1.2034547823375065e+38
1.3762567040942775,10.754573078297316,0.18902846503502335,0.0742851004605242,1.0675066944499983e+29,205.19861123722313,1.2222979899123008e+38
1.4096225644176466,10.716084676227652,0.1943066398612622,0.07115724076206041,1.0043909706656933e+29,171.27328685356258,1.2578004266487525e+38
1.393264828814162,10.735941900342452,0.19169662053832778,0.07263295527212507,1.0347549081927883e+29,187.05536659563708,1.2404900867038485e+38
1.4253562533064492,10.698634392408167,0.19679588545312365,0.06987935626393571,9.783486393506487e+28,157.82564251044417,1.2744535990882054e+38
1.4404853400775945,10.675107185317932,0.19932305441598758,0.06850748435467317,9.486418045488685e+28,145.16405554219142,1.2899948620661685e+38
1.4550361251675101,10.655994010901225,0.20169760597434722,0.06729278051339017,9.235094196362879e+28,134.39202482963117,1.3050406234140178e+38
1.4690309005761817,10.638921803146092,0.20396434239623007,0.06593366909959823,8.976320392614511e+28,124.52161295678303,1.3194952249034532e+38
1.4954362697199635,10.593439234939346,0.20852199199810958,0.06651328840377235,8.863318095138101e+28,112.47547486873017,1.3456493858935862e+38
1.5198720902015264,10.557379489536078,0.2126531608850886,0.06120438471940582,8.018003054340318e+28,93.82791483548122,1.3698287304122652e+38
1.4824899900946933,10.61862664183243,0.20622644430560946,0.06454144933769186,8.703290622573366e+28,115.35214779920652,1.3330630574534974e+38
1.5078913547865747,10.569743443866516,0.21073008412308677,0.06251223415501546,8.237402128430557e+28,100.28617308179703,1.357674626586826e+38
1.5313978459276476,10.53564334135638,0.2147078419676198,0.06003175848115706,7.783759046683861e+28,87.71023443236169,1.380762228232923e+38
1.5531636588703235,10.486899647503972,0.2187716505398741,0.058269024947520745,7.382038888433528e+28,77.51598586378584,1.400539271336254e+38
1.5424902654768584,10.508596878691977,0.2168196478731687,0.059321829566970706,7.593486336213493e+28,82.53346983527943,1.3907459608932463e+38
1.563436372394343,10.466291387137218,0.2206522320354783,0.05726956589244888,7.1844084706100565e+28,72.99464608932708,1.4098773995368888e+38
1.5733253860434806,10.446504607767041,0.2224684788119197,0.056373195780546066,7.005363474288577e+28,68.96662450102032,1.4187673433063819e+38
1.5828462917968749,10.429147647715135,0.22418722557818446,0.0551052613539435,6.791100590190863e+28,64.87053735080617,1.4273559283466762e+38
1.6093462148973692,10.364696736537637,0.22935796076908993,0.06679258480012464,7.980208992627006e+28,70.15649736910775,1.4494220483382864e+38
1.592013605634769,10.405325878733983,0.2260018654961693,0.05435448384183199,6.622421579436422e+28,61.45878878541261,1.4349768531642974e+38
1.6175388943163773,10.346888499534034,0.23092231272288222,0.05175194407279562,6.130254874827253e+28,52.54191746309806,1.456220399775353e+38
1.6008419445673572,10.386199428437875,0.2276736304581622,0.05332076233860148,6.436987326182164e+28,58.10873576507034,1.4425096259476167e+38
1.6254311252402234,10.326379931117213,0.2325098774574651,0.05080248953961744,5.958384302944367e+28,49.840994534481574,1.4623977447106223e+38
1.6330366250615644,10.300400425280793,0.23418698322958492,0.05028495978575117,5.823869904518202e+28,47.5919048450854,1.4677274471063803e+38
1.640361032634201,10.276008791327568,0.23579571682301378,0.04963553922860885,5.6809124631269846e+28,45.396453453571425,1.4728042406807378e+38
1.6542096525109367,10.235803825694312,0.23872039919151172,0.048142947544143715,5.403130571315928e+28,41.399372376769605,1.4826327275446605e+38
1.6670439070599294,10.203483673838221,0.24133454937655865,0.04640502436749703,5.126375233918881e+28,37.78994387512414,1.491847718540229e+38
1.6474154115653104,10.262588281306199,0.23711943617554365,0.04871170176858303,5.538865887209138e+28,43.32177824113324,1.4784769564957654e+38
1.6731020109501262,10.174728843851131,0.24289608353175116,0.04612105350351581,5.0236162528302075e+28,36.36682598947332,1.4948311568700834e+38
1.660749410519721,10.223643777789878,0.2399492148481008,0.04726520195344939,5.273185873744061e+28,39.61444655487268,1.487757895767757e+38
1.678929552332074,10.15401591897289,0.2442393125138959,0.04531094689914543,4.88534630817134e+28,34.75633982550166,1.498248373577403e+38
1.6845361650561488,10.137737463580102,0.24544841631245592,0.044735090947785106,4.784720159287064e+28,33.477721653504155,1.5017999327941294e+38
1.6899259645240001,10.115009600947802,0.24678702038163494,0.04405288960325603,4.659173838427871e+28,32.08274867767901,1.5044569660151169e+38
1.6951091912399763,10.097988395640463,0.24796120981744507,0.043536261075137216,4.565921940505299e+28,30.962864810612707,1.5073980978594562e+38
1.7094725401009443,10.044806909219783,0.25138622214608874,0.04173611898562705,4.263075683505277e+28,27.714908287228166,1.5145191026881529e+38
1.7181287170973827,10.00420143514046,0.2536846585443484,0.04074535041507707,4.078431879772633e+28,25.85328755832316,1.5175870989143683e+38
1.700088930294556,10.075244511684296,0.2492510405961663,0.04293379664785825,4.452257615784534e+28,29.752477491173934,1.509518918583119e+38
1.7048739027989561,10.06338402153152,0.2502471570119831,0.04211076748118222,4.341266060023872e+28,28.60593425566418,1.5124668003821759e+38
1.713887729855489,10.022631076171518,0.2525931448922055,0.04113698216856883,4.155699816241305e+28,26.670635799739113,1.515973848988817e+38
1.7221986698714777,9.983720843830216,0.25480723518824117,0.04014281850842894,3.977159652274838e+28,24.91482409264765,1.5187731178929866e+38
1.7261052778324433,9.962259182053934,0.2559354114145547,0.03988004970976319,3.908839963845474e+28,24.210989265563683,1.5196494024041832e+38
1.733447555742658,9.920661298902912,0.2581017917610458,0.038896973186498526,3.733549709604931e+28,22.63963658262128,1.5209394356768054e+38
1.740198433683016,9.889279437358516,0.2599291938519329,0.03786532831125209,3.5774039958874987e+28,21.275274311466195,1.5225861416572078e+38
1.7298533950555375,9.942404504412087,0.25700336230484006,0.039308494742609904,3.8145786388864817e+28,23.37228259999982,1.5204919579662607e+38
1.7368949261916786,9.901909299916978,0.25910484728681105,0.03853612837924843,3.6640873382904693e+28,21.99880713471444,1.521521151337179e+38
1.7433643996177053,9.869536963124894,0.2609229803465346,0.03766164556233716,3.522785487884273e+28,20.760909732396787,1.5227176681656119e+38
1.7463975640576737,9.853501476531624,0.26180230512569985,0.03713265123640546,3.4451799085079648e+28,20.12784914846169,1.5230912567797513e+38
1.7493001928151188,9.831327414062036,0.26282890124474323,0.036852113404510056,3.3808524301827664e+28,19.588696722767093,1.5226300196943278e+38
1.7547375916451482,9.794514070243402,0.2646367904883611,0.03607761260512743,3.2482936298772337e+28,18.530853723440565,1.5220878934594858e+38
1.7572790573042816,9.783233274545731,0.2653256637583707,0.03546488311934195,3.1747797073734167e+28,17.98088142165167,1.5224056362993624e+38
1.7520785668693222,9.813169354446156,0.26373345136001924,0.036284350023059395,3.2981380855894455e+28,18.958413771219423,1.5224586635046726e+38
1.7620301778839038,9.745525820774816,0.26707239493271256,0.0348207286800249,3.057505556084174e+28,17.084473189388053,1.5209417039446666e+38
1.7597087406184821,9.763576473781733,0.2662274265668375,0.03532764887046028,3.130851101375585e+28,17.610006055723264,1.5216481018710942e+38
1.7642471960324178,9.724795650748591,0.2679784599241853,0.034708197831909274,3.0153484251313843e+28,16.743312022726837,1.5198022966351865e+38
1.7663627437412477,9.71499232126214,0.2685705382176342,0.03419337235558426,2.955678968115838e+28,16.31393881246593,1.519801560041333e+38
1.7683803938127345,9.693413330875533,0.26947587748505136,0.033836087212142776,2.8924563320234975e+28,15.874110632520921,1.5183256463971037e+38
1.7703050019322246,9.674261516848397,0.27030321327475143,0.03370555002251933,2.8529460008802148e+28,15.572348596559507,1.517018939677232e+38
1.7721376776361486,9.663333471406563,0.2708890359511404,0.03327221219444711,2.8003965154221133e+28,15.206640536432202,1.5165687292264769e+38
1.7738827059270086,9.643218094979526,0.2717214014171426,0.03289773423256195,2.7401791051581076e+28,14.806605303094631,1.5149379489275962e+38
1.7755434206878573,9.632670520114901,0.2722735957362256,0.03269662245956225,2.7085661004404145e+28,14.567465540816208,1.5143423798921352e+38
1.7771224193477564,9.614705059441746,0.2730249363885545,0.03227383204281999,2.64870373330451e+28,14.182333789519038,1.5127746526783744e+38
1.77862238150766,9.596051875491922,0.2737865448989961,0.032188538966066764,2.6161775656544687e+28,13.94920638154857,1.511032110228258e+38
1.7800452591127864,9.575792694161905,0.2745852753464097,0.03194930219492482,2.569437580816526e+28,13.645325371413215,1.5090047168090603e+38
1.7813930562923332,9.562369058016518,0.27517893729375054,0.03164504115828677,2.5271800713176944e+28,13.3702171290945,1.5077151955806802e+38
1.782669836179346,9.550984812062042,0.2757043997777468,0.03124962749369014,2.480782184057101e+28,13.077812361193253,1.5065964960662919e+38
1.7838785942190767,9.531255124638792,0.27646243881988347,0.03112748246013054,2.445667920601691e+28,12.849080908940886,1.5043877781875729e+38
1.785020538881057,9.52324361612006,0.2768721406682044,0.030766662289860035,2.4071761569369253e+28,12.606450790682477,1.503537090730373e+38
1.7880673884154106,9.477459382429197,0.27868454565154455,0.029953200056714126,2.2877359859705437e+28,11.879209440803539,1.4979130045979014e+38
1.7860973368458481,9.503809157028728,0.2776056822273847,0.03048210445468844,2.360676616777883e+28,12.325709600327365,1.5012157359323567e+38
1.7889629368527658,9.454770463064197,0.2794932273037704,0.02985017222120617,2.2527075123657227e+28,11.668073054045854,1.4949820867624478e+38
1.787112601241796,9.484563887522196,0.27832709455625404,0.030445231222313195,2.3340444648588548e+28,12.15207909149604,1.4988462783633094e+38
1.7905878029279045,9.433792004924898,0.28036917280273227,0.029426569024614664,2.1962113402823798e+28,11.323927186160015,1.4919805129434948e+38
1.789802828524658,9.444625429138183,0.2799248064935462,0.02966402901516149,2.226675074478812e+28,11.506200695816032,1.4935522081939852e+38
1.791320862382226,9.415684222186089,0.28102336782040827,0.02922548521239569,2.160350273892379e+28,11.116249878389999,1.4894429996837447e+38
1.7920002342157633,9.401183618425494,0.2815635693895622,0.02903670602730723,2.12991876985106e+28,10.938903170010125,1.4872989713892615e+38
1.7926324897554038,9.383490968627484,0.28219398871226314,0.028786839650458654,2.091795419400661e+28,10.7241761451868,1.4847027721595706e+38
1.7932171205445129,9.372936066622547,0.28260390402109015,0.028620653626050756,2.0680490659190795e+28,10.585161858011341,1.482961181137782e+38
1.7942486731730354,9.344285924059022,0.28363345163217313,0.028250507412492205,2.010295332399118e+28,10.26000903555489,1.4783803234118911e+38
1.7937550169732113,9.362332571207979,0.28300883902832114,0.02843127787678874,2.0427711618586902e+28,10.440111143205177,1.4811670957421103e+38
1.7946991512018675,9.33555569756413,0.28396997174763217,0.027896714866511733,1.9758635638473628e+28,10.071628851751427,1.476739332794677e+38
1.7951068459031687,9.323008784207735,0.28441673393305317,0.02769179985176622,1.9482050661832842e+28,9.919372515684067,1.474568106629834e+38
1.7954751246842118,9.303717564733438,0.28506494192161785,0.027702663018624406,1.9288885102944042e+28,9.810953354246154,1.471491204095369e+38
1.7958034047140292,9.293198665115714,0.28543978425411554,0.027540411391322364,1.9067754314888795e+28,9.689617691376485,1.4695019605057636e+38
1.7960938944150036,9.281685909911408,0.2858400662330349,0.02733927905688031,1.8811542789191344e+28,9.551691336291748,1.4673488091747463e+38
1.7963491616803264,9.264320617132418,0.2864165533300321,0.027172865915858737,1.8522787569851687e+28,9.39839330632147,1.46440479618037e+38
1.7965677945111864,9.25472025037554,0.28674856279502203,0.026886075766980717,1.8232529004308023e+28,9.245489501978748,1.4624310529322068e+38
1.7970230033354315,9.214805474669621,0.28806361069741176,0.02656189700637993,1.7627590944350405e+28,8.927417168367366,1.454877574784727e+38
1.796904455732858,9.22487453641459,0.2877302033015295,0.026700412547905766,1.781653847595915e+28,9.026085639489107,1.457004967617428e+38
1.7967521717106778,9.243320560386564,0.2871316713521949,0.02671196236901385,1.8003165966065771e+28,9.124499265488375,1.4601921653640144e+38
1.7971099229981955,9.200146500365616,0.28853654983633925,0.026300743462996195,1.7315887571156595e+28,8.767435791198992,1.4521200908634703e+38
1.7971694075446387,9.194418525117984,0.28872586002134926,0.02615724337036295,1.7167866758343856e+28,8.691050948819532,1.4505110128667684e+38
1.7972002746949076,9.167348174365952,0.2895834150284047,0.025809110191838142,1.669147358935863e+28,8.449156331969764,1.4451642049088743e+38
1.7971985901977385,9.175300654599173,0.2893321540937856,0.026093075628761127,1.6948443133537722e+28,8.579273480774424,1.4471155688296373e+38
1.7971728544114955,9.15558690080875,0.2899509901787775,0.025722729748401438,1.6529168913503155e+28,8.367636677341247,1.4426845397574141e+38
1.7971198058192912,9.144241254450757,0.2903021752841805,0.025577458572334948,1.6334234467175734e+28,8.270174637023745,1.440238059126077e+38
1.7969384843536282,9.116106959977627,0.2911687305118381,0.025297601713782765,1.5908507197406657e+28,8.058689576791135,1.434559041840424e+38
1.797040374451265,9.131981390028843,0.2906790632899569,0.025459427614793112,1.6150156743058827e+28,8.178781696210747,1.4376472261861752e+38
1.7968113700351318,9.104166502915351,0.2915299851518855,0.02520858321590576,1.574897937177108e+28,7.980700747485509,1.4319696165896928e+38
1.7966607200124978,9.093527190966247,0.29184660021118886,0.02508756581653135,1.5582006846803114e+28,7.899399413624426,1.429533359333971e+38
1.7964883827180191,9.08277890602639,0.29216393530880086,0.024957855430531622,1.5410048138095902e+28,7.815971686886906,1.4270656226919316e+38
1.796079138875652,9.064021370908508,0.2927018605447413,0.024574683740823205,1.5017428015550993e+28,7.6255164686118775,1.4224443599358662e+38
1.7958431876479022,9.05226029214826,0.2930436489069152,0.024543354752812104,1.4901229678547192e+28,7.571485563715799,1.4197906765834052e+38
1.7962948840307902,9.07579737747989,0.2923571884861239,0.030507996422784574,1.8764658337355019e+28,9.522556190032684,1.4250839549699422e+38
1.7955880688995645,9.041999647991336,0.2933345105775811,0.024414195048104215,1.4738994477360682e+28,7.494373766662493,1.4173232057762341e+38
1.7953134622627012,9.031477191588575,0.2936313576791459,0.024294396691972524,1.4581529583503436e+28,7.419979298100676,1.4148055262056724e+38
1.7950227331931798,9.016022485751368,0.29408705080121805,0.050039295753151976,2.977756195746091e+28,15.16493031905882,1.4116155081313439e+38
1.794711612457931,9.004765900296894,0.2944036440289294,0.024040317930609807,1.4216914716845269e+28,7.246579174369776,1.4089710083927855e+38
1.7943843091999536,8.996310423995798,0.2946266077786745,0.024027827305773426,1.4142939464191423e+28,7.215449897929698,1.4066926766628143e+38
1.7936788110548667,8.973106339334143,0.2952723621849471,0.023793418998463167,1.3825280219095663e+28,7.0672686619430864,1.401251340068083e+38
1.7940398771683947,8.98523449621104,0.29493316511436696,0.023795742621934797,1.3920324493141217e+28,7.108696064276109,1.4040491444929022e+38
1.7933042668991719,8.966327723651142,0.2954338870229033,0.02355494171045558,1.3635092660009791e+28,6.977329491172216,1.3991681415423684e+38
1.7929129904874082,8.955698186735225,0.29572000165951823,0.02352907526280713,1.3539577791705161e+28,6.936016219560225,1.3965526210031054e+38
1.7925069179273365,8.944809149002143,0.2960129404121239,0.023441388625605217,1.340731291608575e+28,6.876043113174838,1.393891969188178e+38
1.7920867243712018,8.93321484455066,0.29632765135618727,0.02337808359980106,1.3284671485514758e+28,6.8211367105851615,1.391126545368246e+38
1.7916538192161373,8.925342073550961,0.2965173874212728,0.02323744965913531,1.3146672032582325e+28,6.75843868593196,1.3888578873768236e+38
1.7912090028478078,8.909647037381578,0.2969659793966876,0.023136796529065258,1.297504109103055e+28,6.678492961625416,1.385522763075379e+38
1.7907473143220178,8.904388690932105,0.2970647590637793,0.023085197446641663,1.290794652871103e+28,6.652527260662788,1.383589008875797e+38
1.7897929920583777,8.886709150629066,0.29749712419189395,0.022859058933578574,1.2655117952922345e+28,6.539630772323507,1.3787380705031754e+38
1.7892970317509187,8.875346454404356,0.29779545258678575,0.022763484022110515,1.2521845046000111e+28,6.4797338135245415,1.375958128712764e+38
1.79027619102682,8.894832791566863,0.2973056637651818,0.02300548712691336,1.2794502197456348e+28,6.60274098483721,1.3810697428912533e+38
1.7887902514447576,8.863816083481819,0.298098381685016,0.02269434030085305,1.2402929105659368e+28,6.42729468058541,1.3731495520496892e+38
1.787747400988654,8.848407173615353,0.29844340847666473,0.022404557641357313,1.2138496200902456e+28,6.308631465153908,1.3685616875791207e+38
1.7872089112229956,8.837130480363351,0.2987342304045397,0.022409212952393343,1.2063850816251354e+28,6.279287958595334,1.365771159982792e+38
1.788274629666541,8.858207177971888,0.29820115207101483,0.022751810815658042,1.239504627315232e+28,6.4324752507893574,1.3711442465886186e+38
1.786660710777127,8.825232941585378,0.2990452062905192,0.02237762534863574,1.1965969809340215e+28,6.2379015219857115,1.3628910715759822e+38
1.7861038030745124,8.814914715118263,0.29930192878440415,0.022338880584857525,1.1875584603443546e+28,6.2004408621264,1.3602230226518417e+38
1.7855389842878178,8.807871519454086,0.2994465411361679,0.022198753476516127,1.175402094577105e+28,6.146683117311995,1.358000132339635e+38
1.7849628481780626,8.80391798767473,0.2994843469337342,0.02202680787196473,1.16368255097985e+28,6.0952239044613785,1.3561914551210533e+38
1.7843792332315478,8.793710829718313,0.29973393490987216,0.02196855458943168,1.1538926376351162e+28,6.053835961322067,1.3535278086429059e+38
1.7831897797807055,8.77682053475198,0.3001105642616599,0.02180969517563897,1.1345893527387906e+28,5.972441707909349,1.3486761529092456e+38
1.782583392695635,8.767480195801655,0.3003281201869175,0.02174404084447751,1.1251676580519859e+28,5.9329270350453465,1.3461241944026812e+38
1.7837895194176037,8.778681516125994,0.30014785890101187,0.02187815333332917,1.139357843027202e+28,5.987467297001079,1.350205184211182e+38
1.7819676400859392,8.753056651430118,0.30071909728317314,0.021703111494838875,1.1138423216383136e+28,5.883363710454727,1.3428715802618187e+38
1.7813456104458467,8.741350717939826,0.30101669138552234,0.02169463532098127,1.1059820987234082e+28,5.852052392116101,1.3399892693577149e+38
1.7794421221179626,8.713835735095653,0.30164451536582,0.022515656773374824,1.1298856184607485e+28,6.010577408653811,1.332378379108489e+38
1.7807190090850684,8.737085090905282,0.301057717487571,0.02153538861970502,1.0951876992453368e+28,5.805139106220618,1.3381279400422794e+38
1.780082834533874,8.723812892053603,0.301408020803235,0.021563102348119135,1.0882933437456834e+28,5.778910377469036,1.3350267640866081e+38
1.7787960336635147,8.70714157215612,0.301766816814256,0.021441877474734045,1.0718742960961771e+28,5.7123412282833,1.330180514736906e+38
1.7781420406847033,8.705223476488728,0.3017223354799765,0.02123454285225712,1.0603410037039975e+28,5.661276324231895,1.3286333386665447e+38
1.7774832922076738,8.696444886249298,0.30191501589903447,0.021172651984165784,1.0519304364955512e+28,5.626786449307594,1.3261468524376784e+38
1.7768191216686198,8.686290131095193,0.30215502651308457,0.021142637898140935,1.044320600120392e+28,5.596529482431587,1.3234714336134261e+38
1.7761487727110687,8.67380892022017,0.30247565416570193,0.021045598946627633,1.0320804710730226e+28,5.541379678772735,1.320474993653063e+38
1.7754737397149125,8.66450713089607,0.3026852965844228,0.021059582478791118,1.02724040034637e+28,5.525885388394654,1.3179151359571e+38
1.7747936242940363,8.664326350637548,0.30257566261468194,0.02091033389062045,1.019853980279159e+28,5.496671000857448,1.3166065572831511e+38
1.774110127545543,8.654452716394276,0.30280420424328813,0.020886750862681464,1.0129125481552886e+28,5.469783333288182,1.3139708232537103e+38
1.7734205931153784,8.643146467573482,0.3030824643068959,0.02078935856710399,1.001621113115591e+28,5.419332303973736,1.311136508833351e+38
1.772726611444834,8.641238487316421,0.30303075516595196,0.020717632824963306,9.97064159958739e+27,5.405244359700103,1.3095917947732975e+38
1.7720305564809937,8.624270048633349,0.30350775668011304,0.020761529501210987,9.894049912221646e+27,5.374265431584314,1.3059849650836912e+38
1.769914494273725,8.602939080732693,0.3038969724193423,0.02055626584514215,9.675679645629408e+27,5.287143518066073,1.2992218590498817e+38
1.7713292575474355,8.624354409893268,0.3033846727682967,0.020640230792005203,9.836725269127406e+27,5.353713290410553,1.3047171970303704e+38
1.7677678343367624,8.5833250817448,0.30422198899581515,0.02033471260389526,9.462782582072665e+27,5.202280590838779,1.2927079265852133e+38
1.769202899355993,8.594171212060278,0.30408470491136164,0.020518766584046617,9.608913311998964e+27,5.261227857368315,1.2967438821591374e+38
1.7706239544923275,8.614462435195723,0.3036121093497692,0.020486557687012342,9.707623310894397e+27,5.293979880300784,1.3020813427249488e+38
1.7684861543336048,8.592151120968785,0.30403297721606787,0.02036140305610947,9.524018990904283e+27,5.225321063245002,1.295190863277101e+38
1.76632101972647,8.564455383441455,0.30464273180025964,0.02029571492634145,9.341274357380082e+27,5.156547105322862,1.2875784132305804e+38
1.7670470589971705,8.576672373149409,0.3043338290997593,0.020266920772910303,9.394742678368444e+27,5.175417133618629,1.2905257365391309e+38
1.7655917030322683,8.561164517012806,0.30463399904807886,0.020174162004381782,9.267503002620242e+27,5.126398778858273,1.285857136624399e+38
1.7641292999351994,8.543141867931634,0.3050238019101286,0.020167758309163644,9.167453950437528e+27,5.092109326419517,1.2808571469970763e+38
1.7648618496547028,8.552323531637684,0.30482285660267333,0.020149545823792872,9.208499893571552e+27,5.1043019660637645,1.2833795818986588e+38
1.7633933741133547,8.542528211193229,0.3049184602918396,0.019962942513653013,9.071094304590363e+27,5.049108537946355,1.2795103800870772e+38
1.76265504305612,8.531996326324956,0.305167024580424,0.01997508059942052,9.020795894890691e+27,5.031636569971819,1.276806165442298e+38
1.7619152507624756,8.523309690782057,0.3053498291259194,0.019925467711927974,8.952676357216632e+27,5.004133172711918,1.2743582542483469e+38
1.7604281213869692,8.51096310501313,0.30553468872515793,0.019846781698762153,8.852922234711001e+27,4.9693113693152995,1.270156819920838e+38
1.7611741658805173,8.51545427640438,0.3055029583773708,0.019807745766322018,8.858846512679506e+27,4.962113495302618,1.2720279257078823e+38
1.7596829970889547,8.503711068348178,0.3056658194378751,0.019767298215048246,8.779965510928931e+27,4.938802612067537,1.2679141121845327e+38
1.7589354539552478,8.494472254682387,0.30586827645619336,0.019683470830874763,8.695342820154172e+27,4.901604234688581,1.265400948463596e+38
1.7581850544292188,8.492013535036113,0.30582630773260644,0.019654204185018877,8.66985570293667e+27,4.897675386650936,1.263817347314112e+38
1.756680771194034,8.481298704275073,0.3059506806535745,0.01951208369543514,8.552999808546998e+27,4.852385234682314,1.2598658058908024e+38
1.757433813642867,8.482716856242488,0.3060306624237462,0.019547631065022716,8.57574790422659e+27,4.854876234832028,1.261301435586959e+38
1.755928299205169,8.465400042168895,0.3063939794761081,0.019559024875318354,8.493518681989766e+27,4.828973291227318,1.2564550048866527e+38
1.7551718187821779,8.462489395043761,0.3063673181871699,0.019426766363994555,8.421592471525342e+27,4.798407015023697,1.2548205495418416e+38
1.7544146330617878,8.45136476975623,0.3066382512525242,0.019488058062713212,8.392779548829925e+27,4.792318330315419,1.2520657243417343e+38
1.7528994842693209,8.445028518941879,0.3066033021355556,0.019242936661629843,8.256195540798822e+27,4.734737996694199,1.2487462180556528e+38
1.753657000035898,8.452455919056275,0.3064662638076242,0.019346599233336963,8.337238497270684e+27,4.770896633711385,1.2509860494475538e+38
1.7506173562854692,8.425370102702193,0.30691857830590974,0.019141162014089795,8.11738702473161e+27,4.685556197657542,1.2423987536594765e+38
1.7521395771972978,8.434809120340223,0.30684169687171187,0.019296390974868828,8.229158023289305e+27,4.729475195334225,1.2461260687149022e+38
1.7513785671361755,8.423850020975443,0.3071074414078515,0.01931338714118154,8.183038482200155e+27,4.713195865630452,1.2434075046263768e+38
1.749854246270688,8.412838919436085,0.30724175512282503,0.019241377215890487,8.099384915060925e+27,4.685368008878101,1.2394720570266655e+38
1.7483279193974948,8.403382068609867,0.3073192173539947,0.019083298261742414,7.987796712790662e+27,4.641021566486213,1.2357628617185355e+38
1.7490915411689818,8.413584232902922,0.3070806333324967,0.019026596138802396,8.012524166074033e+27,4.64523513926893,1.238363010465287e+38
1.746798475112468,8.392813549631718,0.3074370216406843,0.018972718269448772,7.891697884032646e+27,4.605295244623927,1.2319137387794093e+38
1.7475626054941802,8.391331413425224,0.3076258342539095,0.019075938194517212,7.927628546291247e+27,4.616157574258226,1.2329119169840456e+38
1.7460338702894445,8.384523963379014,0.3076062738519816,0.01896858647551116,7.851091477305104e+27,4.591639305625892,1.2295859030891235e+38
1.7452686624386071,8.375209059633454,0.3078134335274475,0.01888401748965438,7.772767803435836e+27,4.555806694729377,1.2271214988334433e+38
1.744502157085315,8.373076191340505,0.30775661948349187,0.01887876430326308,7.760716114361552e+27,4.558744906092131,1.225638102590148e+38
1.742969130027472,8.36213401668758,0.30788852778143816,0.0187856513245413,7.672111259021818e+27,4.526551473467532,1.221772869464677e+38
1.7437367112048048,8.36402058466693,0.30795464076239615,0.018870520755858988,7.715469653998084e+27,4.54212268462016,1.2232170234225396e+38
1.742204116570032,8.354317413631872,0.30804133647279414,0.018791886510364786,7.638854840294875e+27,4.516833970579642,1.2195291192851518e+38
1.740670221476653,8.342271174285084,0.3082145465751931,0.01869483241257025,7.544771795012393e+27,4.480893867846241,1.2155354186113677e+38
1.7414385084838393,8.346096589561194,0.30820925271654037,0.018682373326369937,7.557046526775597e+27,4.478292176489853,1.2172333874704956e+38
1.7399030973009728,8.330555204296113,0.30851199187145484,0.018715371956769127,7.500171835377791e+27,4.464234044826727,1.2127698235299486e+38
1.7391379147438943,8.333317372314125,0.3082740983954359,0.018592653680447793,7.463353422887199e+27,4.452100297167721,1.2119787009833647e+38
1.7383710083860806,8.3219817753809,0.3085578823327219,0.018597631712980903,7.414714994636354e+27,4.432851245878272,1.2092733903838469e+38
1.7376064084997844,8.315811234331802,0.3086510241637072,0.018567792739566383,7.375414100968531e+27,4.419065194655245,1.2072764488869182e+38
1.7368393907708688,8.313377968747035,0.3086050788491558,0.018417834929750704,7.30515145746288e+27,4.386639767239788,1.205786640248088e+38
1.7360727599889134,8.311248660451005,0.3085478908414921,0.018444286201411985,7.306278955849249e+27,4.397012329197316,1.2043412448032093e+38
1.7353081685794107,8.303210044960354,0.30871058589250705,0.0185487684763612,7.312202658657409e+27,4.41028049361472,1.2021014293787998e+38
1.7345428151663345,8.292618955972804,0.30896853203000435,0.018437639207412183,7.222156251165259e+27,4.365588593261285,1.1995180678670832e+38
1.7314868760025255,8.271563573510335,0.3092092855631061,0.018288524761092904,7.073262111443383e+27,4.31345010714559,1.1921130152990845e+38
1.733779113025071,8.29357199490035,0.30879700736718585,0.018371494169620035,7.20038289876839e+27,4.362021542969152,1.198504078606409e+38
1.7330151157875286,8.284178635123478,0.30901092264676977,0.01832923467477089,7.143229851969891e+27,4.336945042409315,1.196092156310348e+38
1.732251437959459,8.27419684382153,0.3092473716205092,0.01836865028164636,7.115566895951621e+27,4.3296810125482414,1.1936041939037792e+38
1.729960673314285,8.258958297867478,0.30940825218013773,0.018256138757855683,7.007099934666816e+27,4.291985107241496,1.188151008048455e+38
1.7307249337023272,8.265023904271477,0.3093177707761287,0.018277105733111636,7.040945966064239e+27,4.303202733943655,1.1901000503880248e+38
1.7284389869827665,8.250961334952512,0.3094357139880415,0.018145518023393523,6.930988019753592e+27,4.2640857234547775,1.1848303033548824e+38
1.729199331878325,8.260535296272515,0.30921304178789194,0.018038785405215012,6.930287723799053e+27,4.254289285053326,1.1872411793894787e+38
1.7269196728132583,8.242659252188183,0.30947510963746955,0.018046219719477858,6.858450230185386e+27,4.238052714943855,1.1814827743170676e+38
1.7276782653330067,8.250501412006527,0.30931676680271153,0.018079302970214418,6.903771595383176e+27,4.2567006890037185,1.1836511978628122e+38
1.7246442769014452,8.221383259001641,0.3098671747565356,0.018041506533863563,6.768622431531189e+27,4.2102092268532605,1.175299427678592e+38
1.7261598971500725,8.231472466228741,0.30975935266536997,0.01811404189209474,6.837636893588682e+27,4.234498355417964,1.1788648291406998e+38
1.7238883307744302,8.221529530415744,0.3097258432552242,0.017930712743654206,6.72765443019132e+27,4.1939096859886345,1.1742219399431988e+38
1.7254024365880403,8.23191791161546,0.3096066720484444,0.017989678934528668,6.792530306379965e+27,4.215805804389853,1.1778207051804907e+38
1.7231317782447546,8.21113409530796,0.3099818618195851,0.017963641402386446,6.69750609123211e+27,4.1842893190855985,1.1717279696480518e+38
1.7223785952962432,8.213853288037782,0.30974379386736545,0.017810466963283065,6.651399455723082e+27,4.164577800701004,1.1710045515097906e+38
1.721624596218421,8.204926752669177,0.309945036198786,0.01786845616460706,6.636874266278035e+27,4.164590888762708,1.168717914353358e+38
1.7208705334570307,8.202020202764318,0.30991906897474003,0.017800711721311313,6.600009454117529e+27,4.150540101873441,1.1672419916421653e+38
1.7193673015041477,8.193382707280797,0.3099747778592398,0.017720420632947993,6.535717147327436e+27,4.128107330070414,1.1639253537735396e+38
1.7186178714844902,8.184575525859344,0.310173076828388,0.01776463742903732,6.516886670601407e+27,4.125196098334521,1.1616726490052543e+38
1.7201176535784546,8.191439144171738,0.31018363355961165,0.017887199820701773,6.589408345344683e+27,4.1529500160269155,1.1647406060634934e+38
1.717869000134719,8.174932459888762,0.31040363940106697,0.017738621495597285,6.469098301433572e+27,4.1038793533732605,1.1593112652195006e+38
1.7171198236753777,8.17314201192546,0.3103362387482024,0.01774159256535834,6.4630995296639e+27,4.109025925070088,1.1580044240551037e+38
1.7163722594323296,8.173198922774729,0.3101989709885621,0.017620638265542454,6.419260473899787e+27,4.09004995603506,1.1569484734306303e+38
1.715626142140534,8.163165614904466,0.31044522397563745,0.01765986116444011,6.394157656942728e+27,4.082922266843785,1.1545475181230389e+38
1.7119107753023626,8.141548822742672,0.31059540695465293,0.01752619865137579,6.26218516550523e+27,4.0422328312389775,1.1464166944142248e+38
1.7126513055367074,8.140759776980424,0.3107598804232632,0.017570395153888984,6.27493517332244e+27,4.041713652938691,1.1473525126853372e+38
1.714880303849553,8.161661540595283,0.3103674489970033,0.017605906607486507,6.368751672369053e+27,4.075550712854887,1.1532896518499617e+38
1.713393498994413,8.152702036607527,0.310439145856455,0.017543035244633434,6.311253196899836e+27,4.05630943427221,1.1499919589711809e+38
1.7141357193113238,8.151067909482185,0.31063588799371045,0.017613906919955853,6.330401729460547e+27,4.059815475170103,1.1508213602425935e+38
1.7111717484653883,8.131893430779284,0.3108299496388496,0.01751232543696308,6.220212608135864e+27,4.0238174520588705,1.1440921670302837e+38
1.7089588862936667,8.119549344013775,0.31089993013417205,0.017419984701482837,6.140594422095371e+27,3.9980975653166295,1.1393541827639429e+38
1.7096945684701317,8.129567123742502,0.3106504920980295,0.017413619977137574,6.176311425257284e+27,4.012708148607651,1.1417142820150894e+38
1.710435095814217,8.134145777822507,0.31061010673816847,0.017439270425870186,6.202847253434027e+27,4.021232083527856,1.1433598781427449e+38
1.7082244508919016,8.119486499794379,0.310768724319787,0.017379608451154722,6.126124595988025e+27,3.9972582138647472,1.1383219335432426e+38
1.7060282054197269,8.1009472488667,0.31107946115724716,0.01732602738821681,6.037832138144084e+27,3.965071722229871,1.1328086043856976e+38
1.7074917630244217,8.1112355895796,0.31095141462289044,0.01733790263714357,6.08043506810191e+27,3.975965581478251,1.1362058867709644e+38
1.706760958331405,8.104402832459842,0.31108037618464174,0.017362576923940023,6.063484873372156e+27,3.973377667347197,1.1342831833237327e+38
1.7045701668096322,8.091104755243464,0.3111916923142717,0.017289319896026365,5.98852748620896e+27,3.9495414759542604,1.129486656961664e+38
1.7052988654920043,8.101242640489977,0.3109351344527017,0.01730860487982985,6.032860469889905e+27,3.9702861885430445,1.1318378849523082e+38
1.7031178228410015,8.081997387773605,0.3112769219012945,0.01724691148130595,5.940293186373155e+27,3.9344629418219808,1.1262782240431783e+38
1.7038423115856112,8.08980039037567,0.3111089665693144,0.017189483883219822,5.949149513582119e+27,3.931958604388092,1.1283096429391772e+38
1.7023933268482037,8.081683736618382,0.3111565821437071,0.017122629010923946,5.896342733514562e+27,3.9136702057895176,1.1252403307857322e+38
1.7016694603560034,8.081364445773255,0.3110365651679382,0.01713716721469793,5.900183445208513e+27,3.924556076068498,1.124203313618836e+38
1.7009487826907572,8.07282367770589,0.3112337639665466,0.01709495113971444,5.854613312564512e+27,3.9025015105043313,1.12208647939834e+38
1.699508416882557,8.061516260872828,0.31140639048633345,0.017118192146995878,5.821629811616986e+27,3.89698769640903,1.1186230535993683e+38
1.6987898420374363,8.061090215383409,0.3112911752281558,0.017007528731294897,5.782466673322067e+27,3.8789654279222208,1.117586063257984e+38
1.700228342327549,8.073060685562803,0.3110928069742834,0.01708740785223382,5.852889007690352e+27,3.9096247804063675,1.1211306558608582e+38
1.6973587634055707,8.052120787956545,0.3113754019373813,0.016977897127721634,5.740349301810383e+27,3.866972939602076,1.1144548885430252e+38
1.698073864040816,8.052526440259657,0.3114908926284765,0.017080933298713654,5.776641440852511e+27,3.883234087725148,1.11548140110196e+38
1.694512113775884,8.030609810497236,0.3116858511165256,0.016994958608826393,5.669774071953983e+27,3.8516198108960418,1.1077661602066113e+38
1.6966438941125734,8.050259048522552,0.3113162410581071,0.016987537510182876,5.736971924736019e+27,3.872846461085455,1.113237988892026e+38
1.693804433570833,8.032296860112357,0.31149024449003904,0.01684570674037718,5.625887037582981e+27,3.8297967728171236,1.1070318024459652e+38
1.6959330753323387,8.042584498571062,0.31148275903987593,0.01698367173010683,5.708378563483004e+27,3.86162647498758,1.1112638799150427e+38
1.6952223615853683,8.0418700265027,0.31137988791395754,0.016965044046751684,5.699585296197994e+27,3.863767122013232,1.1102065326114393e+38
1.6930975738721485,8.022103202376067,0.31175589751031774,0.016959868169738292,5.628163602884197e+27,3.8393510543796037,1.1047404914260292e+38
1.6923913663395533,8.020016564921725,0.3117069394911818,0.016905262092074238,5.602750100332071e+27,3.8299957679672425,1.1035158745640938e+38
1.6895853598470483,8.001190175278152,0.31192233979221073,0.01689474884668165,5.533854323866412e+27,3.8144162278959706,1.0972847736911957e+38
1.691688182717893,8.011726061487298,0.3118998453039954,-0.17815752700841161,-5.874050148596303e+28,-40.23806796209214,1.101483217432762e+38
1.6909843449597912,8.008909664609602,0.31187971379668245,0.01693733520641868,5.574617523491422e+27,3.826645125773209,1.100169495405899e+38
1.6902858995618177,8.003073860346511,0.311978222077466,0.01684079955936089,5.522679612916359e+27,3.798831705658749,1.0984688279338572e+38
1.6874948699050454,7.99008173440336,0.31196952700670166,0.01681066042527561,5.468193855183027e+27,3.792561605588359,1.0930417290619644e+38
1.688190296152304,7.991974670388266,0.31202416955621765,0.016746842023557258,5.453890757800258e+27,3.7748568284074167,1.0942161003690061e+38
1.6888876835435038,8.001492427522622,0.3117817606320579,0.016785694277004444,5.499172196417603e+27,3.7983460076372735,1.0963913183838614e+38
1.686802874953268,7.984380206330889,0.3120642784183672,0.016704326702209234,5.414246684919035e+27,3.7628544884716693,1.091376005232139e+38
1.6854188653918083,7.981455955548425,0.3119224724278679,0.01669776959213086,5.402217784754103e+27,3.7699351712147746,1.0891551294310128e+38
1.6861103454870474,7.983472321668889,0.3119716316514252,0.016743861277480922,5.423975938390451e+27,3.7773639952549374,1.0903367051976418e+38
1.6847308889929355,7.974151192798731,0.3120807693878896,0.016724116329242693,5.38602699716409e+27,3.7663170884488193,1.0872908885405522e+38
1.682670798688743,7.962589576536783,0.3121517414467459,0.016664747519805602,5.328112801881453e+27,3.748682583861944,1.0830611170395565e+38
1.6840428235913742,7.973775555189817,0.31196800750315895,0.016661283199829048,5.364527782484033e+27,3.7589529651310074,1.0863302669117399e+38
1.6833557091734679,7.972307446093155,0.3118981457430035,0.01677976958274298,5.397705717020871e+27,3.7899263428789602,1.0852295010178719e+38
1.6819857727159593,7.959951529136888,0.3121280721456085,0.016660781839703747,5.318026668133226e+27,3.7492117446811206,1.081814286488022e+38
1.6806247397520038,7.95147086934207,0.3122081352081146,0.016903259488806995,5.366743475140879e+27,3.7989022871447813,1.0789205336505605e+38
1.679946123146713,7.951541372432497,0.3120793021111388,0.016549761181960748,5.254741582953582e+27,3.7271394454031457,1.0780370831028585e+38
1.6813042200902488,7.950884324359204,0.3123574028847179,0.016660435483344935,5.287696766159977e+27,3.73539105165829,1.0797382929062521e+38
1.6792673282978823,7.940405725598374,0.3123906881568168,0.01659790821229222,5.233230274041992e+27,3.7193898406874872,1.0757024686341677e+38
1.6785919756395402,7.9426197688503795,0.31217800829701586,0.016535125630928106,5.220707697902536e+27,3.717959995162213,1.0751037963362979e+38
1.6779168669364017,7.9399313748318345,0.3121581125434236,0.01650683266174555,5.202960274744894e+27,3.71278122327861,1.0738710426483303e+38
1.6772453778984195,7.933461433783922,0.31228766039958256,0.018686414222512448,5.866006816985365e+27,4.194310642216141,1.0721556573922633e+38
1.676572649977138,7.931921567410025,0.31222300640690803,0.01648068515771117,5.168569207537447e+27,3.703049330028271,1.071077228193357e+38
1.6759031757931055,7.921682420468982,0.31250173404013865,0.01651885684143734,5.147189346579478e+27,3.6951032035708655,1.0688805618575939e+38
1.6752336972433965,7.919761746453506,0.3124526545413482,0.016478478190417846,5.128385958591725e+27,3.6889668192748255,1.067760168155741e+38
1.6739023050428015,7.911200585639734,0.3125421868463058,0.01646548583725434,5.096705587190448e+27,3.680781672463968,1.0649236537966996e+38
1.6745670154206242,7.920861480504167,0.3122849460700208,0.016442581348835795,5.120768099364674e+27,3.6908253420332686,1.0670338617338299e+38
1.6732375028856028,7.910475604335752,0.31244669107359774,0.016400231005125346,5.074181063778194e+27,3.6718003410563216,1.0639669043471707e+38
1.672575225166178,7.911961388742644,0.312264371717954,0.016364873765050185,5.067998443584058e+27,3.674592825350371,1.063298252436325e+38
1.6719145682214613,7.901262839788462,0.3125636776063791,0.016407502890037413,5.046938958767435e+27,3.6665591007202623,1.0610654390158592e+38
1.671257135548967,7.904678494792908,0.31230576348995304,0.016336207450333592,5.035879277140313e+27,3.6657258785852984,1.0606531053567255e+38
1.6705957498103676,7.899609755155289,0.3123824810644803,0.01634176096624026,5.021460586120365e+27,3.662471425662318,1.0591462198594967e+38
1.6699403613956323,7.891840233671384,0.31256735094584015,0.01634510663718485,4.997838273722361e+27,3.6524008818917735,1.0573018964499281e+38
1.6692850903970489,7.890733291439591,0.3124885329999917,0.01624717426897194,4.964410413880284e+27,3.635098251138569,1.056314172321683e+38
1.6686295525495167,7.887247846947896,0.3125038541710132,0.016236928690853664,4.950332174033869e+27,3.631915490408207,1.055022015426501e+38
1.6679778513913868,7.8879294557098225,0.31235480902339763,0.016252573224145608,4.957243343079286e+27,3.644096663798699,1.0542694587902005e+38
1.6673275743832618,7.877418307848101,0.31264965930462696,0.016294050785310328,4.9368692248733793e+27,3.63620205321204,1.052087142369117e+38
1.6666792383880398,7.879313702890412,0.3124529066293058,0.016225200706408465,4.9219256953775464e+27,3.6322520136808167,1.051496429785989e+38
1.6653852262526636,7.867901368061691,0.3126631765869494,0.016240265208093286,4.890921239425127e+27,3.623415839867853,1.0483772495786746e+38
1.6660330969057406,7.870819635746368,0.31266883790556693,0.01626171182366622,4.906469233740619e+27,3.627872403596026,1.0495808385759935e+38
1.6647408179102254,7.868441912907466,0.31252072294312533,0.0161157832208396,4.8550996662050364e+27,3.603844606645159,1.0476206910921479e+38
1.6640979295523481,7.859043731789195,0.3127736152667171,0.01624688808235033,4.865435652541006e+27,3.618498355728022,1.045598564478476e+38
1.663455628895297,7.85768734238421,0.312706862344238,0.01619991835613349,4.847184650703272e+27,3.6118899308500696,1.044604865104511e+38
1.6628160519694295,7.8585837304561625,0.31255097550383487,0.01608265443848778,4.8148434579526913e+27,3.5946960784819906,1.0439022184320646e+38
1.6621785013012662,7.850639881729007,0.31274727894751625,0.016178774337781466,4.8191885220254347e+27,3.604845527814201,1.0420772136312863e+38
1.661540471249477,7.848416578968143,0.31271579154501056,0.016148445064569916,4.80334698305119e+27,3.599899588395046,1.0409812197881483e+38
1.6609048156607793,7.848562583767312,0.31259034070890446,0.016034711602436573,4.769960676369466e+27,3.581724065272321,1.0401903126109014e+38
1.6602713518062437,7.848499903340042,0.31247361522576966,0.016073376684439054,4.7812717293980623e+27,3.5970717702133923,1.0393757569071689e+38
1.6596385896827168,7.839924022624722,0.3126962015365329,0.016088124715986425,4.7595699199674084e+27,3.587576220409505,1.0374828829105957e+38
1.6590074877340586,7.838449667570432,0.3126360877163041,0.016033067258144556,4.7388231526313255e+27,3.5787372890105233,1.0364943702464345e+38
1.6577484840337133,7.826992778233027,0.31285611033302985,0.0161017086596046,4.7244324865728445e+27,3.5814384983331506,1.0334458493581318e+38
1.6583787685062268,7.83014508900778,0.31284906029344034,0.01611570420149267,4.738068681191026e+27,3.584955377340481,1.0346437221639183e+38
1.6571230318442767,7.8293308806954,0.31264467865705253,0.015972063543529678,4.6933969195734797e+27,3.564630873616347,1.0329503829421816e+38
1.6558737130307206,7.8181799244716625,0.3128545576088413,0.016051913737922332,4.683366433321308e+27,3.5704514145275015,1.029960381545904e+38
1.6564972885875513,7.828464087881513,0.31256122541689296,0.01598203978641277,4.693729342503956e+27,3.5716216259530547,1.0320487487898264e+38
1.6552513253460905,7.818600148449376,0.3127201574375124,0.015980988282398342,4.6639261754967006e+27,3.562320529178643,1.0292280426418757e+38
1.6533921427394382,7.8062079732313725,0.3128647877841102,0.015992969862181704,4.6305515572114663e+27,3.556758880712893,1.0253216389996542e+38
1.6540109770700855,7.807628461439201,0.3129249446782208,0.016029691348760155,4.6454080708794475e+27,3.5615002603315165,1.0262793808473451e+38
1.6527767336214483,7.806964541902871,0.31271802810551685,0.015918278487861884,4.611159555681979e+27,3.5484627019621175,1.0246430600136889e+38
1.6546302305082012,7.816888450242514,0.3126712684236671,0.01593536449926129,4.645522751930282e+27,3.5549284609279,1.0282283011166806e+38
1.6515476108475806,7.796986353256868,0.31288537174687375,0.015956392788976904,4.5927373145431566e+27,3.5474571941817903,1.0218431795778277e+38
1.6521626038973025,7.799298034667776,0.31290910952707046,0.015979670930603367,4.606259816326968e+27,3.55128510008365,1.0229058755957623e+38
1.6509356895104048,7.79765614297043,0.31274257763525326,0.01588270673845017,4.5734921106371227e+27,3.539143738888594,1.0211600393017395e+38
1.6503272504836288,7.798812381949402,0.3125809692744359,0.01587342315535691,4.5742086815424414e+27,3.5462281028970386,1.0205420372588048e+38
1.6497157349915852,7.786121923416944,0.31297442616731375,0.015963209301929394,4.5627768103377866e+27,3.5439263657785527,1.018182792481735e+38
1.6485024172743772,7.786925761097189,0.3127119583017669,0.015814409884004028,4.522579182370869e+27,3.5256507215164117,1.0167668325773216e+38
1.649109613318953,7.788034210255887,0.3127826162815733,0.015855083171812473,4.5374389490229386e+27,3.530727705894058,1.0176649958072021e+38
1.647898559378324,7.777448797402706,0.3129783154020268,0.01592325376638806,4.526063438597271e+27,3.534836364902214,1.0148249415952615e+38
1.6472944079904506,7.776727934815124,0.31289257235666934,0.015860362830051888,4.5060983219704194e+27,3.525701907799984,1.0139813281588922e+38
1.6466928932289453,7.777957764567884,0.3127288629784488,0.01577947512790267,4.486663236711628e+27,3.5169117034056416,1.0133853635651292e+38
1.646091303632841,7.77608299472894,0.3126899827432866,0.015719429014287984,4.4642059313756867e+27,3.5057073988538727,1.0124011878965118e+38
1.6454941611217375,7.7686540535427415,0.31287545809873696,0.01581242811604219,4.469207232375699e+27,3.5160076610370683,1.0107297272966227e+38
1.6442994448125903,7.76690779486723,0.31271858758372983,0.015723180140388662,4.438989877288929e+27,3.504940514597018,1.009026441890587e+38
1.6448963436196957,7.7686801346373935,0.3127607386363821,0.01575233201075466,4.452296471479217e+27,3.509073356693344,1.0099895547958251e+38
1.6425187074630196,7.755811477124115,0.3128268458656777,0.01572847548019574,4.4088555190617505e+27,3.5000584045798813,1.0054345103801049e+38
1.6437037780186787,7.7660218328923225,0.31264096418559556,0.015629949183180968,4.4101526195987397e+27,3.4884853214891542,1.0081759201806167e+38
1.6431110235027158,7.755914026226265,0.3129355180534098,0.01578628230412687,4.4253519274179076e+27,3.506826784589848,1.0061811889616882e+38
1.6413408143062254,7.747561291132878,0.3129353922108897,0.01574998770391894,4.391454016421024e+27,3.498771194373958,1.002950204661836e+38
1.6407529301077404,7.7477670752311605,0.3128149984333415,0.01568792551013521,4.3747306112747145e+27,3.4916959582757565,1.0022491354781635e+38
1.6419298376051028,7.756991909518283,0.31266710446980284,0.015614103667894915,4.38012765842791e+27,3.483492185215116,1.0048516847339053e+38
1.638997513039144,7.736342649504462,0.3129417688352456,0.015705555071314225,4.347451955513821e+27,3.48854529334821,9.986646609074076e+37
1.6401665001688865,7.747196496424054,0.3127262241175723,0.01564055260234374,4.3599144464081023e+27,3.486095885808998,1.0014535391173587e+38
1.6384162304976768,7.737354289332926,0.3127898798850644,0.015632364448366725,4.330022029897958e+27,3.480726870829587,9.9807378769268e+37
1.6378366165325964,7.728452452045797,0.3130393780972534,0.01562583565366523,4.303372758062067e+27,3.465430015799633,9.962574017799844e+37
1.6395835746707408,7.73884719314063,0.31295235404498073,0.0157218638557182,4.35901542179623e+27,3.491577278580529,9.996978233373442e+37
1.6372554998904587,7.735304880542857,0.3126510974530806,0.015523181280776172,4.294087850019324e+27,3.4640941162210637,9.963903484625898e+37
1.6366789562719917,7.727231269154294,0.31286755133947286,0.01563345403561759,4.3020703783959125e+27,3.4766507555343193,9.946832532519523e+37
1.6361014970509442,7.725928416373136,0.31280990566773903,0.015597385178970498,4.2885276464437486e+27,3.4718268034904307,9.938127810811779e+37
1.6355262285041055,7.727448144224679,0.3126384212828857,0.015502443001728702,4.2666169797587944e+27,3.4601676314604553,9.932936829371091e+37
1.6349529852667342,7.71628553546794,0.31298095672458,0.015629709289841306,4.2706636416989377e+27,3.4695254088249072,9.912129715357927e+37
1.6343812569806082,7.716729846785464,0.3128534956997171,0.015586392580367637,4.260054057498295e+27,3.466963678865478,9.905673375370285e+37
1.633810453218792,7.716927375090274,0.3127362271236727,0.015526352814340503,4.24418722023261e+27,3.4600886759416816,9.898923834233558e+37
1.6332400738686192,7.716053211497316,0.31266246582237867,0.01547490161024623,4.2277274675634224e+27,3.452692442637626,9.890861572156405e+37
1.6326743666190588,7.709195488809422,0.31283220144173596,0.015547596575728295,4.228745741341416e+27,3.459511270051161,9.875504669694471e+37
1.6321053882995014,7.706307031260221,0.3128403951587604,0.015542293009544352,4.2193898073350616e+27,3.457878299883998,9.8649986685131e+37
1.631540367407089,7.707407869537891,0.3126874254090956,0.015469084663847405,4.20251569587857e+27,3.4500173109134336,9.85944892597985e+37
1.630412926046826,7.695987468535087,0.3129350388359735,0.015567982946952675,4.19814199539416e+27,3.458359387473874,9.83167515719198e+37
1.6309754825092424,7.7061357471625795,0.3126307645829849,0.015404940569251692,4.181636902361865e+27,3.4388260217332522,9.850987735593516e+37
1.6298507236964603,7.696209894926285,0.31281809098502245,0.015496165032073225,4.1793791101953626e+27,3.4488449252355164,9.825100259555897e+37
1.6292920092795076,7.696684792339812,0.31269156189262454,0.015432826484472544,4.1635807832887246e+27,3.4417031182942375,9.818875966099188e+37
1.6287327252734516,7.68677840798699,0.3129870697471571,0.015455858054997192,4.143028736192629e+27,3.430598399859003,9.799937953725075e+37
1.6281754043492649,7.686959961923559,0.31287258187452266,0.015492329393298,4.1532955297828064e+27,3.444989740669819,9.793389241634656e+37
1.6276185622085912,7.685078192165059,0.312842162110315,0.015473173368346242,4.1430851763772035e+27,3.4424032171981924,9.78432273997969e+37
1.6270647622192038,7.686444838865843,0.3126801127509142,0.015393912943288318,4.125528747555662e+27,3.433653504452041,9.779267042303248e+37
1.6259585014240874,7.675065021706615,0.31293081331937256,0.015501978021011095,4.1238271277474563e+27,3.443929189695368,9.751955911253492e+37
1.6248588841204186,7.676521754109113,0.3126598387139381,0.015353498588236975,4.0882062289184634e+27,3.4257494505382695,9.74041476562396e+37
1.6254100040183026,7.677914278913935,0.3127091611334245,0.015382663819422708,4.0996885171214477e+27,3.429551012846574,9.748787506110156e+37
1.6265104864783422,7.685000057938629,0.3126323590439697,0.015372514582650163,4.11592361673635e+27,3.431500101881367,9.770773045373406e+37
1.6243108419086794,7.675580555677273,0.31259270909809295,0.01532499493433152,4.0781155492922243e+27,3.423062737597416,9.732631825832816e+37
1.6237632973559786,7.665083563048633,0.31291527371590716,-0.04736683593266151,-1.2518775793365324e+28,-10.52565924075738,9.713236917813515e+37
1.6232170612576748,7.663821693658359,0.31286151363942705,0.015433928389198184,4.0757398685311846e+27,3.432610378629937,9.705105516143344e+37
1.622675370308468,7.667413881150242,0.3126105803675975,0.015306953168421315,4.0516908872475297e+27,3.4180556623908953,9.702929143164758e+37
1.621049296072177,7.655599701310875,0.3127792545891732,0.015355805074906343,4.0334036964728906e+27,3.4197285172661727,9.668980646496263e+37
1.621591006651005,7.657898981371541,0.31278983372165603,0.015366839697525971,4.042367034473823e+27,3.4216072368212873,9.67829670005001e+37
1.6221308475429483,7.665077187077878,0.31260094449232134,0.015296683161925236,4.042806462938988e+27,3.416288845367067,9.693517024614114e+37
1.6205109095006476,7.655988399533165,0.3126594989537475,0.015296300636010257,4.018794151798871e+27,3.4130057012870947,9.66296713528424e+37
1.6194358767125976,7.645180843493515,0.31289377905854987,0.015293444832977355,3.9897634982218067e+27,3.399612510261949,9.636948202380525e+37
1.6189004021224465,7.644701116782231,0.3128099476431729,0.015357677414618754,4.0052636683849026e+27,3.418467884300951,9.629936616666192e+37
1.6199733259143072,7.655642498059429,0.31256990026696035,0.015258158818655065,4.0078676491047e+27,3.4093775815221377,9.656073819315292e+37
1.618366243488373,7.644357163207485,0.3127208055929018,0.015299204018387535,3.9891163564121104e+27,3.410308724010805,9.62310682347886e+37
1.6178339755659206,7.644592772005141,0.31260831919528936,0.015242163694842372,3.974856149306978e+27,3.40371121453232,9.617000683433533e+37
1.6167734842714936,7.636070746458612,0.3127520534033348,0.0152921370331027,3.965709660684305e+27,3.4070309057693904,9.59400117646259e+37
1.6162450200400444,7.636600929734223,0.3126281199581807,0.015233128201990083,3.9517785037827404e+27,3.4006163884046465,9.58830911379318e+37
1.61730250506804,7.634348435406666,0.312924968329451,0.015307063876752328,3.9651059754516867e+27,3.4009445468350252,9.598257694651279e+37
1.6157164780481135,7.635079238934057,0.3125881719925173,0.015209956448271254,3.941837629221895e+27,3.3976137668691333,9.58014598440301e+37
1.6151930583198237,7.628510998887523,0.3127559624329011,0.015293168827700931,3.9463843836430264e+27,3.407047860144387,9.56597780002966e+37
1.614665014491437,7.62493808718735,0.3128002193268457,0.015271454274665064,3.9315610307096764e+27,3.399804094404714,9.555366512062057e+37
1.6141426217254928,7.625947835614705,0.3126576146935949,0.01522604068458536,3.9224656968505235e+27,3.397431236913732,9.550340899096837e+37
1.6136198457047022,7.6254099732331335,0.31257839989495034,0.015184160845741283,3.9102975275642795e+27,3.3923817501497333,9.543450233799733e+37
1.6125776300820593,7.615145658350738,0.31279755621536204,0.015173293632725621,3.8812708731808105e+27,3.378094902728005,9.51869790023944e+37
1.61309751617925,7.624996766607699,0.3124941515859084,0.015146464465733788,3.899533062385687e+27,3.3885238143513194,9.536716468654882e+37
1.6120593530773635,7.615162432711721,0.3126963353411866,0.015231056539871456,3.8960893159305967e+27,3.396446777324747,9.512544115926258e+37
1.6110258196397644,7.616091413926498,0.31245774050804653,0.015112170921257039,3.868036956467823e+27,3.382822093278184,9.501344718315535e+37
1.6105106731290306,7.60568264623293,0.31278530581700437,0.015151868147166209,3.851768705935609e+27,3.373985497556741,9.482761918723747e+37
1.611542696128651,7.616350743088316,0.3125473461845575,0.015150689981104967,3.878556365567591e+27,3.386585730057177,9.507812906227097e+37
1.609996782245977,7.606060896269654,0.31266995063121855,0.015205555938158297,3.8663780037552525e+27,3.3921911661728044,9.477108679997091e+37
1.608971821887846,7.605350057387503,0.3125001031615846,0.015107397043755395,3.8396240460089015e+27,3.3794619339172214,9.464082388948312e+37
1.6094828463305122,7.604484119862236,0.31263495240809364,0.015171203083877441,3.853646074185721e+27,3.38642226998243,9.469118376325938e+37
1.6084613887028467,7.605072050784605,0.3124123850016199,0.015071187610284668,3.82972119242403e+27,3.3760976944828744,9.45768755386768e+37
1.607954310433713,7.596959034702715,0.31264742409409463,0.01515109776586038,3.829534978178697e+27,3.3812600022763015,9.442000060729038e+37
1.6064323126887705,7.5949083842358585,0.3124358258316743,0.01505886988841149,3.801089498058931e+27,3.372073149188696,9.421523313020761e+37
1.607444452169351,7.5948282750271074,0.31263597495333284,0.015145460574993982,3.822744700939032e+27,3.3806209002181995,9.433418071171942e+37
1.605928883279123,7.586121532832952,0.3126996882924286,0.015080146966789531,3.784491824269336e+27,3.3626144380708065,9.405116052870417e+37
1.6069383941489739,7.59523252701993,0.312520915801204,0.015102486097975891,3.812912449162782e+27,3.3772385983179647,9.427904129053274e+37
1.605424879483675,7.585228873317016,0.31263833898029736,0.01503478897703368,3.7708894612073084e+27,3.355790995908736,9.39809810186592e+37
1.6049223361390148,7.58430918916155,0.3125783734512897,0.015117111030101693,3.7892387324702823e+27,3.3774031892068535,9.39106774077805e+37
1.6044211140632731,7.583987670792587,0.31249400170881203,0.015072261990273133,3.7771961934309257e+27,3.371931534404407,9.384765612514128e+37
1.6039214572605283,7.583965079438253,0.31239761384973835,0.015024355552302355,3.7651344836330665e+27,3.3664026003776244,9.37883719563348e+37
1.603422497409463,7.58343205244072,0.31232238195467615,0.014994296354468918,3.756281286834209e+27,3.3637157615711404,9.372313193950044e+37
1.6029258318277417,7.574311460496005,0.31260160490938116,0.015019875571396115,3.7401166730746243e+27,3.3544325138415414,9.35565464050884e+37
1.6024307034956107,7.5752895578629635,0.3124646956275874,0.015045560467633107,3.748932125171486e+27,3.3675366946462266,9.35097864672977e+37
1.6019355068361298,7.574011394225115,0.3124208493028826,0.015024637115456561,3.7405613264421724e+27,3.3652140156981445,9.343632206185579e+37
1.600458112356502,7.5649052522924105,0.3125084424357014,0.015030044157233123,3.719467248056823e+27,3.3617098433624424,9.315491672803117e+37
1.6014415280758478,7.573887331946524,0.31232962601190667,0.014978542529050535,3.72878013128926e+27,3.359792002416684,9.33766664869372e+37
1.6009494811260956,7.564728516243258,0.31261169144997725,0.01503525624623823,3.720322464592374e+27,3.3573258450044574,9.321057540224548e+37
1.5999683323396392,7.565763173234624,0.3123773809732285,0.014994343906445964,3.7127371040093593e+27,3.360766283244833,9.310747642494642e+37
1.5994781368537965,7.5644087197672905,0.3123375912767664,0.01497297792402728,3.7041292683975834e+27,3.358115594754019,9.303390444429789e+37
1.5985034180585003,7.554725646276128,0.3125473400091428,0.014985155924219184,3.6834753697474966e+27,3.3495847576885076,9.280545527323415e+37
1.598990555169575,7.564833573680218,0.3122248428535979,0.014929605067482084,3.694436673644807e+27,3.354438098420152,9.298161365324127e+37
1.5980176450051726,7.554430199575616,0.3124645789648692,0.017637239719777948,4.334531856280679e+27,3.9476204927155485,9.27450415044787e+37
1.5970510529482211,7.556122179623571,0.31220565339443235,0.01490393084624802,3.6668969266453195e+27,3.349698763148954,9.265162407693819e+37
1.5975322021697527,7.553630509434646,0.312402729104525,0.015006935553048436,3.686156085288949e+27,3.3622241452623003,9.26787508870833e+37
1.5965679647142315,7.545508167874934,0.31255025135259923,0.014980649661442193,3.6599582621813273e+27,3.3484215331849083,9.247042058430948e+37
1.5960866581369972,7.545518123537925,0.31245561667724064,0.01491254535238881,3.6433435712725344e+27,3.33824985514174,9.241426219279484e+37
1.5956067657738606,7.545498438112859,0.3123624861559814,0.01497713888288492,3.6590769439194364e+27,3.3577104624574416,9.23579207089789e+37
1.595128102046693,7.546271374866771,0.3122367964532135,0.014909153816853538,3.6443334532167926e+27,3.349201862970746,9.23110101503512e+37
1.59417185877642,7.544729897656609,0.31211337295922675,0.014873248929489822,3.6318453469628887e+27,3.347747561273865,9.218118339384471e+37
1.5946489851912695,7.544679337028029,0.3122088789382647,0.014894240964776168,3.636849453549217e+27,3.3473480173559467,9.223636130436847e+37
1.5936975571242848,7.5357053856683045,0.3123941777402583,0.014877773952277391,3.611274725350848e+27,3.3337424209106445,9.202028929679207e+37
1.5927475598852263,7.53401122662154,0.31227816634404215,0.014931072446114128,3.620139741139449e+27,3.351904532322303,9.188972619746753e+37
1.5932237102904443,7.537048312067197,0.31224565018837575,0.014906073226710193,3.621368862566016e+27,3.3480351286442667,9.198072405340877e+37
1.5922759418490025,7.535126317717461,0.31213950067818313,0.014855323938141658,3.604440241017413e+27,3.3423137142118255,9.184775671671758e+37
1.5918042184552532,7.534411839132628,0.312076618086364,0.01482873682961494,3.596283766192921e+27,3.3396945188710525,9.178443603743356e+37
1.5913350800942851,7.5252068968765355,0.3123662666494931,0.014880304484172008,3.586799160978143e+27,3.335799381887962,9.16225208319966e+37
1.5908648876362523,7.524940992641433,0.3122850062890771,0.015052445716246353,3.6276516827124044e+27,3.378781796191402,9.15647419514709e+37
1.5899287799482689,7.523534364845822,0.31215960099538975,0.01485910500995654,3.577710654075611e+27,3.342088208736215,9.143953188646146e+37
1.59039610811406,7.523967726860203,0.3122333692362218,0.014889783979532488,3.5861300452287306e+27,3.34503418742775,9.149890080284493e+37
1.5889982636475204,7.5143953793141165,0.312356332927082,0.014871996798745337,3.559119024258319e+27,3.3344671744489642,9.122522231028071e+37
1.5894634633450564,7.5242276808938,0.31203948742075915,0.014803381885474165,3.565936486684399e+27,3.335968219847011,9.139349488876117e+37
1.5885349249075367,7.515251448856729,0.3122296819699315,0.014780252649812087,3.539178402964444e+27,3.3206237159871868,9.118143459050341e+37
1.5880722456396383,7.514451426579057,0.3121719731380759,0.014850352906118289,3.554071816609308e+27,3.3394578650066187,9.111848126626796e+37
1.587609353420494,7.51310155090666,0.3121370525237932,0.01485774613476954,3.5526485454858754e+27,3.342989782235445,9.10491543973957e+37
1.587149899311944,7.514587851761766,0.31198500074106555,0.014775387969999491,3.536451781875297e+27,3.3325683026598174,9.10130993998138e+37
1.5866894284891122,7.5135933787386,0.3119357675642667,0.014757780065105522,3.5299007290983953e+27,3.3312244745274744,9.094819934710687e+37
1.586231637262796,7.504030072943466,0.31224319124271105,0.014826384274570269,3.5237987615705305e+27,3.330267417030028,9.078451656819627e+37
1.585776545660376,7.506679030261526,0.3120434555446627,0.014801116388412656,3.524006694301651e+27,3.335245613498129,9.076251551881321e+37
1.585318647694907,7.5055211035615095,0.31200147913545706,0.014784066794090275,3.5172333738464866e+27,3.3336453255900107,9.069615250985445e+37
1.5848631686081616,7.50547384446669,0.3119138017464645,0.014741620264440522,3.5070246328363255e+27,3.3287486266672373,9.064290920864671e+37
1.5835018149903686,7.494710132233843,0.31209345430764746,0.01473556415373203,3.4805188311519544e+27,3.3178153192089916,9.03614836421228e+37
1.5839550263669122,7.4950627372283085,0.312168091418281,0.014793581131698557,3.4950444009335113e+27,3.326898207875345,9.041784118038592e+37
1.584408083914572,7.494944185126348,0.31226231980437613,0.014817109076885071,3.500326132053244e+27,3.3271647796138932,9.046874930436015e+37
1.582602996883269,7.496959707837791,0.31182271045054927,0.014704318459392296,3.478354175266625e+27,3.3251782389666023,9.028365467376033e+37
1.5830506726893394,7.4939048223295535,0.31203806699110653,0.014770708552725671,3.486945913698054e+27,3.328680988150347,9.03001528152373e+37
1.582151639392332,7.494652405086291,0.31182974910978534,0.01470415410086882,3.4729660686181243e+27,3.3247658110462663,9.020504296840439e+37
1.581256276203124,7.485119469668928,0.31205019693139024,0.014704716380439265,3.4510666920413823e+27,3.31316517933113,8.999230482308452e+37
1.5817046068164284,7.485889618246132,0.3121065590987727,0.014764690295184145,3.466925058556304e+27,3.323675410081276,9.005276385289322e+37
1.5808096969552992,7.484509820602926,0.3119874783471002,0.014991034289012162,3.516830422695168e+27,3.3810727765465125,8.99339075398475e+37
1.5803655166285413,7.485617689003086,0.3118536541865669,0.014718477126869097,3.455445982749652e+27,3.326729057858925,8.989550471694398e+37
1.579920035283485,7.48402899975065,0.3118319280990503,0.014709461262202328,3.4496663512725337e+27,3.3258496140319904,8.982602439559667e+37
1.5794772535703425,7.484605841825036,0.3117205091033127,0.014663553138459883,3.4402254617829066e+27,3.321399179031378,8.978168452654357e+37
1.5785936127917186,7.474398544004302,0.3119715748040495,0.014679322537002567,3.4205054479508224e+27,3.3116133744037284,8.95632756066506e+37
1.5790346072023307,7.473939440647274,0.3120778957880583,0.014741459677381122,3.433929533482979e+27,3.31997019280531,8.960862704302505e+37
