0.271805041339437,12.686834145385859,0.03164646319849559,0.04294462777933362,1.4098670867336263e+29,901969.146048351,1.3553144035523687e+37
0.24128705069799988,13.2166242447467,0.026967110034450768,0.03476291574439687,1.4003027055517718e+29,1624998.2615560049,1.1503958147796456e+37
0.2118400533617486,13.989242425343656,0.0223683946276553,0.2896445273653404,1.5500272241565023e+30,34482598.698320754,9.62762237002535e+36
0.183655737432111,15.17788191924224,0.017873691828746954,0.014849348074167053,1.194720329033837e+29,5426812.287926155,7.938606698797917e+36
0.15703033049840567,17.17059531202087,0.013508873265381716,0.007133054854573137,1.0634212737593715e+29,10570332.973470287,6.458610055988758e+36
0.13241086344453493,20.96950743969124,0.00932730811847199,0.003108065844737599,1.2587351921504855e+29,29350623.690679766,5.223743252560415e+36
0.30327805368714084,12.317689476565986,0.0363691095434702,0.05296398163552032,1.5001334711995801e+29,554914.4415174664,1.576608515470742e+37
0.3356375021215268,12.03890121167796,0.04118172790077767,0.06193287102557086,1.5644384602662927e+29,348583.7440091792,1.8136113075405552e+37
0.36882361983540474,11.830276563737476,0.0460516042242648,0.07053002885548869,1.632493897169398e+29,227017.31584682927,2.0658624993491535e+37
0.40278597876746647,11.678218537038477,0.050947007678080594,0.07897035783346676,1.7133658771760417e+29,153383.78152742202,2.3330520389536655e+37
0.43746412529478923,11.549060756379317,0.05595214148811528,0.08498149459812725,1.7440571519576125e+29,103311.70761069428,2.614425604993165e+37
0.11048872758522343,29.947192151619586,0.005449828028637366,0.0006844301733088685,1.6466932698879542e+29,94912605.88722534,4.3250019711127335e+36
0.4727828619471104,11.459759187232834,0.06094066217531158,0.11971591775237408,2.3633735693437342e+29,94956.52120888072,2.90977496979793e+37
0.5086479740286457,11.378602402865873,0.06603122158931372,0.09545609175348595,1.818659008298696e+29,50695.07042568726,3.217781152074661e+37
0.5449338137343677,11.317749407616633,0.07112210772813306,0.09958824136324412,1.847189491586827e+29,36483.266116952975,3.5376572848977415e+37
0.5814971472735578,11.26646213997006,0.07623966196874736,0.1055763960356365,1.9142896807762802e+29,27325.66648902616,3.8677580397913053e+37
0.6914635662048767,11.170185872962128,0.09143865663457797,0.1079485090392521,1.8750880454808538e+29,11258.387803088488,4.904894683529807e+37
0.6181972431790168,11.228221822262265,0.08132742378460263,0.11062605071541655,1.972038299599927e+29,20729.129890389162,4.206813370627853e+37
0.6548958100006964,11.19880954420591,0.08638160880874497,0.106770890531897,1.8785172007776942e+29,14799.776761002033,4.55318521699991e+37
0.7277764655598831,11.142203475577277,0.09648234657808062,-0.11838787452617147,-2.0307930412706564e+29,-9440.101780870666,5.260236948671431e+37
0.7991827772408784,11.109683221806277,0.10625891461710386,0.10844537272351432,1.833253074059814e+29,5336.946991361244,5.97737292905036e+37
0.7637178269743561,11.121505539758086,0.10143557160440445,0.12947035873263757,2.2003475353879502e+29,8037.624035947326,5.618123672322459e+37
0.8683199161542433,11.07303715152098,0.11583343635307937,0.10718407178690875,1.7822435586663842e+29,3426.6463891585854,6.690241941984991e+37
0.8340797907045255,11.09257707817084,0.11106982271092236,0.10789118687071585,1.8098861792552462e+29,4255.144553896012,6.3352028777634745e+37
0.9018351310907597,11.062472802704656,0.12041923627735818,0.10596183587729492,1.753531498293737e+29,2789.8372754903253,7.042788381679816e+37
0.9345758342608002,11.051693527325396,0.12491271537139927,0.10453531158998974,1.7215125800727144e+29,2291.598413620904,7.390720580500247e+37
0.9664990212269033,11.03120995818176,0.1294193466717732,0.10331656797275714,1.6857328172605342e+29,1897.0671182749616,7.7313562900341555e+37
0.9975663329536139,11.023115817642367,0.1336775102934185,0.10143215152878145,1.6489234993290596e+29,1584.1366320338964,8.067605053518444e+37
1.0277547097900224,11.005343835429063,0.13794526418717007,-0.07117388080147857,-1.1477353073112262e+29,-949.9383288642905,8.394705687203059e+37
1.0570479288686936,10.996705659563741,0.14198844860724638,0.10063064777496318,1.6163905007668114e+29,1162.4490826832953,8.715894337758199e+37
1.11292274527782,10.964296553698098,0.14993574436359478,0.0945515447025959,1.496495837104556e+29,831.8623506114175,9.329327351106025e+37
1.0854386822237287,10.975759803930794,0.14608029444692153,0.10888170340413642,1.7323310720481328e+29,1091.2027948254427,9.025850422033033e+37
1.1395036435214263,10.946242147504213,0.1537699956879845,0.09286676559076218,1.4577686057691756e+29,720.1302427047416,9.62197509707855e+37
0.09263758932981853,67.38607772116814,0.002030663682486965,0.00015743840203318979,2.1850661191003126e+30,3039690774.777776,4.5142203591604344e+36
1.16518567156105,10.927451050810745,0.1575060357183652,0.09120621810944106,1.4194556049527437e+29,627.2594091910064,9.90495863748145e+37
1.189980757610285,10.915001759961838,0.16104122441434437,0.0891405362165554,1.3794225136526173e+29,548.6541439515908,1.0180428901396781e+38
1.2139050569221859,10.898356093620373,0.16452983487753872,0.0873834810211602,1.3419530707828451e+29,483.18647913095566,1.0445083888015527e+38
1.259206507688699,10.865931847971316,0.17117917064531654,0.08388172196311969,1.2691274525291754e+29,380.47093762891166,1.0946081302644116e+38
1.236974074376997,10.878595133266383,0.16796110323159977,0.08576061518322772,1.305133613311081e+29,427.7135763247801,1.069904338233453e+38
1.2806219978572584,10.847762032439862,0.17438203574287395,0.0819886456887685,1.230148318941537e+29,338.9641256527775,1.1181600634710327e+38
1.3012441438418385,10.82805846903863,0.17751257789551117,0.0806110050362944,1.1985338772259726e+29,304.8999981674277,1.140713276615006e+38
1.321092410351802,10.807572547738909,0.1805618406326745,0.07880316771557958,1.1606131590336616e+29,273.7300963018404,1.1622989975460284e+38
1.340195492091394,10.796769557108567,0.1833560548523637,0.07706457896501256,1.1293459205692467e+29,247.90613307258275,1.1834227177039671e+38
1.3585752319155413,10.777314030354097,0.1862061798647702,0.07557079183113928,1.0975130118498893e+29,225.0568633990334,1.2032760827022686e+38
1.3762566598564174,10.754303111699913,0.18903320416368508,0.07428451763798158,1.0673643414363709e+29,205.17128078570326,1.2220871703090972e+38
1.3932648334161473,10.736043099896207,0.1916948142103809,0.07262114456253312,1.0346354108483242e+29,187.03376165746644,1.2402889918453653e+38
1.409622545363849,10.71556842873207,0.19431599841016148,0.0711951032102547,1.0046833644504069e+29,171.32315874180256,1.2575575139785604e+38
1.4404853306221739,10.675007530648513,0.19932491385318998,0.06852025014575142,9.48774289526003e+28,145.18433356151704,1.2897559263456395e+38
1.4253563568516379,10.699148842846084,0.19678643715209976,0.0697874611976301,9.772969946621261e+28,157.65593560146584,1.27425786103893e+38
1.4550361083792487,10.655791189885905,0.20170144273446491,0.06729818936379152,9.23495757489331e+28,134.39004442358666,1.3047864917256964e+38
1.4690309532005288,10.639234423989688,0.20395835646069685,0.06592592405667723,8.976584721582911e+28,124.5252574859416,1.3192631234163284e+38
1.4824900015971618,10.609041954223153,0.2064127601901821,0.06481987197852829,8.701457845018437e+28,115.32785195803957,1.3322056028061418e+38
1.495436615340452,10.59405755418767,0.2085098698596658,0.06363142563436744,8.481766469760185e+28,107.63346173026069,1.3454211350887054e+38
1.507891481650059,10.570660950607547,0.21071181101047742,0.06239664707967243,8.225740162322185e+28,100.14415246027143,1.357458000926486e+38
1.5313978459276476,10.53564334135638,0.2147078419676198,0.06003175848115706,7.783759046683861e+28,87.71023443236169,1.3804676855414555e+38
1.5198721026441522,10.557481970930564,0.21265109840342303,0.061204261716421314,8.018376104503529e+28,93.83227648547879,1.3695496110855986e+38
1.5531636588703235,10.486899647503972,0.2187716505398741,0.058269024947520745,7.382038888433528e+28,77.51598586378584,1.4002281430185319e+38
1.5424903226945643,10.508798111238827,0.21681550404520036,0.05933288994474854,7.595629333171614e+28,82.55674671968538,1.3904574882712714e+38
1.563436372394343,10.466291387137218,0.2206522320354783,0.05726956589244888,7.1844084706100565e+28,72.99464608932708,1.4095580026201305e+38
1.5733253860434806,10.446504607767041,0.2224684788119197,0.056373195780546066,7.005363474288577e+28,68.96662450102032,1.4184397429597908e+38
1.5828462917968749,10.429147647715135,0.22418722557818446,0.0551052613539435,6.791100590190863e+28,64.87053735080617,1.427020130767967e+38
1.592013605634769,10.405325878733983,0.2260018654961693,0.05435448384183199,6.622421579436422e+28,61.45878878541261,1.4346331915220428e+38
1.6008419445673572,10.386199428437875,0.2276736304581622,0.05332076233860148,6.436987326182164e+28,58.10873576507034,1.4421580264726168e+38
1.6093462148973692,10.364696736537637,0.22935796076908993,0.06679258480012464,7.980208992627006e+28,70.15649736910775,1.4490627046478293e+38
1.6175388943163773,10.346888499534034,0.23092231272288222,0.05175194407279562,6.130254874827253e+28,52.54191746309806,1.4558532634369135e+38
1.6330366250615644,10.300400425280793,0.23418698322958492,0.05028495978575117,5.823869904518202e+28,47.5919048450854,1.4673454985050874e+38
1.6254311252402234,10.326379931117213,0.2325098774574651,0.05080248953961744,5.958384302944367e+28,49.840994534481574,1.4620230285906814e+38
1.6474154115653104,10.262588281306199,0.23711943617554365,0.04871170176858303,5.538865887209138e+28,43.32177824113324,1.4780802534276423e+38
1.640361032634201,10.276008791327568,0.23579571682301378,0.04963553922860885,5.6809124631269846e+28,45.396453453571425,1.4724151125472448e+38
1.660749410519721,10.223643777789878,0.2399492148481008,0.04726520195344939,5.273185873744061e+28,39.61444655487268,1.487346931191365e+38
1.6670439070599294,10.203483673838221,0.24133454937655865,0.04640502436749703,5.126375233918881e+28,37.78994387512414,1.4914298317343507e+38
1.6542096525109367,10.235803825694312,0.23872039919151172,0.048142947544143715,5.403130571315928e+28,41.399372376769605,1.4822291910771864e+38
1.6731020109501262,10.174728843851131,0.24289608353175116,0.04612105350351581,5.0236162528302075e+28,36.36682598947332,1.4944069202684337e+38
1.678929552332074,10.15401591897289,0.2442393125138959,0.04531094689914543,4.88534630817134e+28,34.75633982550166,1.4978174987246737e+38
1.6845361650561488,10.137737463580102,0.24544841631245592,0.044735090947785106,4.784720159287064e+28,33.477721653504155,1.5013622977018118e+38
1.6951091912399763,10.097988395640463,0.24796120981744507,0.043536261075137216,4.565921940505299e+28,30.962864810612707,1.5069477084374508e+38
1.6899259645240001,10.115009600947802,0.24678702038163494,0.04405288960325603,4.659173838427871e+28,32.08274867767901,1.5040130536527658e+38
1.7048739027989561,10.06338402153152,0.2502471570119831,0.04211076748118222,4.341266060023872e+28,28.60593425566418,1.5120038550308916e+38
1.700088930294556,10.075244511684296,0.2492510405961663,0.04293379664785825,4.452257615784534e+28,29.752477491173934,1.509062514679025e+38
1.7094725401009443,10.044806909219783,0.25138622214608874,0.04173611898562705,4.263075683505277e+28,27.714908287228166,1.5140501401120937e+38
1.713887729855489,10.022631076171518,0.2525931448922055,0.04113698216856883,4.155699816241305e+28,26.670635799739113,1.5154992248805376e+38
1.7181287170973827,10.00420143514046,0.2536846585443484,0.04074535041507707,4.078431879772633e+28,25.85328755832316,1.5171067051552125e+38
1.7221986698714777,9.983720843830216,0.25480723518824117,0.04014281850842894,3.977159652274838e+28,24.91482409264765,1.5182872171093393e+38
1.7261052778324433,9.962259182053934,0.2559354114145547,0.03988004970976319,3.908839963845474e+28,24.210989265563683,1.5191581929570346e+38
1.7298533950555375,9.942404504412087,0.25700336230484006,0.039308494742609904,3.8145786388864817e+28,23.37228259999982,1.5199954631537586e+38
1.733447555742658,9.920661298902912,0.2581017917610458,0.038896973186498526,3.733549709604931e+28,22.63963658262128,1.5204379186672393e+38
1.7368949261916786,9.901909299916978,0.25910484728681105,0.03853612837924843,3.6640873382904693e+28,21.99880713471444,1.5210145326636991e+38
1.740198433683016,9.889279437358516,0.2599291938519329,0.03786532831125209,3.5774039958874987e+28,21.275274311466195,1.522074104012779e+38
1.7433643996177053,9.869536963124894,0.2609229803465346,0.03766164556233716,3.522785487884273e+28,20.760909732396787,1.5222008478201957e+38
1.7463975640576737,9.853501476531624,0.26180230512569985,0.03713265123640546,3.4451799085079648e+28,20.12784914846169,1.5225695028762708e+38
1.7493001928151188,9.831327414062036,0.26282890124474323,0.036852113404510056,3.3808524301827664e+28,19.588696722767093,1.5221039220442836e+38
1.7520785668693222,9.813169354446156,0.26373345136001924,0.036284350023059395,3.2981380855894455e+28,18.958413771219423,1.521928042889787e+38
1.7547375916451482,9.794514070243402,0.2646367904883611,0.03607761260512743,3.2482936298772337e+28,18.530853723440565,1.5215529119454683e+38
1.7597087406184821,9.763576473781733,0.2662274265668375,0.03532764887046028,3.130851101375585e+28,17.610006055723264,1.5211042515083805e+38
1.7620301778839038,9.745525820774816,0.26707239493271256,0.0348207286800249,3.057505556084174e+28,17.084473189388053,1.5203938017781004e+38
1.7572790573042816,9.783233274545731,0.2653256637583707,0.03546488311934195,3.1747797073734167e+28,17.98088142165167,1.5218658283505754e+38
1.7642471960324178,9.724795650748591,0.2679784599241853,0.034708197831909274,3.0153484251313843e+28,16.743312022726837,1.5192506856783913e+38
1.7663627437412477,9.71499232126214,0.2685705382176342,0.03419337235558426,2.955678968115838e+28,16.31393881246593,1.5192454393981242e+38
1.7683803938127345,9.693413330875533,0.26947587748505136,0.033836087212142776,2.8924563320234975e+28,15.874110632520921,1.517766123317448e+38
1.7703050019322246,9.674261516848397,0.27030321327475143,0.03370555002251933,2.8529460008802148e+28,15.572348596559507,1.5164559254023015e+38
1.7738827059270086,9.643218094979526,0.2717214014171426,0.03289773423256195,2.7401791051581076e+28,14.806605303094631,1.514367653822687e+38
1.7721376776361486,9.663333471406563,0.2708890359511404,0.03327221219444711,2.8003965154221133e+28,15.206640536432202,1.5160016175537974e+38
1.7771224193477564,9.614705059441746,0.2730249363885545,0.03227383204281999,2.64870373330451e+28,14.182333789519038,1.512197267916779e+38
1.7755434206878573,9.632670520114901,0.2722735957362256,0.03269662245956225,2.7085661004404145e+28,14.567465540816208,1.5137681557187119e+38
1.77862238150766,9.596051875491922,0.2737865448989961,0.032188538966066764,2.6161775656544687e+28,13.94920638154857,1.5104517367195124e+38
1.7800452591127864,9.575792694161905,0.2745852753464097,0.03194930219492482,2.569437580816526e+28,13.645325371413215,1.508421613364518e+38
1.7813930562923332,9.562369058016518,0.27517893729375054,0.03164504115828677,2.5271800713176944e+28,13.3702171290945,1.5071288297169138e+38
1.782669836179346,9.550984812062042,0.2757043997777468,0.03124962749369014,2.480782184057101e+28,13.077812361193253,1.506006768398339e+38
1.785020538881057,9.52324361612006,0.2768721406682044,0.030766662289860035,2.4071761569369253e+28,12.606450790682477,1.5029413879855743e+38
1.7838785942190767,9.531255124638792,0.27646243881988347,0.03112748246013054,2.445667920601691e+28,12.849080908940886,1.5037955796067303e+38
1.7889629368527658,9.454770463064197,0.2794932273037704,0.02985017222120617,2.2527075123657227e+28,11.668073054045854,1.4943768426424576e+38
1.7860973368458481,9.503809157028728,0.2776056822273847,0.03048210445468844,2.360676616777883e+28,12.325709600327365,1.5006177303848538e+38
1.7880673884154106,9.477459382429197,0.27868454565154455,0.029953200056714126,2.2877359859705437e+28,11.879209440803539,1.4973094451682455e+38
1.787112601241796,9.484563887522196,0.27832709455625404,0.030445231222313195,2.3340444648588548e+28,12.15207909149604,1.4982460529496065e+38
1.789802828524658,9.444625429138183,0.2799248064935462,0.02966402901516149,2.226675074478812e+28,11.506200695816032,1.4929441055446472e+38
1.791320862382226,9.415684222186089,0.28102336782040827,0.02922548521239569,2.160350273892379e+28,11.116249878389999,1.4888303116940838e+38
1.7920002342157633,9.401183618425494,0.2815635693895622,0.02903670602730723,2.12991876985106e+28,10.938903170010125,1.486684124510038e+38
1.7905878029279045,9.433792004924898,0.28036917280273227,0.029426569024614664,2.1962113402823798e+28,11.323927186160015,1.491369702391059e+38
1.7926324897554038,9.383490968627484,0.28219398871226314,0.028786839650458654,2.091795419400661e+28,10.7241761451868,1.4840861817070173e+38
1.7937550169732113,9.362332571207979,0.28300883902832114,0.02843127787678874,2.0427711618586902e+28,10.440111143205177,1.4805457624040124e+38
1.7932171205445129,9.372936066622547,0.28260390402109015,0.028620653626050756,2.0680490659190795e+28,10.585161858011341,1.4823421793122677e+38
1.7942486731730354,9.344285924059022,0.28363345163217313,0.028250507412492205,2.010295332399118e+28,10.26000903555489,1.4777575317978414e+38
1.7946991512018675,9.33555569756413,0.28396997174763217,0.027896714866511733,1.9758635638473628e+28,10.071628851751427,1.4761141572401446e+38
1.7960938944150036,9.281685909911408,0.2858400662330349,0.02733927905688031,1.8811542789191344e+28,9.551691336291748,1.4667168877306912e+38
1.7951068459031687,9.323008784207735,0.28441673393305317,0.02769179985176622,1.9482050661832842e+28,9.919372515684067,1.4739410343062641e+38
1.7954751246842118,9.303717564733438,0.28506494192161785,0.027702663018624406,1.9288885102944042e+28,9.810953354246154,1.4708630473698802e+38
1.7963491616803264,9.264320617132418,0.2864165533300321,0.027172865915858737,1.8522787569851687e+28,9.39839330632147,1.4637718035590163e+38
1.7958034047140292,9.293198665115714,0.28543978425411554,0.027540411391322364,1.9067754314888795e+28,9.689617691376485,1.468871832036946e+38
1.7965677945111864,9.25472025037554,0.28674856279502203,0.026886075766980717,1.8232529004308023e+28,9.245489501978748,1.4617961905654764e+38
1.7967521717106778,9.243320560386564,0.2871316713521949,0.02671196236901385,1.8003165966065771e+28,9.124499265488375,1.4595557010249455e+38
1.796904455732858,9.22487453641459,0.2877302033015295,0.026700412547905766,1.781653847595915e+28,9.026085639489107,1.456367769142124e+38
1.7970230033354315,9.214805474669621,0.28806361069741176,0.02656189700637993,1.7627590944350405e+28,8.927417168367366,1.4542387551235928e+38
1.7971099229981955,9.200146500365616,0.28853654983633925,0.026300743462996195,1.7315887571156595e+28,8.767435791198992,1.4514802427093758e+38
1.7971694075446387,9.194418525117984,0.28872586002134926,0.02615724337036295,1.7167866758343856e+28,8.691050948819532,1.4498691605014175e+38
1.7971985901977385,9.175300654599173,0.2893321540937856,0.026093075628761127,1.6948443133537722e+28,8.579273480774424,1.4464733309885695e+38
1.7971728544114955,9.15558690080875,0.2899509901787775,0.025722729748401438,1.6529168913503155e+28,8.367636677341247,1.442039553226297e+38
1.7972002746949076,9.167348174365952,0.2895834150284047,0.025809110191838142,1.669147358935863e+28,8.449156331969764,1.4445203394387101e+38
1.797040374451265,9.131981390028843,0.2906790632899569,0.025459427614793112,1.6150156743058827e+28,8.178781696210747,1.4370001801676382e+38
1.7971198058192912,9.144241254450757,0.2903021752841805,0.025577458572334948,1.6334234467175734e+28,8.270174637023745,1.4395919596825909e+38
1.7968113700351318,9.104166502915351,0.2915299851518855,0.02520858321590576,1.574897937177108e+28,7.980700747485509,1.4313212394027953e+38
1.7969384843536282,9.116106959977627,0.2911687305118381,0.025297601713782765,1.5908507197406657e+28,8.058689576791135,1.4339115353601486e+38
1.7966607200124978,9.093527190966247,0.29184660021118886,0.02508756581653135,1.5582006846803114e+28,7.899399413624426,1.428884008214883e+38
1.7964883827180191,9.08277890602639,0.29216393530880086,0.024957855430531622,1.5410048138095902e+28,7.815971686886906,1.4264153625340957e+38
1.7958431876479022,9.05226029214826,0.2930436489069152,0.024543354752812104,1.4901229678547192e+28,7.571485563715799,1.4191377816841263e+38
1.7962948840307902,9.07579737747989,0.2923571884861239,0.030507996422784574,1.8764658337355019e+28,9.522556190032684,1.4244323759083197e+38
1.796079138875652,9.064021370908508,0.2927018605447413,0.024574683740823205,1.5017428015550993e+28,7.6255164686118775,1.4217920985927473e+38
1.7955880688995645,9.041999647991336,0.2933345105775811,0.024414195048104215,1.4738994477360682e+28,7.494373766662493,1.4166695409845673e+38
1.7953134622627012,9.031477191588575,0.2936313576791459,0.024294396691972524,1.4581529583503436e+28,7.419979298100676,1.4141511721057132e+38
1.7950227331931798,9.016022485751368,0.29408705080121805,0.050039295753151976,2.977756195746091e+28,15.16493031905882,1.4109611220366503e+38
1.794711612457931,9.004765900296894,0.2944036440289294,0.024040317930609807,1.4216914716845269e+28,7.246579174369776,1.4083161205417501e+38
1.7929129904874082,8.955698186735225,0.29572000165951823,0.02352907526280713,1.3539577791705161e+28,6.936016219560225,1.395894973421915e+38
1.7933042668991719,8.966327723651142,0.2954338870229033,0.02355494171045558,1.3635092660009791e+28,6.977329491172216,1.3985108570843335e+38
1.7940398771683947,8.98523449621104,0.29493316511436696,0.023795742621934797,1.3920324493141217e+28,7.108696064276109,1.403393012292925e+38
1.7943843091999536,8.996310423995798,0.2946266077786745,0.024027827305773426,1.4142939464191423e+28,7.215449897929698,1.4060369796479288e+38
1.7936788110548667,8.973106339334143,0.2952723621849471,0.023793418998463167,1.3825280219095663e+28,7.0672686619430864,1.400594950663471e+38
1.7925069179273365,8.944809149002143,0.2960129404121239,0.023441388625605217,1.340731291608575e+28,6.876043113174838,1.3932340331956828e+38
1.7920867243712018,8.93321484455066,0.29632765135618727,0.02337808359980106,1.3284671485514758e+28,6.8211367105851615,1.3904684525879036e+38
1.7916538192161373,8.925342073550961,0.2965173874212728,0.02323744965913531,1.3146672032582325e+28,6.75843868593196,1.3881991985007064e+38
1.7912090028478078,8.909647037381578,0.2969659793966876,0.023136796529065258,1.297504109103055e+28,6.678492961625416,1.3848645216800503e+38
1.7907473143220178,8.904388690932105,0.2970647590637793,0.023085197446641663,1.290794652871103e+28,6.652527260662788,1.3829299150112114e+38
1.7897929920583777,8.886709150629066,0.29749712419189395,0.022859058933578574,1.2655117952922345e+28,6.539630772323507,1.3780782951947762e+38
1.7892970317509187,8.875346454404356,0.29779545258678575,0.022763484022110515,1.2521845046000111e+28,6.4797338135245415,1.3752983963707537e+38
1.79027619102682,8.894832791566863,0.2973056637651818,0.02300548712691336,1.2794502197456348e+28,6.60274098483721,1.3804103832449257e+38
1.7887902514447576,8.863816083481819,0.298098381685016,0.02269434030085305,1.2402929105659368e+28,6.42729468058541,1.372489921578079e+38
1.788274629666541,8.858207177971888,0.29820115207101483,0.022751810815658042,1.239504627315232e+28,6.4324752507893574,1.370483974212753e+38
1.787747400988654,8.848407173615353,0.29844340847666473,0.022404557641357313,1.2138496200902456e+28,6.308631465153908,1.3679013568835123e+38
1.7872089112229956,8.837130480363351,0.2987342304045397,0.022409212952393343,1.2063850816251354e+28,6.279287958595334,1.3651110014351437e+38
1.786660710777127,8.825232941585378,0.2990452062905192,0.02237762534863574,1.1965969809340215e+28,6.2379015219857115,1.3622312010456798e+38
1.7849628481780626,8.80391798767473,0.2994843469337342,0.02202680787196473,1.16368255097985e+28,6.0952239044613785,1.355530732985103e+38
1.7861038030745124,8.814914715118263,0.29930192878440415,0.022338880584857525,1.1875584603443546e+28,6.2004408621264,1.3595632636341262e+38
1.7855389842878178,8.807871519454086,0.2994465411361679,0.022198753476516127,1.175402094577105e+28,6.146683117311995,1.3573400799801143e+38
1.7843792332315478,8.793710829718313,0.29973393490987216,0.02196855458943168,1.1538926376351162e+28,6.053835961322067,1.3528672750515824e+38
1.7831897797807055,8.77682053475198,0.3001105642616599,0.02180969517563897,1.1345893527387906e+28,5.972441707909349,1.3480156121083328e+38
1.7837895194176037,8.778681516125994,0.30014785890101187,0.02187815333332917,1.139357843027202e+28,5.987467297001079,1.3495455098149021e+38
1.782583392695635,8.767480195801655,0.3003281201869175,0.02174404084447751,1.1251676580519859e+28,5.9329270350453465,1.3454638132654707e+38
1.7819676400859392,8.753056651430118,0.30071909728317314,0.021703111494838875,1.1138423216383136e+28,5.883363710454727,1.3422120731269795e+38
1.7813456104458467,8.741350717939826,0.30101669138552234,0.02169463532098127,1.1059820987234082e+28,5.852052392116101,1.3393302998170884e+38
1.7807190090850684,8.737085090905282,0.301057717487571,0.02153538861970502,1.0951876992453368e+28,5.805139106220618,1.3374685277308457e+38
1.780082834533874,8.723812892053603,0.301408020803235,0.021563102348119135,1.0882933437456834e+28,5.778910377469036,1.3343681564540943e+38
1.7794421221179626,8.713835735095653,0.30164451536582,0.022515656773374824,1.1298856184607485e+28,6.010577408653811,1.3317201552762076e+38
1.7787960336635147,8.70714157215612,0.301766816814256,0.021441877474734045,1.0718742960961771e+28,5.7123412282833,1.3295222534703462e+38
1.7781420406847033,8.705223476488728,0.3017223354799765,0.02123454285225712,1.0603410037039975e+28,5.661276324231895,1.3279744185782784e+38
1.7768191216686198,8.686290131095193,0.30215502651308457,0.021142637898140935,1.044320600120392e+28,5.596529482431587,1.3228133144851007e+38
1.7774832922076738,8.696444886249298,0.30191501589903447,0.021172651984165784,1.0519304364955512e+28,5.626786449307594,1.3254882269191204e+38
1.7761487727110687,8.67380892022017,0.30247565416570193,0.021045598946627633,1.0320804710730226e+28,5.541379678772735,1.3198177247484105e+38
1.7754737397149125,8.66450713089607,0.3026852965844228,0.021059582478791118,1.02724040034637e+28,5.525885388394654,1.3172583062174901e+38
1.7747936242940363,8.664326350637548,0.30257566261468194,0.02091033389062045,1.019853980279159e+28,5.496671000857448,1.3159489406080474e+38
1.774110127545543,8.654452716394276,0.30280420424328813,0.020886750862681464,1.0129125481552886e+28,5.469783333288182,1.313313766615303e+38
1.772726611444834,8.641238487316421,0.30303075516595196,0.020717632824963306,9.97064159958739e+27,5.405244359700103,1.3089350311988056e+38
1.7734205931153784,8.643146467573482,0.3030824643068959,0.02078935856710399,1.001621113115591e+28,5.419332303973736,1.310480233398961e+38
1.7720305564809937,8.624270048633349,0.30350775668011304,0.020761529501210987,9.894049912221646e+27,5.374265431584314,1.3053298019681639e+38
1.7713292575474355,8.624354409893268,0.3033846727682967,0.020640230792005203,9.836725269127406e+27,5.353713290410553,1.3040613089843771e+38
1.769914494273725,8.602939080732693,0.3038969724193423,0.02055626584514215,9.675679645629408e+27,5.287143518066073,1.2985675575909538e+38
1.7706239544923275,8.614462435195723,0.3036121093497692,0.020486557687012342,9.707623310894397e+27,5.293979880300784,1.301426124456746e+38
1.769202899355993,8.594171212060278,0.30408470491136164,0.020518766584046617,9.608913311998964e+27,5.261227857368315,1.2960901347636205e+38
1.7684861543336048,8.592151120968785,0.30403297721606787,0.02036140305610947,9.524018990904283e+27,5.225321063245002,1.2945367567068222e+38
1.7677678343367624,8.5833250817448,0.30422198899581515,0.02033471260389526,9.462782582072665e+27,5.202280590838779,1.292054419218068e+38
1.7670470589971705,8.576672373149409,0.3043338290997593,0.020266920772910303,9.394742678368444e+27,5.175417133618629,1.2898725441598595e+38
1.7655917030322683,8.561164517012806,0.30463399904807886,0.020174162004381782,9.267503002620242e+27,5.126398778858273,1.285204941331721e+38
1.76632101972647,8.564455383441455,0.30464273180025964,0.02029571492634145,9.341274357380082e+27,5.156547105322862,1.2869263305016243e+38
1.7641292999351994,8.543141867931634,0.3050238019101286,0.020167758309163644,9.167453950437528e+27,5.092109326419517,1.2802063630813793e+38
1.7648618496547028,8.552323531637684,0.30482285660267333,0.020149545823792872,9.208499893571552e+27,5.1043019660637645,1.2827280597521142e+38
1.7633933741133547,8.542528211193229,0.3049184602918396,0.019962942513653013,9.071094304590363e+27,5.049108537946355,1.2788591572074343e+38
1.76265504305612,8.531996326324956,0.305167024580424,0.01997508059942052,9.020795894890691e+27,5.031636569971819,1.276155903010181e+38
1.7604281213869692,8.51096310501313,0.30553468872515793,0.019846781698762153,8.852922234711001e+27,4.9693113693152995,1.2695080589139968e+38
1.7619152507624756,8.523309690782057,0.3053498291259194,0.019925467711927974,8.952676357216632e+27,5.004133172711918,1.2737087098658053e+38
1.7611741658805173,8.51545427640438,0.3055029583773708,0.019807745766322018,8.858846512679506e+27,4.962113495302618,1.2713789979352263e+38
1.7596829970889547,8.503711068348178,0.3056658194378751,0.019767298215048246,8.779965510928931e+27,4.938802612067537,1.2672659136092418e+38
1.7589354539552478,8.494472254682387,0.30586827645619336,0.019683470830874763,8.695342820154172e+27,4.901604234688581,1.2647536068304948e+38
1.7581850544292188,8.492013535036113,0.30582630773260644,0.019654204185018877,8.66985570293667e+27,4.897675386650936,1.2631699292511967e+38
1.757433813642867,8.482716856242488,0.3060306624237462,0.019547631065022716,8.57574790422659e+27,4.854876234832028,1.2606549115151515e+38
1.756680771194034,8.481298704275073,0.3059506806535745,0.01951208369543514,8.552999808546998e+27,4.852385234682314,1.2592190858918638e+38
1.755928299205169,8.465400042168895,0.3063939794761081,0.019559024875318354,8.493518681989766e+27,4.828973291227318,1.2558101313585826e+38
1.7551718187821779,8.462489395043761,0.3063673181871699,0.019426766363994555,8.421592471525342e+27,4.798407015023697,1.2541757170675723e+38
1.7544146330617878,8.45136476975623,0.3066382512525242,0.019488058062713212,8.392779548829925e+27,4.792318330315419,1.2514220995322078e+38
1.753657000035898,8.452455919056275,0.3064662638076242,0.019346599233336963,8.337238497270684e+27,4.770896633711385,1.2503419255894674e+38
1.7528994842693209,8.445028518941879,0.3066033021355556,0.019242936661629843,8.256195540798822e+27,4.734737996694199,1.2481028037970236e+38
1.7521395771972978,8.434809120340223,0.30684169687171187,0.019296390974868828,8.229158023289305e+27,4.729475195334225,1.2454837726372335e+38
1.7513785671361755,8.423850020975443,0.3071074414078515,0.01931338714118154,8.183038482200155e+27,4.713195865630452,1.2427664443781815e+38
1.7506173562854692,8.425370102702193,0.30691857830590974,0.019141162014089795,8.11738702473161e+27,4.685556197657542,1.2417571800770536e+38
1.749854246270688,8.412838919436085,0.30724175512282503,0.019241377215890487,8.099384915060925e+27,4.685368008878101,1.2388319655025127e+38
1.7490915411689818,8.413584232902922,0.3070806333324967,0.019026596138802396,8.012524166074033e+27,4.64523513926893,1.2377225376734392e+38
1.7475626054941802,8.391331413425224,0.3076258342539095,0.019075938194517212,7.927628546291247e+27,4.616157574258226,1.2322740685010476e+38
1.7483279193974948,8.403382068609867,0.3073192173539947,0.019083298261742414,7.987796712790662e+27,4.641021566486213,1.2351235638918303e+38
1.746798475112468,8.392813549631718,0.3074370216406843,0.018972718269448772,7.891697884032646e+27,4.605295244623927,1.2312754363265453e+38
1.7460338702894445,8.384523963379014,0.3076062738519816,0.01896858647551116,7.851091477305104e+27,4.591639305625892,1.2289485374841967e+38
1.7452686624386071,8.375209059633454,0.3078134335274475,0.01888401748965438,7.772767803435836e+27,4.555806694729377,1.2264852260250779e+38
1.744502157085315,8.373076191340505,0.30775661948349187,0.01887876430326308,7.760716114361552e+27,4.558744906092131,1.2250019200134882e+38
1.7437367112048048,8.36402058466693,0.30795464076239615,0.018870520755858988,7.715469653998084e+27,4.54212268462016,1.2225819169757165e+38
1.742969130027472,8.36213401668758,0.30788852778143816,0.0187856513245413,7.672111259021818e+27,4.526551473467532,1.2211378383345277e+38
1.742204116570032,8.354317413631872,0.30804133647279414,0.018791886510364786,7.638854840294875e+27,4.516833970579642,1.2188950076424531e+38
1.7414385084838393,8.346096589561194,0.30820925271654037,0.018682373326369937,7.557046526775597e+27,4.478292176489853,1.2166002626521623e+38
1.740670221476653,8.342271174285084,0.3082145465751931,0.01869483241257025,7.544771795012393e+27,4.480893867846241,1.2149026726330237e+38
1.7399030973009728,8.330555204296113,0.30851199187145484,0.018715371956769127,7.500171835377791e+27,4.464234044826727,1.2121385800980434e+38
1.7391379147438943,8.333317372314125,0.3082740983954359,0.018592653680447793,7.463353422887199e+27,4.452100297167721,1.2113469166291576e+38
1.7383710083860806,8.3219817753809,0.3085578823327219,0.018597631712980903,7.414714994636354e+27,4.432851245878272,1.2086430724545499e+38
1.7376064084997844,8.315811234331802,0.3086510241637072,0.018567792739566383,7.375414100968531e+27,4.419065194655245,1.2066468709213167e+38
1.7368393907708688,8.313377968747035,0.3086050788491558,0.018417834929750704,7.30515145746288e+27,4.386639767239788,1.2051572863765834e+38
1.7360727599889134,8.311248660451005,0.3085478908414921,0.018444286201411985,7.306278955849249e+27,4.397012329197316,1.2037120804291466e+38
1.7353081685794107,8.303210044960354,0.30871058589250705,0.0185487684763612,7.312202658657409e+27,4.41028049361472,1.2014732956835622e+38
1.7345428151663345,8.292618955972804,0.30896853203000435,0.018437639207412183,7.222156251165259e+27,4.365588593261285,1.198891335784347e+38
1.733779113025071,8.29357199490035,0.30879700736718585,0.018371494169620035,7.20038289876839e+27,4.362021542969152,1.1978771203017434e+38
1.7330151157875286,8.284178635123478,0.30901092264676977,0.01832923467477089,7.143229851969891e+27,4.336945042409315,1.195466444634214e+38
1.732251437959459,8.27419684382153,0.3092473716205092,0.01836865028164636,7.115566895951621e+27,4.3296810125482414,1.1929798204963227e+38
1.7314868760025255,8.271563573510335,0.3092092855631061,0.018288524761092904,7.073262111443383e+27,4.31345010714559,1.191488948872658e+38
1.7307249337023272,8.265023904271477,0.3093177707761287,0.018277105733111636,7.040945966064239e+27,4.303202733943655,1.1894768473201694e+38
1.729960673314285,8.258958297867478,0.30940825218013773,0.018256138757855683,7.007099934666816e+27,4.291985107241496,1.1875286143000055e+38
1.729199331878325,8.260535296272515,0.30921304178789194,0.018038785405215012,6.930287723799053e+27,4.254289285053326,1.1866185150298206e+38
1.7284389869827665,8.250961334952512,0.3094357139880415,0.018145518023393523,6.930988019753592e+27,4.2640857234547775,1.1842089540871666e+38
1.7269196728132583,8.242659252188183,0.30947510963746955,0.018046219719477858,6.858450230185386e+27,4.238052714943855,1.1808625399156677e+38
1.7276782653330067,8.250501412006527,0.30931676680271153,0.018079302970214418,6.903771595383176e+27,4.2567006890037185,1.183029881383617e+38
1.7261598971500725,8.231472466228741,0.30975935266536997,0.01811404189209474,6.837636893588682e+27,4.234498355417964,1.1782461590700023e+38
1.7254024365880403,8.23191791161546,0.3096066720484444,0.017989678934528668,6.792530306379965e+27,4.215805804389853,1.1772019581598436e+38
1.7246442769014452,8.221383259001641,0.3098671747565356,0.018041506533863563,6.768622431531189e+27,4.2102092268532605,1.17468216450072e+38
1.7238883307744302,8.221529530415744,0.3097258432552242,0.017930712743654206,6.72765443019132e+27,4.1939096859886345,1.1736046546471786e+38
1.7231317782447546,8.21113409530796,0.3099818618195851,0.017963641402386446,6.69750609123211e+27,4.1842893190855985,1.1711121604726587e+38
1.7223785952962432,8.213853288037782,0.30974379386736545,0.017810466963283065,6.651399455723082e+27,4.164577800701004,1.1703883668290797e+38
1.721624596218421,8.204926752669177,0.309945036198786,0.01786845616460706,6.636874266278035e+27,4.164590888762708,1.1681030078735402e+38
1.7208705334570307,8.202020202764318,0.30991906897474003,0.017800711721311313,6.600009454117529e+27,4.150540101873441,1.1666275209619876e+38
1.7201176535784546,8.191439144171738,0.31018363355961165,0.017887199820701773,6.589408345344683e+27,4.1529500160269155,1.164127659410661e+38
1.7193673015041477,8.193382707280797,0.3099747778592398,0.017720420632947993,6.535717147327436e+27,4.128107330070414,1.1633121654612554e+38
1.7186178714844902,8.184575525859344,0.310173076828388,0.01776463742903732,6.516886670601407e+27,4.125196098334521,1.1610607424812443e+38
1.717869000134719,8.174932459888762,0.31040363940106697,0.017738621495597285,6.469098301433572e+27,4.1038793533732605,1.1587007643185798e+38
1.7171198236753777,8.17314201192546,0.3103362387482024,0.01774159256535834,6.4630995296639e+27,4.109025925070088,1.1573942273948692e+38
1.7163722594323296,8.173198922774729,0.3101989709885621,0.017620638265542454,6.419260473899787e+27,4.09004995603506,1.1563383247924435e+38
1.715626142140534,8.163165614904466,0.31044522397563745,0.01765986116444011,6.394157656942728e+27,4.082922266843785,1.1539388447691606e+38
1.7141357193113238,8.151067909482185,0.31063588799371045,0.017613906919955853,6.330401729460547e+27,4.059815475170103,1.150214529776009e+38
1.714880303849553,8.161661540595283,0.3103674489970033,0.017605906607486507,6.368751672369053e+27,4.075550712854887,1.1526812573921615e+38
1.713393498994413,8.152702036607527,0.310439145856455,0.017543035244633434,6.311253196899836e+27,4.05630943427221,1.149384972567565e+38
1.7126513055367074,8.140759776980424,0.3107598804232632,0.017570395153888984,6.27493517332244e+27,4.041713652938691,1.1467472891706847e+38
1.7119107753023626,8.141548822742672,0.31059540695465293,0.01752619865137579,6.26218516550523e+27,4.0422328312389775,1.1458114440201844e+38
1.7111717484653883,8.131893430779284,0.3108299496388496,0.01751232543696308,6.220212608135864e+27,4.0238174520588705,1.143488363950275e+38
1.7089588862936667,8.119549344013775,0.31089993013417205,0.017419984701482837,6.140594422095371e+27,3.9980975653166295,1.1387524115558938e+38
1.710435095814217,8.134145777822507,0.31061010673816847,0.017439270425870186,6.202847253434027e+27,4.021232083527856,1.1427558500888035e+38
1.7096945684701317,8.129567123742502,0.3106504920980295,0.017413619977137574,6.176311425257284e+27,4.012708148607651,1.1411110007336661e+38
1.7082244508919016,8.119486499794379,0.310768724319787,0.017379608451154722,6.126124595988025e+27,3.9972582138647472,1.1377202779125909e+38
1.7074917630244217,8.1112355895796,0.31095141462289044,0.01733790263714357,6.08043506810191e+27,3.975965581478251,1.1356054994830834e+38
1.7060282054197269,8.1009472488667,0.31107946115724716,0.01732602738821681,6.037832138144084e+27,3.965071722229871,1.1322098954159527e+38
1.706760958331405,8.104402832459842,0.31108037618464174,0.017362576923940023,6.063484873372156e+27,3.973377667347197,1.1336838675595116e+38
1.7052988654920043,8.101242640489977,0.3109351344527017,0.01730860487982985,6.032860469889905e+27,3.9702861885430445,1.131239257365106e+38
1.7031178228410015,8.081997387773605,0.3112769219012945,0.01724691148130595,5.940293186373155e+27,3.9344629418219808,1.1256826844428667e+38
1.7038423115856112,8.08980039037567,0.3111089665693144,0.017189483883219822,5.949149513582119e+27,3.931958604388092,1.1277128781427077e+38
1.7045701668096322,8.091104755243464,0.3111916923142717,0.017289319896026365,5.98852748620896e+27,3.9495414759542604,1.1288895774989484e+38
1.7023933268482037,8.081683736618382,0.3111565821437071,0.017122629010923946,5.896342733514562e+27,3.9136702057895176,1.1246449733842133e+38
1.7016694603560034,8.081364445773255,0.3110365651679382,0.01713716721469793,5.900183445208513e+27,3.924556076068498,1.1236081440513022e+38
1.7009487826907572,8.07282367770589,0.3112337639665466,0.01709495113971444,5.854613312564512e+27,3.9025015105043313,1.1214926481163918e+38
1.700228342327549,8.073060685562803,0.3110928069742834,0.01708740785223382,5.852889007690352e+27,3.9096247804063675,1.1205369409406747e+38
1.699508416882557,8.061516260872828,0.31140639048633345,0.017118192146995878,5.821629811616986e+27,3.89698769640903,1.1180311045341295e+38
1.698073864040816,8.052526440259657,0.3114908926284765,0.017080933298713654,5.776641440852511e+27,3.883234087725148,1.1148910210980235e+38
1.6973587634055707,8.052120787956545,0.3113754019373813,0.016977897127721634,5.740349301810383e+27,3.866972939602076,1.1138647277178605e+38
1.6987898420374363,8.061090215383409,0.3112911752281558,0.017007528731294897,5.782466673322067e+27,3.8789654279222208,1.1169943300948716e+38
1.6966438941125734,8.050259048522552,0.3113162410581071,0.016987537510182876,5.736971924736019e+27,3.872846461085455,1.112648255083474e+38
1.6959330753323387,8.042584498571062,0.31148275903987593,0.01698367173010683,5.708378563483004e+27,3.86162647498758,1.1106753816319302e+38
1.6952223615853683,8.0418700265027,0.31137988791395754,0.016965044046751684,5.699585296197994e+27,3.863767122013232,1.109618306648623e+38
1.694512113775884,8.030609810497236,0.3116858511165256,0.016994958608826393,5.669774071953983e+27,3.8516198108960418,1.1071796767158587e+38
1.693804433570833,8.032296860112357,0.31149024449003904,0.01684570674037718,5.625887037582981e+27,3.8297967728171236,1.1064452606777647e+38
1.6930975738721485,8.022103202376067,0.31175589751031774,0.016959868169738292,5.628163602884197e+27,3.8393510543796037,1.1041555476588794e+38
1.691688182717893,8.011726061487298,0.3118998453039954,-0.17815752700841161,-5.874050148596303e+28,-40.23806796209214,1.1009000844456387e+38
1.6909843449597912,8.008909664609602,0.31187971379668245,0.01693733520641868,5.574617523491422e+27,3.826645125773209,1.0995869440740858e+38
1.6923913663395533,8.020016564921725,0.3117069394911818,0.016905262092074238,5.602750100332071e+27,3.8299957679672425,1.1029314054717967e+38
1.6902858995618177,8.003073860346511,0.311978222077466,0.01684079955936089,5.522679612916359e+27,3.798831705658749,1.0978872733840738e+38
1.6888876835435038,8.001492427522622,0.3117817606320579,0.016785694277004444,5.499172196417603e+27,3.7983460076372735,1.0958103750617678e+38
1.6895853598470483,8.001190175278152,0.31192233979221073,0.01689474884668165,5.533854323866412e+27,3.8144162278959706,1.0967036757813518e+38
1.688190296152304,7.991974670388266,0.31202416955621765,0.016746842023557258,5.453890757800258e+27,3.7748568284074167,1.0936366739225395e+38
1.6874948699050454,7.99008173440336,0.31196952700670166,0.01681066042527561,5.468193855183027e+27,3.792561605588359,1.0924627673803217e+38
1.686802874953268,7.984380206330889,0.3120642784183672,0.016704326702209234,5.414246684919035e+27,3.7628544884716693,1.0907980325623437e+38
1.6861103454870474,7.983472321668889,0.3119716316514252,0.016743861277480922,5.423975938390451e+27,3.7773639952549374,1.0897590653418895e+38
1.6854188653918083,7.981455955548425,0.3119224724278679,0.01669776959213086,5.402217784754103e+27,3.7699351712147746,1.0885779787202407e+38
1.6847308889929355,7.974151192798731,0.3120807693878896,0.016724116329242693,5.38602699716409e+27,3.7663170884488193,1.0867149550892837e+38
1.6840428235913742,7.973775555189817,0.31196800750315895,0.016661283199829048,5.364527782484033e+27,3.7589529651310074,1.0857545994214137e+38
1.6833557091734679,7.972307446093155,0.3118981457430035,0.01677976958274298,5.397705717020871e+27,3.7899263428789602,1.0846542533504577e+38
1.6813042200902488,7.950884324359204,0.3123574028847179,0.016660435483344935,5.287696766159977e+27,3.73539105165829,1.079166656093152e+38
1.6819857727159593,7.959951529136888,0.3121280721456085,0.016660781839703747,5.318026668133226e+27,3.7492117446811206,1.0812411808691581e+38
1.6806247397520038,7.95147086934207,0.3122081352081146,0.016903259488806995,5.366743475140879e+27,3.7989022871447813,1.0783490391829411e+38
1.682670798688743,7.962589576536783,0.3121517414467459,0.016664747519805602,5.328112801881453e+27,3.748682583861944,1.0824874257023777e+38
1.679946123146713,7.951541372432497,0.3120793021111388,0.016549761181960748,5.254741582953582e+27,3.7271394454031457,1.0774658054390405e+38
1.6792673282978823,7.940405725598374,0.3123906881568168,0.01659790821229222,5.233230274041992e+27,3.7193898406874872,1.0751329493705315e+38
1.6779168669364017,7.9399313748318345,0.3121581125434236,0.01650683266174555,5.202960274744894e+27,3.71278122327861,1.0733020511172063e+38
1.6785919756395402,7.9426197688503795,0.31217800829701586,0.016535125630928106,5.220707697902536e+27,3.717959995162213,1.0745342018752354e+38
1.6772453778984195,7.933461433783922,0.31228766039958256,0.018686414222512448,5.866006816985365e+27,4.194310642216141,1.0715877836615658e+38
1.676572649977138,7.931921567410025,0.31222300640690803,0.01648068515771117,5.168569207537447e+27,3.703049330028271,1.0705098029282032e+38
1.6752336972433965,7.919761746453506,0.3124526545413482,0.016478478190417846,5.128385958591725e+27,3.6889668192748255,1.0671948845825281e+38
1.6759031757931055,7.921682420468982,0.31250173404013865,0.01651885684143734,5.147189346579478e+27,3.6951032035708655,1.0683147746394313e+38
1.6745670154206242,7.920861480504167,0.3122849460700208,0.016442581348835795,5.120768099364674e+27,3.6908253420332686,1.0664686683981815e+38
1.6739023050428015,7.911200585639734,0.3125421868463058,0.01646548583725434,5.096705587190448e+27,3.680781672463968,1.0643600215017494e+38
1.6732375028856028,7.910475604335752,0.31244669107359774,0.016400231005125346,5.074181063778194e+27,3.6718003410563216,1.0634036161282567e+38
1.672575225166178,7.911961388742644,0.312264371717954,0.016364873765050185,5.067998443584058e+27,3.674592825350371,1.0627350075769235e+38
1.6719145682214613,7.901262839788462,0.3125636776063791,0.016407502890037413,5.046938958767435e+27,3.6665591007202623,1.0605038991378221e+38
1.671257135548967,7.904678494792908,0.31230576348995304,0.016336207450333592,5.035879277140313e+27,3.6657258785852984,1.0600913471750899e+38
1.6705957498103676,7.899609755155289,0.3123824810644803,0.01634176096624026,5.021460586120365e+27,3.662471425662318,1.0585854070776882e+38
1.6699403613956323,7.891840233671384,0.31256735094584015,0.01634510663718485,4.997838273722361e+27,3.6524008818917735,1.0567423903353923e+38
1.6692850903970489,7.890733291439591,0.3124885329999917,0.01624717426897194,4.964410413880284e+27,3.635098251138569,1.0557550715493313e+38
1.6679778513913868,7.8879294557098225,0.31235480902339763,0.016252573224145608,4.957243343079286e+27,3.644096663798699,1.053711254002262e+38
1.6686295525495167,7.887247846947896,0.3125038541710132,0.016236928690853664,4.950332174033869e+27,3.631915490408207,1.0544636462894089e+38
1.6666792383880398,7.879313702890412,0.3124529066293058,0.016225200706408465,4.9219256953775464e+27,3.6322520136808167,1.0509399094011176e+38
1.6673275743832618,7.877418307848101,0.31264965930462696,0.016294050785310328,4.9368692248733793e+27,3.63620205321204,1.0515306199562125e+38
1.6660330969057406,7.870819635746368,0.31266883790556693,0.01626171182366622,4.906469233740619e+27,3.627872403596026,1.0490257263339778e+38
1.6653852262526636,7.867901368061691,0.3126631765869494,0.016240265208093286,4.890921239425127e+27,3.623415839867853,1.0478227966232356e+38
1.6647408179102254,7.868441912907466,0.31252072294312533,0.0161157832208396,4.8550996662050364e+27,3.603844606645159,1.0470664282089007e+38
1.6640979295523481,7.859043731789195,0.3127736152667171,0.01624688808235033,4.865435652541006e+27,3.618498355728022,1.0450458349754177e+38
1.663455628895297,7.85768734238421,0.312706862344238,0.01619991835613349,4.847184650703272e+27,3.6118899308500696,1.0440525852819775e+38
1.6621785013012662,7.850639881729007,0.31274727894751625,0.016178774337781466,4.8191885220254347e+27,3.604845527814201,1.0415264160509332e+38
1.6628160519694295,7.8585837304561625,0.31255097550383487,0.01608265443848778,4.8148434579526913e+27,3.5946960784819906,1.043350084184005e+38
1.661540471249477,7.848416578968143,0.31271579154501056,0.016148445064569916,4.80334698305119e+27,3.599899588395046,1.0404309925446078e+38
1.6609048156607793,7.848562583767312,0.31259034070890446,0.016034711602436573,4.769960676369466e+27,3.581724065272321,1.0396403365744994e+38
1.6602713518062437,7.848499903340042,0.31247361522576966,0.016073376684439054,4.7812717293980623e+27,3.5970717702133923,1.0388260617503147e+38
1.6596385896827168,7.839924022624722,0.3126962015365329,0.016088124715986425,4.7595699199674084e+27,3.587576220409505,1.0369346109688212e+38
1.6583787685062268,7.83014508900778,0.31284906029344034,0.01611570420149267,4.738068681191026e+27,3.584955377340481,1.0340973092819022e+38
1.6590074877340586,7.838449667570432,0.3126360877163041,0.016033067258144556,4.7388231526313255e+27,3.5787372890105233,1.035946570854762e+38
1.6577484840337133,7.826992778233027,0.31285611033302985,0.0161017086596046,4.7244324865728445e+27,3.5814384983331506,1.0329001371910322e+38
1.6571230318442767,7.8293308806954,0.31264467865705253,0.015972063543529678,4.6933969195734797e+27,3.564630873616347,1.0324046331489384e+38
1.6558737130307206,7.8181799244716625,0.3128545576088413,0.016051913737922332,4.683366433321308e+27,3.5704514145275015,1.0294166793444643e+38
1.6564972885875513,7.828464087881513,0.31256122541689296,0.01598203978641277,4.693729342503956e+27,3.5716216259530547,1.0315033942166145e+38
1.6552513253460905,7.818600148449376,0.3127201574375124,0.015980988282398342,4.6639261754967006e+27,3.562320529178643,1.028684564115515e+38
1.6546302305082012,7.816888450242514,0.3126712684236671,0.01593536449926129,4.645522751930282e+27,3.5549284609279,1.0276853331067141e+38
1.6540109770700855,7.807628461439201,0.3129249446782208,0.016029691348760155,4.6454080708794475e+27,3.5615002603315165,1.025737927456131e+38
1.6533921427394382,7.8062079732313725,0.3128647877841102,0.015992969862181704,4.6305515572114663e+27,3.556758880712893,1.0247806583973107e+38
1.6527767336214483,7.806964541902871,0.31271802810551685,0.015918278487861884,4.611159555681979e+27,3.5484627019621175,1.0241022613511599e+38
1.6521626038973025,7.799298034667776,0.31290910952707046,0.015979670930603367,4.606259816326968e+27,3.55128510008365,1.0223663784711942e+38
1.6515476108475806,7.796986353256868,0.31288537174687375,0.015956392788976904,4.5927373145431566e+27,3.5474571941817903,1.0213042759945694e+38
1.6509356895104048,7.79765614297043,0.31274257763525326,0.01588270673845017,4.5734921106371227e+27,3.539143738888594,1.0206213322127857e+38
1.6503272504836288,7.798812381949402,0.3125809692744359,0.01587342315535691,4.5742086815424414e+27,3.5462281028970386,1.0200034626292591e+38
1.6497157349915852,7.786121923416944,0.31297442616731375,0.015963209301929394,4.5627768103377866e+27,3.5439263657785527,1.0176461884699273e+38
1.649109613318953,7.788034210255887,0.3127826162815733,0.015855083171812473,4.5374389490229386e+27,3.530727705894058,1.0171284248020916e+38
1.6485024172743772,7.786925761097189,0.3127119583017669,0.015814409884004028,4.522579182370869e+27,3.5256507215164117,1.0162306984145704e+38
1.647898559378324,7.777448797402706,0.3129783154020268,0.01592325376638806,4.526063438597271e+27,3.534836364902214,1.0142903480506646e+38
1.6472944079904506,7.776727934815124,0.31289257235666934,0.015860362830051888,4.5060983219704194e+27,3.525701907799984,1.0134471205116455e+38
1.6466928932289453,7.777957764567884,0.3127288629784488,0.01577947512790267,4.486663236711628e+27,3.5169117034056416,1.012851283791656e+38
1.646091303632841,7.77608299472894,0.3126899827432866,0.015719429014287984,4.4642059313756867e+27,3.5057073988538727,1.0118676488504321e+38
1.6448963436196957,7.7686801346373935,0.3127607386363821,0.01575233201075466,4.452296471479217e+27,3.509073356693344,1.0094575731545674e+38
1.6454941611217375,7.7686540535427415,0.31287545809873696,0.01581242811604219,4.469207232375699e+27,3.5160076610370683,1.0101974557824679e+38
1.6442994448125903,7.76690779486723,0.31271858758372983,0.015723180140388662,4.438989877288929e+27,3.504940514597018,1.0084949881601496e+38
1.6437037780186787,7.7660218328923225,0.31264096418559556,0.015629949183180968,4.4101526195987397e+27,3.4884853214891542,1.0076448780303323e+38
1.6431110235027158,7.755914026226265,0.3129355180534098,0.01578628230412687,4.4253519274179076e+27,3.506826784589848,1.005651766911019e+38
1.6425187074630196,7.755811477124115,0.3128268458656777,0.01572847548019574,4.4088555190617505e+27,3.5000584045798813,1.004905397363319e+38
1.6419298376051028,7.756991909518283,0.31266710446980284,0.015614103667894915,4.38012765842791e+27,3.483492185215116,1.0043227115463407e+38
1.6413408143062254,7.747561291132878,0.3129353922108897,0.01574998770391894,4.391454016421024e+27,3.498771194373958,1.0024227612142431e+38
1.6407529301077404,7.7477670752311605,0.3128149984333415,0.01568792551013521,4.3747306112747145e+27,3.4916959582757565,1.0017219617295532e+38
1.6395835746707408,7.73884719314063,0.31295235404498073,0.0157218638557182,4.35901542179623e+27,3.491577278580529,9.991724072410878e+37
1.6401665001688865,7.747196496424054,0.3127262241175723,0.01564055260234374,4.3599144464081023e+27,3.486095885808998,1.000926737788225e+38
1.638997513039144,7.736342649504462,0.3129417688352456,0.015705555071314225,4.347451955513821e+27,3.48854529334821,9.981398717196593e+37
1.6384162304976768,7.737354289332926,0.3127898798850644,0.015632364448366725,4.330022029897958e+27,3.480726870829587,9.975491643635511e+37
1.6378366165325964,7.728452452045797,0.3130393780972534,0.01562583565366523,4.303372758062067e+27,3.465430015799633,9.95734234570813e+37
1.6372554998904587,7.735304880542857,0.3126510974530806,0.015523181280776172,4.294087850019324e+27,3.4640941162210637,9.958665925660655e+37
1.6366789562719917,7.727231269154294,0.31286755133947286,0.01563345403561759,4.3020703783959125e+27,3.4766507555343193,9.94160844183494e+37
1.6361014970509442,7.725928416373136,0.31280990566773903,0.015597385178970498,4.2885276464437486e+27,3.4718268034904307,9.93290842543396e+37
1.6355262285041055,7.727448144224679,0.3126384212828857,0.015502443001728702,4.2666169797587944e+27,3.4601676314604553,9.927718477871884e+37
1.6343812569806082,7.716729846785464,0.3128534956997171,0.015586392580367637,4.260054057498295e+27,3.466963678865478,9.900474928591327e+37
1.6349529852667342,7.71628553546794,0.31298095672458,0.015629709289841306,4.2706636416989377e+27,3.4695254088249072,9.906928840013435e+37
1.633810453218792,7.716927375090274,0.3127362271236727,0.015526352814340503,4.24418722023261e+27,3.4600886759416816,9.893728147202228e+37
1.6332400738686192,7.716053211497316,0.31266246582237867,0.01547490161024623,4.2277274675634224e+27,3.452692442637626,9.885670048203257e+37
1.6326743666190588,7.709195488809422,0.31283220144173596,0.015547596575728295,4.228745741341416e+27,3.459511270051161,9.870324994172017e+37
1.6321053882995014,7.706307031260221,0.3128403951587604,0.015542293009544352,4.2193898073350616e+27,3.457878299883998,9.859825771840892e+37
1.631540367407089,7.707407869537891,0.3126874254090956,0.015469084663847405,4.20251569587857e+27,3.4500173109134336,9.85427763251344e+37
1.6309754825092424,7.7061357471625795,0.3126307645829849,0.015404940569251692,4.181636902361865e+27,3.4388260217332522,9.84582112994697e+37
1.6292920092795076,7.696684792339812,0.31269156189262454,0.015432826484472544,4.1635807832887246e+27,3.4417031182942375,9.813730623195654e+37
1.6298507236964603,7.696209894926285,0.31281809098502245,0.015496165032073225,4.1793791101953626e+27,3.4488449252355164,9.819952492660516e+37
1.630412926046826,7.695987468535087,0.3129350388359735,0.015567982946952675,4.19814199539416e+27,3.458359387473874,9.82652463585323e+37
1.6287327252734516,7.68677840798699,0.3129870697471571,0.015455858054997192,4.143028736192629e+27,3.430598399859003,9.794808359785585e+37
1.6281754043492649,7.686959961923559,0.31287258187452266,0.015492329393298,4.1532955297828064e+27,3.444989740669819,9.788262452913087e+37
1.6276185622085912,7.685078192165059,0.312842162110315,0.015473173368346242,4.1430851763772035e+27,3.4424032171981924,9.779201422032311e+37
1.6265104864783422,7.685000057938629,0.3126323590439697,0.015372514582650163,4.11592361673635e+27,3.431500101881367,9.765657933078577e+37
1.6270647622192038,7.686444838865843,0.3126801127509142,0.015393912943288318,4.125528747555662e+27,3.433653504452041,9.77414701587564e+37
1.6259585014240874,7.675065021706615,0.31293081331937256,0.015501978021011095,4.1238271277474563e+27,3.443929189695368,9.746856535422713e+37
1.6254100040183026,7.677914278913935,0.3127091611334245,0.015382663819422708,4.0996885171214477e+27,3.429551012846574,9.743687521448653e+37
1.6248588841204186,7.676521754109113,0.3126598387139381,0.015353498588236975,4.0882062289184634e+27,3.4257494505382695,9.7353196310616e+37
1.6243108419086794,7.675580555677273,0.31259270909809295,0.01532499493433152,4.0781155492922243e+27,3.423062737597416,9.72754095888467e+37
1.6237632973559786,7.665083563048633,0.31291527371590716,-0.04736683593266151,-1.2518775793365324e+28,-10.52565924075738,9.70816247011455e+37
1.6232170612576748,7.663821693658359,0.31286151363942705,0.015433928389198184,4.0757398685311846e+27,3.432610378629937,9.700035739098504e+37
1.622675370308468,7.667413881150242,0.3126105803675975,0.015306953168421315,4.0516908872475297e+27,3.4180556623908953,9.69785783832126e+37
1.6221308475429483,7.665077187077878,0.31260094449232134,0.015296683161925236,4.042806462938988e+27,3.416288845367067,9.688451772265507e+37
1.621591006651005,7.657898981371541,0.31278983372165603,0.015366839697525971,4.042367034473823e+27,3.4216072368212873,9.67324358811596e+37
1.621049296072177,7.655599701310875,0.3127792545891732,0.015355805074906343,4.0334036964728906e+27,3.4197285172661727,9.663933528272195e+37
1.6205109095006476,7.655988399533165,0.3126594989537475,0.015296300636010257,4.018794151798871e+27,3.4130057012870947,9.657922588901606e+37
1.6199733259143072,7.655642498059429,0.31256990026696035,0.015258158818655065,4.0078676491047e+27,3.4093775815221377,9.651032785012096e+37
1.6194358767125976,7.645180843493515,0.31289377905854987,0.015293444832977355,3.9897634982218067e+27,3.399612510261949,9.631923451842462e+37
1.6189004021224465,7.644701116782231,0.3128099476431729,0.015357677414618754,4.0052636683849026e+27,3.418467884300951,9.624915543169044e+37
1.618366243488373,7.644357163207485,0.3127208055929018,0.015299204018387535,3.9891163564121104e+27,3.410308724010805,9.618089255899841e+37
1.61730250506804,7.634348435406666,0.312924968329451,0.015307063876752328,3.9651059754516867e+27,3.4009445468350252,9.593258860983122e+37
1.6178339755659206,7.644592772005141,0.31260831919528936,0.015242163694842372,3.974856149306978e+27,3.40371121453232,9.611985888129598e+37
1.6162450200400444,7.636600929734223,0.3126281199581807,0.015233128201990083,3.9517785037827404e+27,3.4006163884046465,9.583313570221974e+37
1.6167734842714936,7.636070746458612,0.3127520534033348,0.0152921370331027,3.965709660684305e+27,3.4070309057693904,9.58900322863049e+37
1.6157164780481135,7.635079238934057,0.3125881719925173,0.015209956448271254,3.941837629221895e+27,3.3976137668691333,9.575155437402207e+37
1.6151930583198237,7.628510998887523,0.3127559624329011,0.015293168827700931,3.9463843836430264e+27,3.407047860144387,9.560998522239272e+37
1.614665014491437,7.62493808718735,0.3128002193268457,0.015271454274665064,3.9315610307096764e+27,3.399804094404714,9.550394813429815e+37
1.6136198457047022,7.6254099732331335,0.31257839989495034,0.015184160845741283,3.9102975275642795e+27,3.3923817501497333,9.538484079422795e+37
1.6141426217254928,7.625947835614705,0.3126576146935949,0.01522604068458536,3.9224656968505235e+27,3.397431236913732,9.545370994510283e+37
1.61309751617925,7.624996766607699,0.3124941515859084,0.015146464465733788,3.899533062385687e+27,3.3885238143513194,9.531753916478475e+37
1.6125776300820593,7.615145658350738,0.31279755621536204,0.015173293632725621,3.8812708731808105e+27,3.378094902728005,9.513750706348734e+37
1.6120593530773635,7.615162432711721,0.3126963353411866,0.015231056539871456,3.8960893159305967e+27,3.396446777324747,9.507599967791764e+37
1.611542696128651,7.616350743088316,0.3125473461845575,0.015150689981104967,3.878556365567591e+27,3.386585730057177,9.502870338863017e+37
1.6105106731290306,7.60568264623293,0.31278530581700437,0.015151868147166209,3.851768705935609e+27,3.373985497556741,9.477838765467932e+37
1.6110258196397644,7.616091413926498,0.31245774050804653,0.015112170921257039,3.868036956467823e+27,3.382822093278184,9.496405553811859e+37
1.609996782245977,7.606060896269654,0.31266995063121855,0.015205555938158297,3.8663780037552525e+27,3.3921911661728044,9.47218812051774e+37
1.6094828463305122,7.604484119862236,0.31263495240809364,0.015171203083877441,3.853646074185721e+27,3.38642226998243,9.464202857199598e+37
1.608971821887846,7.605350057387503,0.3125001031615846,0.015107397043755395,3.8396240460089015e+27,3.3794619339172214,9.459168859401416e+37
1.6084613887028467,7.605072050784605,0.3124123850016199,0.015071187610284668,3.82972119242403e+27,3.3760976944828744,9.452777445644212e+37
1.607954310433713,7.596959034702715,0.31264742409409463,0.01515109776586038,3.829534978178697e+27,3.3812600022763015,9.437103037207256e+37
1.607444452169351,7.5948282750271074,0.31263597495333284,0.015145460574993982,3.822744700939032e+27,3.3806209002181995,9.428526766496725e+37
1.6069383941489739,7.59523252701993,0.312520915801204,0.015102486097975891,3.812912449162782e+27,3.3772385983179647,9.423015387325967e+37
1.6064323126887705,7.5949083842358585,0.3124358258316743,0.01505886988841149,3.801089498058931e+27,3.372073149188696,9.416638045616205e+37
1.605928883279123,7.586121532832952,0.3126996882924286,0.015080146966789531,3.784491824269336e+27,3.3626144380708065,9.400244667518267e+37
1.605424879483675,7.585228873317016,0.31263833898029736,0.01503478897703368,3.7708894612073084e+27,3.355790995908736,9.393230882465217e+37
1.6049223361390148,7.58430918916155,0.3125783734512897,0.015117111030101693,3.7892387324702823e+27,3.3774031892068535,9.386204723559256e+37
1.6044211140632731,7.583987670792587,0.31249400170881203,0.015072261990273133,3.7771961934309257e+27,3.371931534404407,9.379906055606121e+37
1.6039214572605283,7.583965079438253,0.31239761384973835,0.015024355552302355,3.7651344836330665e+27,3.3664026003776244,9.373980730484948e+37
1.603422497409463,7.58343205244072,0.31232238195467615,0.014994296354468918,3.756281286834209e+27,3.3637157615711404,9.367460452776639e+37
1.6029258318277417,7.574311460496005,0.31260160490938116,0.015019875571396115,3.7401166730746243e+27,3.3544325138415414,9.350816124620992e+37
1.6024307034956107,7.5752895578629635,0.3124646956275874,0.015045560467633107,3.748932125171486e+27,3.3675366946462266,9.34614198137498e+37
1.6019355068361298,7.574011394225115,0.3124208493028826,0.015024637115456561,3.7405613264421724e+27,3.3652140156981445,9.338800167662052e+37
1.6014415280758478,7.573887331946524,0.31232962601190667,0.014978542529050535,3.72878013128926e+27,3.359792002416684,9.332837822316242e+37
1.6009494811260956,7.564728516243258,0.31261169144997725,0.01503525624623823,3.720322464592374e+27,3.3573258450044574,9.316242940854107e+37
1.600458112356502,7.5649052522924105,0.3125084424357014,0.015030044157233123,3.719467248056823e+27,3.3617098433624424,9.310679906393433e+37
1.5999683323396392,7.565763173234624,0.3123773809732285,0.014994343906445964,3.7127371040093593e+27,3.360766283244833,9.305937872053077e+37
1.5994781368537965,7.5644087197672905,0.3123375912767664,0.01497297792402728,3.7041292683975834e+27,3.358115594754019,9.298585386961056e+37
1.598990555169575,7.564833573680218,0.3122248428535979,0.014929605067482084,3.694436673644807e+27,3.354438098420152,9.293358837569006e+37
1.5985034180585003,7.554725646276128,0.3125473400091428,0.014985155924219184,3.6834753697474966e+27,3.3495847576885076,9.275758328949122e+37
1.5975322021697527,7.553630509434646,0.312402729104525,0.015006935553048436,3.686156085288949e+27,3.3622241452623003,9.263095310176383e+37
1.5980176450051726,7.554430199575616,0.3124645789648692,0.017637239719777948,4.334531856280679e+27,3.9476204927155485,9.269720352542826e+37
1.5970510529482211,7.556122179623571,0.31220565339443235,0.01490393084624802,3.6668969266453195e+27,3.349698763148954,9.260382629320115e+37
1.5965679647142315,7.545508167874934,0.31255025135259923,0.014980649661442193,3.6599582621813273e+27,3.3484215331849083,9.242278172841916e+37
1.5960866581369972,7.545518123537925,0.31245561667724064,0.01491254535238881,3.6433435712725344e+27,3.33824985514174,9.236665353089e+37
1.5956067657738606,7.545498438112859,0.3123624861559814,0.01497713888288492,3.6590769439194364e+27,3.3577104624574416,9.231034262482644e+37
1.595128102046693,7.546271374866771,0.3122367964532135,0.014909153816853538,3.6443334532167926e+27,3.349201862970746,9.226345302971251e+37
1.5946489851912695,7.544679337028029,0.3122088789382647,0.014894240964776168,3.636849453549217e+27,3.3473480173559467,9.218885385052538e+37
1.59417185877642,7.544729897656609,0.31211337295922675,0.014873248929489822,3.6318453469628887e+27,3.347747561273865,9.213370569851234e+37
1.5936975571242848,7.5357053856683045,0.3123941777402583,0.014877773952277391,3.611274725350848e+27,3.3337424209106445,9.19729503494661e+37
1.5932237102904443,7.537048312067197,0.31224565018837575,0.014906073226710193,3.621368862566016e+27,3.3480351286442667,9.193339911294564e+37
1.5922759418490025,7.535126317717461,0.31213950067818313,0.014855323938141658,3.604440241017413e+27,3.3423137142118255,9.180051555788851e+37
1.5927475598852263,7.53401122662154,0.31227816634404215,0.014931072446114128,3.620139741139449e+27,3.351904532322303,9.184246825838215e+37
1.5918042184552532,7.534411839132628,0.312076618086364,0.01482873682961494,3.596283766192921e+27,3.3396945188710525,9.173723371011648e+37
1.5913350800942851,7.5252068968765355,0.3123662666494931,0.014880304484172008,3.586799160978143e+27,3.335799381887962,9.15754588259584e+37
1.59039610811406,7.523967726860203,0.3122333692362218,0.014889783979532488,3.5861300452287306e+27,3.34503418742775,9.145191401132666e+37
1.5908648876362523,7.524940992641433,0.3122850062890771,0.015052445716246353,3.6276516827124044e+27,3.378781796191402,9.15177133238505e+37
1.5899287799482689,7.523534364845822,0.31215960099538975,0.01485910500995654,3.577710654075611e+27,3.342088208736215,9.139258041142314e+37
1.5894634633450564,7.5242276808938,0.31203948742075915,0.014803381885474165,3.565936486684399e+27,3.335968219847011,9.134656518645198e+37
1.5885349249075367,7.515251448856729,0.3122296819699315,0.014780252649812087,3.539178402964444e+27,3.3206237159871868,9.113467188926384e+37
1.5889982636475204,7.5143953793141165,0.312356332927082,0.014871996798745337,3.559119024258319e+27,3.3344671744489642,9.117843990739068e+37
1.5880722456396383,7.514451426579057,0.3121719731380759,0.014850352906118289,3.554071816609308e+27,3.3394578650066187,9.107175814371064e+37
1.587609353420494,7.51310155090666,0.3121370525237932,0.01485774613476954,3.5526485454858754e+27,3.342989782235445,9.100247742473259e+37
1.587149899311944,7.514587851761766,0.31198500074106555,0.014775387969999491,3.536451781875297e+27,3.3325683026598174,9.09664346415824e+37
1.5866894284891122,7.5135933787386,0.3119357675642667,0.014757780065105522,3.5299007290983953e+27,3.3312244745274744,9.090157646916546e+37
1.586231637262796,7.504030072943466,0.31224319124271105,0.014826384274570269,3.5237987615705305e+27,3.330267417030028,9.073803689250368e+37
1.585776545660376,7.506679030261526,0.3120434555446627,0.014801116388412656,3.524006694301651e+27,3.335245613498129,9.071603410017607e+37
1.585318647694907,7.5055211035615095,0.31200147913545706,0.014784066794090275,3.5172333738464866e+27,3.3336453255900107,9.064971478929967e+37
1.584408083914572,7.494944185126348,0.31226231980437613,0.014817109076885071,3.500326132053244e+27,3.3271647796138932,9.04224962610697e+37
1.5848631686081616,7.50547384446669,0.3119138017464645,0.014741620264440522,3.5070246328363255e+27,3.3287486266672373,9.05965019333431e+37
1.5839550263669122,7.4950627372283085,0.312168091418281,0.014793581131698557,3.4950444009335113e+27,3.326898207875345,9.037161644350198e+37
1.5835018149903686,7.494710132233843,0.31209345430764746,0.01473556415373203,3.4805188311519544e+27,3.3178153192089916,9.031529282998149e+37
1.5830506726893394,7.4939048223295535,0.31203806699110653,0.014770708552725671,3.486945913698054e+27,3.328680988150347,9.025400125202923e+37
1.582602996883269,7.496959707837791,0.31182271045054927,0.014704318459392296,3.478354175266625e+27,3.3251782389666023,9.023749661987734e+37
1.582151639392332,7.494652405086291,0.31182974910978534,0.01470415410086882,3.4729660686181243e+27,3.3247658110462663,9.01589419733323e+37
1.5817046068164284,7.485889618246132,0.3121065590987727,0.014764690295184145,3.466925058556304e+27,3.323675410081276,9.000679531935724e+37
1.581256276203124,7.485119469668928,0.31205019693139024,0.014704716380439265,3.4510666920413823e+27,3.31316517933113,8.994637499727198e+37
1.5808096969552992,7.484509820602926,0.3119874783471002,0.014991034289012162,3.516830422695168e+27,3.3810727765465125,8.988801445922137e+37
1.5803655166285413,7.485617689003086,0.3118536541865669,0.014718477126869097,3.455445982749652e+27,3.326729057858925,8.984962812788962e+37
1.579920035283485,7.48402899975065,0.3118319280990503,0.014709461262202328,3.4496663512725337e+27,3.3258496140319904,8.978019609755768e+37
1.5794772535703425,7.484605841825036,0.3117205091033127,0.014663553138459883,3.4402254617829066e+27,3.321399179031378,8.973587898304403e+37
1.5790346072023307,7.473939440647274,0.3120778957880583,0.014741459677381122,3.433929533482979e+27,3.31997019280531,8.956297560308974e+37
1.5785936127917186,7.474398544004302,0.3119715748040495,0.014679322537002567,3.4205054479508224e+27,3.3116133744037284,8.951764820892443e+37
