0.15250703900671045,19.90799916399313,0.011315746521924706,0.005023688188736747,1.5691474744370377e+29,18051585.97674335,7.143722624511844e+36
0.1471560882735576,20.878179160091005,0.010411338097718976,0.0040525614809301825,1.605815810924341e+29,22085416.976866618,6.901864434518074e+36
0.14202614558589502,21.998729025362458,0.009536557813910678,0.0032157639112310467,1.6549128396275964e+29,27179074.756252922,6.68078211116257e+36
0.13711308265474967,23.30496715062214,0.00869063149440279,0.0025063192959846534,1.721004042968048e+29,33704544.5767554,6.480965396045616e+36
0.1324172966461348,24.81849283788584,0.007881161881336581,0.001925675681401369,1.8111865531451567e+29,42222179.3496442,6.303478225930844e+36
0.12794436676049914,26.626021191828812,0.007097997320012624,0.0014491449012310898,1.937073933604704e+29,53621801.284897774,6.150123016381805e+36
0.1236985498678723,28.77459264068226,0.006350038515836129,0.0010752731875302455,2.11869164646268e+29,69429775.35679224,6.023368389423732e+36
0.11967969283633764,31.38520150889483,0.005632698165409174,0.0007867777331673503,2.3932038043235015e+29,92507810.65638922,5.926801917565072e+36
0.16983744630053718,17.659222301630408,0.014206359894875082,0.008792551563902573,1.508258597390723e+29,10130003.648606626,7.988296539958246e+36
0.16384839920924452,18.320053555331054,0.013211021488961154,0.007384533631381435,1.5221581754442606e+29,12233474.435900576,7.687166794625448e+36
0.15807168762851698,19.058888584839462,0.012251166831181864,0.006138768060264625,1.5419564159119362e+29,14828686.923700197,7.40559512964101e+36
0.17603558285921198,17.0783157483714,0.015225668121801613,0.010330554950509049,1.4991733820133845e+29,8416869.574044876,8.308840437952878e+36
0.18244067573874276,16.559626791705803,0.016273915722121928,0.012011883037276752,1.494055861873038e+29,7015514.438112808,8.648719647262052e+36
0.18904765179931976,16.098432467657044,0.017346371065522042,0.01381742042001503,1.4922718262552898e+29,5865331.340579667,9.007782212849436e+36
0.2028662346935205,15.307159712295048,0.01957654694405136,0.017830329120968554,1.4967023647957888e+29,4134163.5144284284,9.783951156692922e+36
0.19585665847074357,15.680999136375988,0.01844954010900083,0.015767893344168775,1.4932940870722818e+29,4917616.866572189,9.386151633373529e+36
0.2100703984515948,14.970112202962218,0.020728159362194274,0.020002581315470128,1.5021535868533719e+29,3484906.182295081,1.0201057693244814e+37
0.21747116000984695,14.669350788022026,0.02189836610840852,0.022245199126911107,1.5093632961268752e+29,2945007.9895602404,1.063784471193198e+37
0.2250601003736494,14.387129146486595,0.023107092418333953,0.024655747502860037,1.5180703623418709e+29,2495171.539338996,1.109390424854517e+37
0.23283478695701415,14.13799640515279,0.024326573184322187,0.027083229696028204,1.5280684355147108e+29,2119358.944069066,1.156953664426278e+37
0.2407970183207177,13.908244709055912,0.02557406218489992,0.02960872192074457,1.5391618663271427e+29,1804387.5333512349,1.2064969091909685e+37
0.248937682864928,13.699401525979374,0.026841697833777017,0.03218506842338475,1.5511915440820463e+29,1539973.5528794194,1.2579952513593042e+37
0.26575063994740555,13.337820566702874,0.02943136356881406,0.037414423929253725,1.5774893391378927e+29,1129525.0984809403,1.3669419583870777e+37
0.2572572511546545,13.51641332298522,0.028114288444244507,0.03470802063719992,1.564012367770132e+29,1317355.8570796943,1.311493136408997e+37
0.2744141002955315,13.178565620852961,0.03075807948111025,0.04008338308040628,1.591505353143616e+29,970682.1335184171,1.4243792502635006e+37
0.28324675255097226,13.03778362021589,0.03209091539002629,0.042679084478367775,1.6059682581825824e+29,836013.5341125202,1.4838319437421648e+37
0.2922324184001637,12.89963140056506,0.03346355116401484,0.045427461354502915,1.6207199898449098e+29,721717.2335765706,1.5451658205910286e+37
0.3013898219224877,12.776083256395594,0.034845907852915,0.048109055116075765,1.635755957922768e+29,624276.014402777,1.6085762784327421e+37
0.3106780101541547,12.658334274301845,0.036253913148169434,0.05085557240581719,1.6509136739820188e+29,541343.3895030094,1.6737706914079954e+37
0.3200355709029568,12.557854649913208,0.037644690818351804,0.053406459906260605,1.6659964390959525e+29,470959.82286578097,1.7403768324048424e+37
0.3295090305770922,12.45868358604763,0.039067543146610796,0.05606919431342782,1.681078963888647e+29,410726.3390464677,1.8086551556797384e+37
0.33915767345016135,12.37537337346287,0.040482215446658185,0.05850003587838555,1.6960970685730927e+29,358710.02486093243,1.8791423381781446e+37
0.3795527990837666,12.078890138039384,0.04641582804392087,0.06834588213837756,1.7552966609176043e+29,211490.36248464746,2.1835306909450126e+37
0.35902069696008354,12.209272564475388,0.04343608073322455,0.06369464297871072,1.726055956727923e+29,274636.64829919126,2.0268910506159288e+37
0.3489994560266887,12.28782067020951,0.04195375335212467,0.061150411062370603,1.7111052390916404e+29,313656.3024974152,1.951880639916233e+37
0.36920774511379223,12.145761346149017,0.04490213536248891,0.06593638493305522,1.7408119794278443e+29,240823.5198325099,2.104167724906927e+37
0.3900478770260427,12.018924693684239,0.04793726359863486,0.07063725999461791,1.7695585311130044e+29,186027.17361652764,2.265037021796977e+37
0.40070072558845543,11.95808895872371,0.04949704637309094,0.07302528713930886,1.7835495945619715e+29,163864.77030274068,2.348693548847698e+37
0.4115374510749087,11.90844816927943,0.05104757640118014,0.0751355969235001,1.7973167105518734e+29,144503.65864178832,2.4348857959861206e+37
0.42258043047406463,11.849399006801178,0.052678571866543254,0.07760360437946992,1.810783503000721e+29,127532.44063321587,2.523568773605321e+37
0.4338099833159696,11.810895722200344,0.05425473446531871,0.07944594394702374,1.8238491815657434e+29,112665.84000583796,2.6150507839507604e+37
0.4451863162910941,11.769291201182194,0.05587434353180909,0.08142548612785938,1.83660143722816e+29,99679.74833126846,2.708708583923231e+37
0.4566897837852642,11.727358597132753,0.05752306606634247,0.08344739801706358,1.848914559667557e+29,88330.64621031111,2.8044356731875364e+37
0.4683503252498543,11.687482359989877,0.059193060197362174,0.08542613773549315,1.8607954303560015e+29,78369.22422739415,2.902547260904718e+37
0.48020403880766127,11.657259089985917,0.06084855854101821,0.08707025835305926,1.8722123064255777e+29,69586.83775410881,3.003550237180037e+37
0.49224803119772953,11.618736379870464,0.06258150814962393,0.08904136222939274,1.883169028424457e+29,61840.13252307868,3.1070822829765713e+37
0.5044423402116749,11.589342903848165,0.0642944749530221,0.09067901221545235,1.8936680961840353e+29,55023.37824836887,3.2132234236858484e+37
0.516749225199666,11.56752336440796,0.06598730383442276,0.09202147166037396,1.9036807512178432e+29,49033.85016931987,3.321668145244326e+37
0.5291617346462918,11.538679523190481,0.06774125764966793,0.09363716914306432,1.9130743536595798e+29,43761.35292038043,3.431980412455624e+37
0.5416833840347454,11.518405895074405,0.06946628449888802,0.09490025315977277,1.921906611157893e+29,39111.61584851123,3.544650263686505e+37
0.5543244420281163,11.486850951822039,0.07128267317226401,0.09662709200943137,1.9302202007033004e+29,35001.58905184856,3.659159247123569e+37
0.5671091407489202,11.467796127514063,0.07304788045319083,0.09781743731444964,1.937845352118223e+29,31353.56484657082,3.776535002679564e+37
0.5800618847910513,11.456838356282017,0.07478775194325522,0.09865027961203882,1.94502535176887e+29,28109.60008960774,3.896947089468291e+37
0.5931708251410543,11.437856003751957,0.07660481935123016,0.09980497185463168,1.9515438649763183e+29,25222.054143233017,4.019702654161998e+37
0.6063904902300363,11.420002801506916,0.07843449533762589,0.10089179773602511,1.957446631299736e+29,22658.391096827647,4.1447370762456402e+37
0.61968040779827,11.406969425940181,0.08024508162009127,0.10174236950120524,1.9627105307032505e+29,20385.36411842348,4.2718558665540985e+37
0.6330501752221921,11.387810774302382,0.08211430594578507,0.102851382544434,1.9674982809939306e+29,18366.42977557293,4.400638672412961e+37
0.6465278458618811,11.378246736421216,0.08393301475514245,0.10348983342038462,1.9714122055739244e+29,16563.126381164944,4.532160080097634e+37
0.66013017321847,11.367665736004525,0.0857786534385183,0.10415098854153369,1.974798949290166e+29,14951.198777898871,4.666078220664021e+37
0.6738432584155882,11.35834401160905,0.0876324199617725,0.10472801345183991,1.9776114746646458e+29,13509.758394350567,4.802402555637906e+37
0.6876476321771748,11.348702420116703,0.089503636061733,0.1052786068799367,1.9795851546200183e+29,12219.276057841009,4.940859759828048e+37
0.7015268431177198,11.338221517936834,0.09139454834583129,0.10584803043726855,1.9811186525123564e+29,11065.984748707178,5.081250897927446e+37
0.7154676552540111,11.326708051288424,0.09330549766302892,0.10642746713344449,1.981870516209991e+29,10032.89574529626,5.223415608126189e+37
0.7294583261403437,11.318504675379518,0.0951989955985059,0.1068231094595427,1.982044978330405e+29,9107.771464332309,5.3675592131154075e+37
0.743493177899367,11.318402000106355,0.09703151409114,0.10680079438458918,1.98154105447267e+29,8277.881076508498,5.514052874665755e+37
0.7575715732252372,11.307842409895187,0.09896117834201758,0.10723757589838613,1.9803809606755005e+29,7532.366443402979,5.661377764203991e+37
0.7716931319626783,11.301405213953712,0.10086328844343706,0.10745382959203684,1.978732786935412e+29,6862.2260843975455,5.810721130008666e+37
0.7858548538464508,11.299393857526924,0.10273256420309318,0.10741411814345965,1.976241973598685e+29,6257.912221286353,5.962128628456912e+37
0.8142932645922235,11.290768062027771,0.10653156121729683,0.10746867356522151,1.9697102115045725e+29,5221.546757597955,6.269419616267625e+37
0.8000556204378926,11.291587421721932,0.10466129749548088,0.10762436345007245,1.97327956973618e+29,5713.322832221195,6.114610780060024e+37
0.8285681971286735,11.289190908014868,0.10841425197614735,0.10731424335998373,1.9655064427287086e+29,4776.768788302247,6.425790707138447e+37
0.8428812726703763,11.28022053006605,0.11037475424996178,0.10748358087185328,1.9607990837809836e+29,4374.235083914214,6.582930467982727e+37
0.8572220200513225,11.27974840262104,0.11225736425936278,0.10720718101062084,1.955347531147294e+29,4009.2063761564627,6.742572096964954e+37
0.8715675593539292,11.281519911229266,0.11411805944059757,0.10678696716057172,1.9492131869584856e+29,3678.3673886006977,6.903785661961777e+37
0.8858941507378756,11.273883180767239,0.11607247341212028,0.10680413667095492,1.942937108448559e+29,3379.4857516107795,7.064728168684611e+37
0.9001914141641748,11.270062416465713,0.1179857290161995,0.1066019689797569,1.935975469282202e+29,3108.3260325247497,7.226982982234381e+37
0.9287021531525458,11.270029609843673,0.12172291117093861,0.10574425104493275,1.9203706872471325e+29,2638.176537953076,7.555098166426772e+37
0.9144604241413613,11.271720510278088,0.11983829969139119,0.10610381021171054,1.9283464167292187e+29,2861.946614559518,7.390870289597937e+37
0.9429240418720106,11.261714187100576,0.12367819637911635,0.10567618423251238,1.912064974932342e+29,2434.558127068046,7.719124568247514e+37
0.9571358763027956,11.26456092214231,0.12551055853018028,0.10503666053728697,1.9028969224010438e+29,2248.269327123127,7.88596507998854e+37
0.9713422028756679,11.2648679580194,0.1273699821920974,0.10449949170351748,1.8934233240847123e+29,2078.2006603841087,8.053440707317445e+37
0.9855250542804925,11.26377252203712,0.12924231651368187,0.10400575425619876,1.8835612209645065e+29,1922.8368685120872,8.221482120487486e+37
0.9996607267205134,11.263341810133548,0.131101089776457,0.10346050038886498,1.87332837503976e+29,1780.950327122974,8.390165098560255e+37
1.013732846533422,11.261163660008984,0.1329723008628074,0.10295654837039422,1.8624016277669413e+29,1651.0369678367022,8.558790936955575e+37
1.027753043949109,11.25499375622443,0.13488524605650487,0.10263591307648011,1.851521074212302e+29,1532.448359830379,8.726965618958597e+37
1.0417351545850742,11.26343133904185,0.13661787925457508,0.1016145826822375,1.839978019943476e+29,1423.400394240334,8.89881028708588e+37
1.0556838232760808,11.25507998050561,0.13854989991317176,0.10134769803923657,1.828352094725567e+29,1323.4012721789873,9.067579910976222e+37
1.0695783031773596,11.255892664889995,0.14036330211204157,0.10063353556031918,1.8161238576557277e+29,1231.3558805186524,9.23871173573541e+37
1.0833948492434233,11.252772015789223,0.142215909046455,0.10008422540403157,1.803708075908257e+29,1146.920895109543,9.408908412478151e+37
1.0971246246500561,11.253661811756684,0.1440068126520292,0.09933268205169689,1.7908717199206788e+29,1069.2658884249713,9.579958589044195e+37
1.1107784771399456,11.25380086240416,0.14579719388165766,0.09859982923306393,1.777768922641711e+29,997.7898393597399,9.750819811948975e+37
1.124369394862189,11.255573870792572,0.14755784645597222,0.09778759854559677,1.7645136049777673e+29,931.9250390832312,9.922263799438857e+37
1.1513452249256169,11.255100671513945,0.15110440162836777,0.09629540405028614,1.7372227041676507e+29,814.9457960004042,1.0264175876392687e+38
1.1378972217565149,11.255588974626471,0.14933298521453076,0.09704550022489872,1.7511346726900113e+29,871.1750110755215,1.0093355384630848e+38
1.1646968971906868,11.247037463016984,0.152966282383802,0.0958633919193196,1.723242978155725e+29,763.1026693876368,1.0432337795122609e+38
1.1779470432924843,11.245133733047641,0.15473269042958848,0.09515177894497082,1.709003896089301e+29,715.179847734749,1.060181279967708e+38
1.1911044489314455,11.245842084083936,0.15645116491827196,0.09433879821261297,1.6949358304528973e+29,670.9730461773661,1.0771730072316496e+38
1.2041779705975066,11.248231223792319,0.15813477237212545,0.09343976572064278,1.6805674000984063e+29,629.9463921575564,1.0941948842454068e+38
1.2171689138129702,11.24566673534673,0.1598772163863409,0.09271634617999389,1.6656562203566868e+29,591.7416773363892,1.1110232377974258e+38
1.230073388610219,11.24487400626851,0.16158363154523517,0.0919379418630544,1.6510900615683733e+29,556.4378905586464,1.1278739548827389e+38
1.2556023545695223,11.246882990166826,0.1649076792011367,0.09017828289969596,1.620935982946935e+29,492.9538963965168,1.1615650918405368e+38
1.2428871917295934,11.24833664576321,0.16321660576363098,0.09096981355326114,1.6362205774599753e+29,523.5815509092416,1.144836119583198e+38
1.2682114842187688,11.245128078239457,0.16658972471117506,0.0894154290467207,1.6059703148709263e+29,464.6010137824507,1.1782117480493846e+38
1.280707128727831,11.24364152411335,0.1682533699085504,0.08863240559369016,1.5908546721403324e+29,438.2101381060822,1.1947855635467124e+38
1.2930887652712142,11.235036093391605,0.17001013087384514,0.08812060946416442,1.5756250226693242e+29,413.6301854570514,1.2109818339470984e+38
1.3053616010423097,11.23510266410044,0.17162269724513754,0.08726074864039737,1.5602966579288061e+29,390.7095799497741,1.227445300484258e+38
1.3175316087716966,11.234087064774368,0.17323841154925396,0.086443454532731,1.5449842565742739e+29,369.33451091600114,1.2437894258956084e+38
1.3296009180043051,11.236661562456673,0.17478531476007195,0.08549527676056357,1.5297893827017534e+29,349.4026211596343,1.2602194603812626e+38
1.3415644170542191,11.228439989023009,0.17648713120697695,0.08494886085461312,1.514459583826475e+29,330.75093593187233,1.2760822955716635e+38
1.3534183578977468,11.226897604051912,0.178071015974836,0.08413639705003771,1.4989451314869946e+29,313.27552653307146,1.292150435197695e+38
1.3651597235262467,11.224971304147624,0.17964666633796933,0.0833478598629652,1.4836233754702718e+29,296.96644581737144,1.3081024429081276e+38
1.3767870748636482,11.224834750802739,0.18117895869470887,0.08248769648343612,1.4682228336008047e+29,281.6820160746377,1.3240400735757713e+38
1.3882991181675786,11.218966871583742,0.18278944634208208,0.08181721479273457,1.4524862723916145e+29,267.2993146320999,1.3395868224423166e+38
1.3996933081426732,11.21599904728031,0.18433841871879367,0.08105585188926215,1.4370676415515458e+29,253.8714285556854,1.3551614082918524e+38
1.4109693028802657,11.216225119988119,0.18581971220699697,0.08020427270750927,1.4221130092140674e+29,241.35001511508946,1.370788234040151e+38
1.4221261537482843,11.220208256023923,0.18722254339199976,0.07918838056095101,1.4065949959690396e+29,229.4983135965709,1.38650614314734e+38
1.4331619125766122,11.217763845136824,0.18871651159215538,0.0784199597045977,1.3914291498261983e+29,218.4167071851034,1.4017598484554148e+38
1.4440801493427229,11.206530870331282,0.19034481078836335,0.07796836968458024,1.3765038472255848e+29,208.02809240599817,1.4163957888436726e+38
1.454882905570918,11.207526107756417,0.19175169740363987,0.07710282691116921,1.3618275468665593e+29,198.28184761884864,1.4315978565682229e+38
1.465572433368812,11.199529315812626,0.19329848573075237,0.07650626675299899,1.3464768226557968e+29,189.00073455917519,1.4461582317183308e+38
1.4761509921161942,11.198862806670995,0.1947053090587489,0.07570980491895317,1.3320630017555028e+29,180.3731541696192,1.4610310907974346e+38
1.4866208254170952,11.198573653712618,0.1960913501648123,0.07483589123106876,1.3165171047523109e+29,172.07845256763304,1.4758164394848892e+38
1.496983588652327,11.197086935948644,0.19748445885163088,0.07407386771585565,1.3022467722972257e+29,164.40277402110726,1.490417433006987e+38
1.5072378322457827,11.18975383103991,0.1989675211828012,0.0734486853397581,1.2870330692878503e+29,157.02970719198626,1.5045274336676063e+38
1.517379611491173,11.186363061360712,0.20036703376692142,0.07274973675383391,1.2728551856507488e+29,150.1788666110342,1.5187583034334017e+38
1.5274067414718184,11.17914734996944,0.20182128070393696,0.07213350727834315,1.2580081912786254e+29,143.6187032507955,1.532601365857403e+38
1.5471030158121175,11.177072258679189,0.2044617667907944,0.07056790441129851,1.2295622787117056e+29,131.66047429901604,1.560694906662596e+38
1.5373155388929562,11.180057075847369,0.20311403390712507,0.07134329264901663,1.24473318993636e+29,137.5821946064839,1.5468503985714984e+38
1.556767185694288,11.174872915428674,0.20577945423437474,0.06986453901764823,1.2161097755885101e+29,126.22793673183017,1.5744474116273669e+38
1.5663082894719218,11.164617939998479,0.2072308058067239,0.06934423333787793,1.2015246844635453e+29,120.9615973638912,1.5874717815300282e+38
1.57572907018586,11.167718257506158,0.20841934828595232,0.06845468364595782,1.1877592727007756e+29,116.04374631153212,1.6013126070399232e+38
1.5850320172312349,11.156227153429635,0.20986577820406488,0.06806310697119064,1.1749016924404848e+29,111.45829126032,1.6139329894799385e+38
1.5942209029816743,11.157640606000747,0.21105569041129474,0.06721688930302884,1.1610295397549983e+29,107.00444561869082,1.6273741783680162e+38
1.6032985455203652,11.14949493420995,0.2124125336614728,0.06666895332824618,1.1473677190245867e+29,102.78545949069647,1.6399490472767958e+38
1.6122677623856103,11.150508000341215,0.21358141125737676,0.06585189877614478,1.1338212373772642e+29,98.77789883331138,1.653098013448787e+38
1.6211304285519452,11.138844636705805,0.2149803404160602,0.06545877187534033,1.1211703464243199e+29,95.03484322612212,1.6651083917462547e+38
1.6298880637805033,11.139078956645363,0.2161371557703543,0.0647075395021386,1.1084199022314134e+29,91.45689787042667,1.6779345787752268e+38
1.638539239077184,11.137238090482654,0.21732029069643138,0.06397177819423626,1.0949113564925478e+29,87.98239446693587,1.6904623686472536e+38
1.647083717225692,11.124936573688796,0.21869510650142776,0.06358163815731058,1.0822371766371785e+29,84.7315453079124,1.7019767512633498e+38
1.6555219861975239,11.126595178210449,0.21978274876550188,0.06278347055691821,1.0694482465906886e+29,81.61802031448114,1.7145243915324194e+38
1.6638535555614615,11.120519403284584,0.22100951020412665,0.062201810662399305,1.056650603112747e+29,78.64243596537553,1.726275102661929e+38
1.672076857218411,11.115698706975351,0.2221981324987314,0.06167579501193196,1.0454460035952386e+29,75.91392993185413,1.7379864557227203e+38
1.680192883444534,11.114256353545196,0.22330562677043142,0.060963332513104124,1.032699020506488e+29,73.19461121632553,1.7498547644456117e+38
1.6882017228716586,11.10976656104672,0.22446071434316303,0.06038429601831538,1.0208259296734355e+29,70.65307120320251,1.7613099485246922e+38
1.6961010313258729,11.099711313508303,0.2257152850885583,0.059967478907256525,1.0091999639457086e+29,68.23696194670941,1.7721023691227835e+38
1.703890706962252,11.099435319479548,0.22675756499181834,0.05927844239480474,9.97480064214284e+28,65.91687360626419,1.783643045908571e+38
1.711570261667091,11.088787791110127,0.2279982926893566,0.05886497806302314,9.857808235736091e+28,63.6953536046472,1.794059455247832e+38
1.7191393459203015,11.086275007332736,0.22905847646529814,0.05818996150645342,9.733730662543945e+28,61.521224646269715,1.80508782808364e+38
1.7265983133993332,11.079303143186195,0.23019707564278508,0.0577656178638088,9.632403504075342e+28,59.57707167265535,1.8155332927483366e+38
1.733947705478559,11.078917187972916,0.23118497983104994,0.057101343755735764,9.519977600771535e+28,57.64438332286211,1.826468157775819e+38
1.7411920147988225,11.067664506680329,0.23238688580964878,0.05670185029712967,9.405462971413367e+28,55.77606759023789,1.8361783654577753e+38
1.7483365965371616,11.059774971346132,0.233506886394288,0.05626636828687224,9.300008704712547e+28,54.033009925059666,1.846071146395046e+38
1.7553843173587607,11.057108839261774,0.23450470719473562,0.05569203352916049,9.193989764075234e+28,52.35329174307943,1.856354080487549e+38
1.7623405279241857,11.058002883652861,0.23541496397835557,0.055009263027829595,9.084945748125524e+28,50.71941580485043,1.8668819873214647e+38
1.7692090548157193,11.04985228290056,0.2365067914511251,0.054532902696288264,8.9731307060662e+28,49.13028398535081,1.8763476733531704e+38
1.7759936070697406,11.042092355009894,0.23758059088031933,0.05408763883007023,8.868658177396234e+28,47.63783033137568,1.8857258487929155e+38
1.7826939325147697,11.037159739347105,0.23858349346072985,0.053580708555362636,8.765932257884339e+28,46.20779301101333,1.8952790923852958e+38
1.789310314342821,11.029536254431855,0.23963450262081148,0.05316978308901951,8.668703897073204e+28,44.856655483438345,1.904417790951021e+38
1.7958386464640668,11.027069071332514,0.24056262473312276,0.05259967846780406,8.566167876152916e+28,43.52623096369149,1.9139902520219665e+38
1.8022783120519126,11.017734917327157,0.24162978785282668,0.05224242678774517,8.47203918949527e+28,42.28435601694325,1.9226727114205463e+38
1.808626409406987,11.016666940193412,0.24250437796667867,0.051687185190421606,8.377935229482114e+28,41.08598523598001,1.932143333293181e+38
1.8148813984881504,11.007125047857132,0.24355400989091316,0.05134203817297924,8.286013267814913e+28,39.939757632700285,1.9405183310203385e+38
1.821041549927509,11.006712906636908,0.24438984250167234,0.05069880776563369,8.180671571181542e+28,38.76954730910315,1.9497958245897537e+38
1.827107458930646,10.999631489180778,0.2453617667342969,0.050312420716577724,8.092242871825992e+28,37.71807359875485,1.958166697126022e+38
1.8330796984413944,10.993944429445895,0.2462911152737268,0.04985192919621825,7.9974710002423e+28,36.67304604498019,1.966556152841281e+38
1.8389639666457822,10.989549384532518,0.24718053608857507,0.04945835407498426,7.918485057998058e+28,35.73362301037003,1.9749674978311884e+38
1.844760250593265,10.977807766147864,0.24822484369327774,0.04912869204762768,7.823774543788458e+28,34.755033667549654,1.982362651630938e+38
1.850472555947801,10.977407754680723,0.249002545829233,0.04852591751941634,7.726374498499355e+28,33.79586445987906,1.9909956161970313e+38
1.8561029170376795,10.96724336018398,0.2499916528887702,0.048225149029518743,7.6430024354315955e+28,32.927198310164115,1.9983159125298654e+38
1.8671282665379567,10.95880422337122,0.2516702732030593,0.04737676973178152,7.479702173915494e+28,31.283445845443815,2.014053885080609e+38
1.8616541431810807,10.957300242996846,0.25096685851316,0.04793876570312948,7.563236400835984e+28,32.10064189626447,2.0055311862269712e+38
1.8725250163305813,10.94871896835843,0.25263019377666657,0.04699243267636166,7.3849487782956085e+28,30.44460844587901,2.021007230334116e+38
1.877844377208896,10.94475364892952,0.2534396397758571,0.04656886185513074,7.305140858150646e+28,29.691466718268355,2.0286124272737997e+38
1.888253515058381,10.925738227732909,0.2552880265250885,0.04603150491975856,7.158337088751357e+28,28.301645330305785,2.0420366552361293e+38
1.8830878750282152,10.93889228707039,0.25428349751402585,0.046264995120720596,7.2380614808861365e+28,29.01151311889156,2.035860473515906e+38
1.8933431622826242,10.926459016501667,0.25595925040671996,0.045456592634949514,7.071264809913495e+28,27.58363333837827,2.0499015866300092e+38
1.8983562939569594,10.918042821660086,0.2568347999959492,0.04519774595953425,7.003961670054947e+28,26.96225276472277,2.0564507045597334e+38
1.9032933788180335,10.908644776756635,0.2577245987348336,0.04485238695120942,6.920581329933223e+28,26.297528871744163,2.0627433426777894e+38
1.908155003086714,10.908377457420844,0.2583892422627337,0.044343048226463365,6.841153693600472e+28,25.6662336339177,2.0701415690545824e+38
1.912942920477034,10.89808475549451,0.25928223733309885,0.044147787276740846,6.778956767349266e+28,25.116195477579087,2.076072479239133e+38
1.9176579630222246,10.894684973894996,0.26000242973338067,0.04372096299223764,6.70295217614274e+28,24.530783953782084,2.0828238952468473e+38
1.9268794298547716,10.878865667134928,0.2616326027276196,0.04314028966267323,6.566049380924689e+28,23.46024211096535,2.09475697898631e+38
1.9223040117198689,10.880553542119738,0.2609708601993774,0.043511283051685355,6.627654479947325e+28,23.9635163355939,2.0879873869538205e+38
1.931386684417187,10.877417584636929,0.26227951183547765,0.04270749404668029,6.495851880795098e+28,22.939872333831804,2.1014608244392697e+38
1.9358269362242864,10.866236485428647,0.26315299143278975,0.04238598440437652,6.413883300391556e+28,22.39182330754561,2.106688094676126e+38
1.940202542514838,10.8656567661275,0.26376187567411247,0.04199809542339574,6.353492527307622e+28,21.93199934918577,2.1133156648788362e+38
1.944513849964856,10.848854757260929,0.2647573838353463,0.04185256747610084,6.282675042948411e+28,21.448179772788503,2.1175159993413106e+38
1.9487613931563263,10.847642337724222,0.2653653687150572,0.04144656721912931,6.218252752734557e+28,20.99791059554692,2.12385328236676e+38
1.9529469968038955,10.840633853226736,0.26610725534765123,0.0411658147002021,6.15620556427763e+28,20.56657044979774,2.1292537261308326e+38
1.9570704527135585,10.837403597638975,0.2667485995497954,0.04078535807773803,6.090227744240554e+28,20.132711973943763,2.1351080538282123e+38
1.9611340674209754,10.826806103559749,0.2675641110172406,0.040552452087253145,6.025900171769433e+28,19.714536014118206,2.1397790166093053e+38
1.9651385942986752,10.819671245231715,0.2682872632116041,0.04025702474143047,5.962316370008464e+28,19.308571251440814,2.1448624212302887e+38
1.969083864505898,10.819699959398807,0.26882517120365906,0.039907307887385134,5.910599553055117e+28,18.95010048854593,2.150925504037804e+38
1.9768017662969892,10.801857563119077,0.27032462512617944,0.039420720090961536,5.7905498085849485e+28,18.205610505932672,2.1600786564059503e+38
1.9729711230847737,10.807181523531824,0.2696678780848637,0.03975706852006752,5.854362394961222e+28,18.585617970164755,2.155005391839516e+38
1.9805738708255856,10.798752507331413,0.27091833168979934,0.0390842709568875,5.732881593281312e+28,17.853311953723654,2.165398738992146e+38
1.9842890209165152,10.79048901159902,0.2716343808078936,0.03877928240008136,5.666415538114702e+28,17.481746576331037,2.169834434858494e+38
1.9879471005133171,10.781011366519033,0.27237438011548715,0.03864376973562853,5.621859951702666e+28,17.18529344474415,2.1739834067231156e+38
1.9915479313237083,10.77922548067274,0.2729129486724615,0.038267519364297335,5.562513923191049e+28,16.85071536528423,2.1792382560160014e+38
1.9950928246021358,10.771727162325792,0.27358904109424115,0.038043499025968076,5.510743466024961e+28,16.54610243620189,2.183509503483016e+38
1.99858055898663,10.761742117195126,0.27432160485785684,0.03774887508300152,5.44276941695079e+28,16.199913321396835,2.1872889654761043e+38
2.002013158749265,10.761035713114738,0.2748107960479569,0.03741899216070947,5.3934352210099195e+28,15.915924718167869,2.1924540079572444e+38
2.00539036732302,10.749178437603256,0.27557802760262035,0.03731422444218881,5.348768457558431e+28,15.651653442831702,2.1957453264153503e+38
2.008714854893811,10.741539947994447,0.27623116721979013,0.03700829103803235,5.286092856344446e+28,15.340671811473772,2.199621637972249e+38
2.01198718334614,10.733472251761322,0.2768891302888604,0.03682808271200883,5.240627803147731e+28,15.085451569144528,2.203339330378433e+38
2.01520803301618,10.73057993876915,0.2774071347225589,0.03649290352435842,5.185939040355675e+28,14.809112309048475,2.207816547633668e+38
2.0183787637251185,10.722443921523743,0.2780544306785504,0.03636763397050476,5.148574275157715e+28,14.587292435903482,2.211352955380682e+38
2.0215000015555398,10.719227844700558,0.2785679697186483,0.036072001704621305,5.099067620994353e+28,14.335838144730852,2.215618968356646e+38
2.024573557186608,10.710696387977674,0.2792137405190471,0.035783069535523175,5.038127490677233e+28,14.057315740083757,2.2189258363393833e+38
2.0275993500935146,10.709509150041445,0.27966203421451197,0.03556202618484779,5.004230964266634e+28,13.858865398294409,2.2233792980845016e+38
2.0305788961466193,10.699458064894028,0.28033609697537853,0.03525458001761673,4.937731462781478e+28,13.57466665700816,2.2262723935664912e+38
2.033511882593154,10.690902182672133,0.28096569276581745,0.03516726187341606,4.905839689570114e+28,13.390007727885438,2.2293337909325798e+38
2.0363993928292077,10.682143628160002,0.2815953513188718,0.0349220943007072,4.851715911978675e+28,13.148663664722624,2.2322807389199434e+38
2.039240744166144,10.681774219679927,0.2819980082505686,0.0346669554220355,4.815436824976979e+28,12.959678815742668,2.236583151459888e+38
2.0420375901502323,10.674879282795455,0.2825671654749027,0.03444241630539923,4.768826163213125e+28,12.746585906000911,2.2396984968972635e+38
2.0447881315151455,10.660909229956207,0.2833185466153458,0.034374419219236604,4.7283499839319275e+28,12.553623048444424,2.241509198960492e+38
2.0474962489450883,10.663540901655223,0.28362376047866045,0.03390655640427395,4.669752864978028e+28,12.316274818100458,2.2461255972667922e+38
2.0501591792851785,10.652190789123827,0.2842952351179196,0.033923392746164814,4.647260096904525e+28,12.177555489420566,2.2482361852422734e+38
2.052780154079518,10.643793037331347,0.28488327558959975,0.033594968775236926,4.5841557616884875e+28,11.93570871831755,2.250786638416418e+38
2.05535825277897,10.644459776004089,0.28522319548667596,0.03338131382287449,4.556428595675482e+28,11.789298411603545,2.254862124375913e+38
2.057894929275464,10.633222966812571,0.2858769971349605,0.03316310123486361,4.502801034168312e+28,11.578913767402709,2.2567678152534165e+38
2.060390744993214,10.63189172036926,0.28625954766595485,0.03300058799184481,4.477931233393571e+28,11.44538788494215,2.260362081712063e+38
2.0652629795364237,10.611449682229082,0.28748922782515607,0.03267503444964131,4.391295540168956e+28,11.092180117600552,2.2641746101024194e+38
2.062846228337792,10.621636837096826,0.286877403931667,0.032799357892362886,4.429203160561738e+28,11.253623256888387,2.262298367061348e+38
2.067640535293334,10.60178674806617,0.28808252087003616,0.03255414380699063,4.355165029108237e+28,10.93781252300845,2.2660722153111012e+38
2.0699804524867322,10.601302661306534,0.28842170904093756,0.0322131607020115,4.308563760109258e+28,10.759754205286018,2.2695698948106844e+38
2.0722823459434396,10.591051234825382,0.2890219277577425,0.032200826696746655,4.286130438620965e+28,10.64441492819418,2.2712286133122093e+38
2.0745481607007146,10.58250580192871,0.2895715837308058,0.03196642501612469,4.237792255320854e+28,10.467021191329561,2.273132724358245e+38
2.0767770797292617,10.579516522344614,0.28996461023474374,0.03183419362504505,4.2143051270461625e+28,10.353271760062151,2.275994323335676e+38
2.0789712677023817,10.570840001742933,0.2905092217638667,0.03154819038117663,4.159345219215646e+28,10.164442868554382,2.2777499155147022e+38
2.083254397955806,10.559492634955674,0.291420561684205,0.031206118062304476,4.092211039087266e+28,9.898001917061393,2.282191328053358e+38
2.08113003702577,10.570144993423314,0.2908300031281773,0.03144927119472316,4.144940743750553e+28,10.076815028663251,2.2809244721444126e+38
2.085345412685406,10.562508725366635,0.291629770087982,0.030958750557384302,4.0655737707193745e+28,9.784370478267924,2.285954590912824e+38
2.087402975281632,10.551451315128292,0.29222342993329553,0.03080395379398907,4.024115873977612e+28,9.636959517299191,2.287029422605567e+38
2.089427952685028,10.542037179473084,0.29276812552217574,0.030759365634755974,4.000397153334638e+28,9.533824539842193,2.2883509294807876e+38
2.0914200675517254,10.54099462841128,0.293076241927361,0.030458296957962067,3.959283444747261e+28,9.390988040678678,2.2911984140167763e+38
2.0933805409578294,10.531859089251208,0.293605426594608,0.030414840542393157,3.9365317664112898e+28,9.293384242537522,2.2924599172116604e+38
2.095309168402032,10.525965326332614,0.2940404735124744,0.030237964789406845,3.902700729837482e+28,9.17119084124872,2.2942819989178356e+38
2.0972049835845126,10.520870308455692,0.29444904439267294,0.03005986738051797,3.870333711475414e+28,9.054095170330624,2.296201193272855e+38
2.0990696735144114,10.509923725506148,0.2950178034568937,0.029946280461086525,3.83569199285718e+28,8.933270872610754,2.2969422830875517e+38
2.100904353482573,10.502386034907351,0.29548758504371186,0.029864757904876194,3.811552478147697e+28,8.838357133754132,2.298284604852332e+38
2.102707581007023,10.502488512159445,0.2957383193634083,0.02949294335902227,3.764282510444536e+28,8.691382337417068,2.3010537020269147e+38
2.104480493325698,10.492704004121224,0.2962636833973463,0.02952842521044486,3.751288036317044e+28,8.624956965185312,2.3018549160811462e+38
2.1062230430538387,10.484829169381959,0.29673169418550177,0.029329094643472865,3.712004281858819e+28,8.499389205916971,2.302972140593141e+38
2.1079350548440217,10.479940587821856,0.29711141713696876,0.029171794427669973,3.6834965263815934e+28,8.399920607886083,2.3046204399636963e+38
2.1096194561704307,10.473710718028647,0.297525697995955,0.028987426038037747,3.649350221441915e+28,8.288882453775255,2.305960039394815e+38
2.111273909407926,10.471941272905797,0.29780934267096554,0.028881163433766517,3.6329020739067763e+28,8.219243275155092,2.308128646725855e+38
2.112902186009212,10.468742197827558,0.2981300978175341,0.028651245556036865,3.5984796358517417e+28,8.110042588512199,2.3099756793396763e+38
2.1145009988773555,10.460525426201082,0.2985900492289874,0.02854890702550903,3.571576861697204e+28,8.019025144074703,2.310778520082263e+38
2.116072365785416,10.456561378474838,0.29892522157929596,0.028382850607953085,3.5440797326028505e+28,7.927786632162537,2.3123791565175993e+38
2.117617231970618,10.447640046218444,0.29939889707296985,0.028250671147923307,3.5125522565261393e+28,7.82864373939952,2.3129459000906965e+38
2.1191353544719096,10.43684007327518,0.2999235746271761,0.028206084993269417,3.4889196762644618e+28,7.748159161449872,2.3130851722428505e+38
2.120627930264413,10.426411533391537,0.30043501662004873,0.028123667142511095,3.4613799982933443e+28,7.659985402158467,2.313248660626076e+38
2.1220941314876587,10.432877178437634,0.3004564176857446,0.02781363978721932,3.4338499711364783e+28,7.572846299214698,2.316776490223596e+38
2.123536913056973,10.415363965437693,0.3011662482861405,0.027867970107054642,3.4117767731179243e+28,7.498641355305194,2.315419006048493e+38
2.124954314901229,10.407768686225793,0.30158719722814714,0.02777527268942562,3.3880476196478013e+28,7.421685832206247,2.3160197696335435e+38
2.1263460144229303,10.402126526427569,0.30194840555963676,0.02762771007977782,3.360923035557e+28,7.3382064798391795,2.316972811473756e+38
2.1277163198801214,10.399134979876562,0.30222991189144144,0.027495116393458287,3.3399860777423195e+28,7.269040369120487,2.3184337487685433e+38
2.1290612243160045,10.39792836811092,0.3024560418389812,0.027211890892971397,3.303663798769418e+28,7.167309193779842,2.320219901283088e+38
2.1303840111903427,10.39027306390699,0.3028669387548456,0.0271836633358049,3.2881059771320806e+28,7.111437282787562,2.320646593247374e+38
2.131682786064849,10.388526020123027,0.30310254397160014,0.026931064867833126,3.2548142050717806e+28,7.018016090502984,2.3222489816344704e+38
2.132958608423497,10.37469469255281,0.30368828416467014,0.02692487756846544,3.232461642038036e+28,6.948999637659863,2.3213147369838472e+38
2.1354448766947667,10.371414815644119,0.3041384272232113,0.026591663860234867,3.187414566002876e+28,6.8123628890967485,2.324383941857517e+38
2.1342134082819504,10.376393014023186,0.30381720677196833,0.026720544909330686,3.210557045147969e+28,6.881644257977677,2.3235605459093106e+38
2.1366570377152003,10.35717526692985,0.30472944961486903,0.026578806606813058,3.16406300017861e+28,6.743293796685402,2.323242511173704e+38
2.1378463831737893,10.357055594234865,0.30490259676098946,0.02643814232492594,3.1471358538356593e+28,6.688582088147324,2.325008466042921e+38
2.1390139562030757,10.35333743371988,0.30517867611856153,0.026312021000672897,3.126504569499025e+28,6.626619353692959,2.3259871743920896e+38
2.1401635399748264,10.341733543836327,0.3056852984439104,0.026228623376168873,3.099168818898226e+28,6.551058476570132,2.325278941162256e+38
2.14239558229753,10.333311092413572,0.3062535241585991,0.025973122207690352,3.056502096695495e+28,6.427283033724285,2.326854096579054e+38
2.1412884867209043,10.3440365875506,0.30577788265462175,0.026045682056117948,3.080980801132e+28,6.495523080629838,2.327454754529738e+38
2.1434828092682845,10.328268478920243,0.3065585415903001,0.025858995936405622,3.035653993070111e+28,6.367270382393288,2.3274190223688714e+38
2.144549111560965,10.324263701388299,0.3068300160494219,0.02573317518623577,3.0150313864657016e+28,6.30830820688336,2.3281689133439167e+38
2.145596451007897,10.315175446104885,0.30725033017305464,0.025710649687812503,2.999156744260622e+28,6.259793412466292,2.327804731878921e+38
2.1466258482173948,10.308357640127985,0.30760104893199725,0.025551540754440518,2.9707595275280256e+28,6.185670378500919,2.3278918870901684e+38
2.147634829827055,10.297086943945208,0.30808247466015937,0.025576017661744943,2.9573848188106083e+28,6.1433702986720125,2.3269869822706155e+38
2.148624614195547,10.3038863185815,0.30802106865293233,0.025290130419408596,2.9339950642110773e+28,6.080757631674788,2.329926439128529e+38
2.1495970810289315,10.285681937981819,0.3087058846985869,0.025395695464775738,2.9203074797107937e+28,6.038711894858276,2.3274645085527357e+38
2.15055078015999,10.29416454100902,0.30858835357892034,0.025061898144009557,2.893826613382085e+28,5.9706971730671725,2.3307181514119747e+38
2.1524057147742375,10.276852584263871,0.30937480660179706,0.02489037771874718,2.849936206494867e+28,5.854846376013446,2.329746616755896e+38
2.1514875868592607,10.277111203250254,0.3092350580499494,0.025174999273814704,2.88288795163177e+28,5.935189464025078,2.3284334580628905e+38
2.1533057551472834,10.27275724444069,0.30962756039766126,0.02478905680261009,2.8326841142564463e+28,5.807252224565876,2.3301994516170863e+38
2.154190374827214,10.266880865983708,0.30993205342757896,0.024686910867360686,2.8129523752855067e+28,5.75496943875773,2.3302403038711085e+38
2.155057070690512,10.256550106316558,0.31036904856779024,0.024763336091019557,2.807493111895038e+28,5.732259839476796,2.3292771806089924e+38
2.15673929757023,10.244216125344039,0.31098529546610015,0.02451230450804933,2.762363469079451e+28,5.618153639934189,2.3290754536039316e+38
2.1559065278594876,10.2555391156831,0.3105219947225951,0.02450473174533388,2.7768054108755863e+28,5.658441848516567,2.3303192351620602e+38
2.1575561152149487,10.245375308806638,0.3110678754564392,0.024325550857568583,2.742868971560733e+28,5.567953625598099,2.3305427354586238e+38
2.1583551086035273,10.239202202434983,0.31137068012329566,0.024301109786207774,2.731868069841942e+28,5.535365108935021,2.330370310149584e+38
2.1591404618014867,10.235856185384712,0.3115857990400672,0.0241379404393175,2.709094194120073e+28,5.479244406046791,2.3307985993767977e+38
2.159908331184612,10.230794587141371,0.3118508195915932,0.024058801001392557,2.6935424378307134e+28,5.438113555228918,2.3308191155780015e+38
2.160661782354271,10.216742187585526,0.3123886821728769,0.02406230114856701,2.675483932166749e+28,5.392242855336794,2.3288237749070787e+38
2.161397834183564,10.212304100041228,0.3126309054833946,0.023967207495450064,2.659127408037502e+28,5.350158327780166,2.328925216234546e+38
2.162120152756848,10.212832295674286,0.3127192094498815,0.023816694539071266,2.643111633076933e+28,5.309057511178028,2.330109669494891e+38
2.1628262925598896,10.201863939711322,0.3131576667007411,0.023828338219486433,2.6302341294498583e+28,5.274572353965739,2.328708214646846e+38
2.163519818697095,10.196270322583517,0.31342993464695734,0.02377250571740708,2.6168852687985056e+28,5.239397406863862,2.3284817442044547e+38
2.1641967249943086,10.191858693542425,0.3136637114658642,0.023684963832269416,2.60161310545551e+28,5.200679396077593,2.3284904217702503e+38
2.1648600066660926,10.19197363717832,0.3137563043867801,0.02345379096171131,2.5763658003237947e+28,5.142324587412362,2.329491554092047e+38
2.165511547158548,10.186327873439218,0.31402468460385713,0.02338398905940575,2.561591486865729e+28,5.10514873692167,2.329184033478931e+38
2.166147410157009,10.182129478002636,0.3142464119853899,0.023275231057432316,2.544427582534511e+28,5.063503371966533,2.329174010058579e+38
2.1667707158914515,10.171516012791157,0.31466483060212197,0.02333031978324015,2.5371850549424974e+28,5.041832403684236,2.3276976457695433e+38
2.167382546002847,10.157729038562428,0.31518089409578376,0.023383953878577158,2.525829791919447e+28,5.0121870583623345,2.32547849812973e+38
2.169139116392927,10.144032927778763,0.3158622255302289,0.02313615338089756,2.482260882773611e+28,4.905818092292366,2.3249328399690104e+38
2.16798009299591,10.15421402297292,0.31537692353209534,0.023295428767705084,2.5119170288994222e+28,4.977713396454415,2.3255545824064697e+38
2.16856592770338,10.155355736056045,0.3154266793940808,0.02301055713651962,2.4825948877123e+28,4.912965958225887,2.3266687380774054e+38
2.1697010662699356,10.138819580322405,0.3161065120340813,0.02304076856779371,2.465681367772593e+28,4.8667438528977485,2.3245645118305817e+38
2.1702483756797486,10.131962303978078,0.3164002439778771,0.022890543475767182,2.441332585614371e+28,4.812611409838754,2.323794967652697e+38
2.170785369536307,10.143143418900799,0.31612966772825263,0.022655463373518685,2.429622482693217e+28,4.783606153785814,2.3271266198114952e+38
2.1713093344274337,10.13082715192097,0.31659039077957535,0.022596888946923084,2.4086638622184105e+28,4.73662221570531,2.325075562724436e+38
2.1718220712139105,10.12285032590157,0.31691468375200627,0.022676633766991475,2.407662901844089e+28,4.729067544351504,2.3239929096585e+38
2.172322826634277,10.112024723904257,0.3173271112308366,0.022558310521031064,2.3823205761900156e+28,4.673900047350951,2.3222327961595342e+38
2.1728123023949317,10.113494403324673,0.3173524886014473,0.02252873145854311,2.3809262758009684e+28,4.665905490315013,2.3232780299539514e+38
2.1737546413164415,10.101939625310534,0.3178532737913424,0.022393116073157887,2.353105459980245e+28,4.601398300356583,2.321975745403934e+38
2.173289534305386,10.10532905427955,0.31767867600136934,0.022434134812116924,2.361373262542705e+28,4.622508794359294,2.322087485628101e+38
2.1742087892133557,10.100827107181876,0.3179546968159447,0.022236361726113305,2.335347081391087e+28,4.561905109398236,2.3223725457244676e+38
2.174654056298414,10.097187033002623,0.3181344596946948,0.022125651180334025,2.31953581692349e+28,4.526382326194951,2.3221731966178085e+38
2.1750850146221072,10.084471809408777,0.318598711625201,0.022125418093988835,2.3049435028050927e+28,4.49345245587551,2.3198470543122613e+38
2.1755065180623583,10.08371502219857,0.3186843675548571,0.022069094937671653,2.298213427474206e+28,4.475993645335722,2.3202750561007466e+38
2.1759179720735715,10.075513369984739,0.3190041043658722,0.02198775656547891,2.2804463300455005e+28,4.437192875490651,2.318958688986808e+38
2.1770875806691463,10.05922689254702,0.31969234074674524,0.021884504777104994,2.251452355644881e+28,4.369022758446199,2.316827582803472e+38
2.1763187183670696,10.076120649402018,0.31904362679529125,0.021929975224373916,2.275139095703986e+28,4.422791986183854,2.3196720852059713e+38
2.1767084744170857,10.06408924232727,0.3194822424449414,0.02193225246309273,2.2618231750687763e+28,4.392971208911258,2.317424600104103e+38
2.177459265179275,10.063547917736912,0.31960962940860066,0.021723691871491688,2.2397123544168804e+28,4.342532698998933,2.3183651732076163e+38
2.1778199340486015,10.055782544670725,0.31990942164461905,0.021600397594034836,2.2184218213346973e+28,4.2976924436638235,2.31706157797614e+38
2.1781709488020806,10.044628872944832,0.32031627209095104,0.02169592249331625,2.215902327983761e+28,4.289353650070735,2.3149448278104115e+38
2.1785116287943174,10.040515370878268,0.3204976226277816,0.021639870175853743,2.2056555697960067e+28,4.266181519125198,2.3144589526168808e+38
2.1788451618626152,10.036225561291012,0.3206837033389574,0.02157903091653694,2.194759924331018e+28,4.241858983138686,2.313920931127738e+38
2.1794815113392727,10.034897402286507,0.3208198177996645,0.021239906240939743,2.1588392007632953e+28,4.16634660786376,2.3145011567179e+38
2.1791676539145914,10.023170462522474,0.3211489176694959,0.021604444051500873,2.183090271761173e+28,4.216183676570636,2.311298585435268e+38
2.1797863444999535,10.01513631274647,0.32149779455789684,0.021448520515719643,2.158662173811824e+28,4.163092794141974,2.3102658772684406e+38
2.180081771689935,10.024753995390354,0.3212328826041885,0.021102054752344352,2.134009667957307e+28,4.112761373144236,2.312949131383022e+38
2.1806459876647084,10.014770531509326,0.32163633083744353,0.021014069892323056,2.1145511910621936e+28,4.069990707730522,2.3113736672323997e+38
2.180368391413485,10.006148644343485,0.32187249206125745,0.02134206368605741,2.1383272953169983e+28,4.1183745359942145,2.3089474845827844e+38
2.180914409503994,10.011480255448427,0.3217816408473204,0.020913873189031797,2.1010140834746736e+28,4.04144712892887,2.3109656644085614e+38
2.1811741961645446,9.998764492974264,0.3222292401027254,0.02095371899144452,2.0916828187798008e+28,4.02110228693124,2.3083071813745577e+38
2.1814279200955062,9.98714290566189,0.3226417304846461,0.021124867296907636,2.0965408454037205e+28,4.028098099320681,2.305892528600691e+38
2.1816701436514205,9.991039080045292,0.3225517227356199,0.020862073159946728,2.0745015801426994e+28,3.983541776469153,2.307150409288288e+38
2.181906972773069,9.994006783992031,0.32249094542700163,0.020673659663418,2.0588209521975816e+28,3.9512860948100372,2.3081808397116054e+38
2.1821337782277586,9.981708702174702,0.3229218378735497,0.020725269321698818,2.051292812358845e+28,3.9347926004590508,2.3055583875590547e+38
2.1825668062119017,9.966051436376256,0.32349334956751824,0.02082248622578254,2.0448018164491456e+28,3.9184520838468497,2.3024011884540103e+38
2.1827713519985243,9.961720925591312,0.32366430734798324,0.020757762231960755,2.0340208718760153e+28,3.8959666152619965,2.3016375386195465e+38
2.1823538801974833,9.982715983667218,0.32292182261628877,0.020713448406638805,2.0511574582668058e+28,3.932549271589552,2.3060969354301113e+38
2.183160287440058,9.966705165344905,0.32356008941946185,0.02042248227737565,2.006178634764094e+28,3.8392158948505934,2.3033507208613394e+38
2.182968848498051,9.962378483771461,0.3236722272820138,0.02050759840624678,2.0101710176822293e+28,3.8485431786507305,2.3020586598907582e+38
2.183343474359477,9.946038320668714,0.32425962004285985,0.020487635017444196,1.991798893762299e+28,3.8100986657752567,2.2986311308542492e+38
2.18351921207059,9.941623624684214,0.3244297226816749,0.020433091848383086,1.9820914643216292e+28,3.7900038534519314,2.2977984237825897e+38
2.1836884334161164,9.950787279312094,0.32415607611971536,0.02035807782715147,1.9839329897111163e+28,3.7920554404393103,2.3002241956326468e+38
2.1838513493947294,9.932598880073074,0.3247738932197559,0.020328616901154523,1.9630227591193426e+28,3.750688659080424,2.296054140588826e+38
2.1841581049805856,9.925340486773349,0.32505705296076665,0.020228146537223737,1.9461942215367772e+28,3.7159243499346215,2.29469534426167e+38
2.184009023440952,9.93542355402492,0.3247050009274371,0.02025859110411427,1.95904398350796e+28,3.7417355705321276,2.2969399309568322e+38
2.1842991326243997,9.922530659212974,0.3251700958458289,0.02016940495192673,1.937797317430012e+28,3.6986976509274503,2.2941937000663536e+38
2.1844352736923534,9.917075617922631,0.3253692387643065,0.02011675827074224,1.927432325459541e+28,3.677767596718723,2.293044920121307e+38
2.1846832720654596,9.909202910205867,0.3256647080013287,0.020000492388912383,1.9086984135840238e+28,3.6399544046003767,2.2914418251875125e+38
2.184562186221647,9.910092216465214,0.32561743537274007,0.020112809487206413,1.9202785728106674e+28,3.6630531810792633,2.2915088800019764e+38
2.1847979104679514,9.90893253208517,0.325690683483414,0.020004026053429488,1.9087752089832428e+28,3.6391459587292405,2.291515766175809e+38
2.1849074708840943,9.898592687196237,0.3260472419421778,0.019965157040612917,1.8951475048297676e+28,3.612258464252338,2.2891367417552493e+38
2.185189578676782,9.889467741841068,0.3263902204891662,0.019728370571776996,1.8640554416930699e+28,3.550702366356606,2.2872419226385044e+38
2.1850068522204613,9.900510441097413,0.32599891327564967,0.019896098327869056,1.890422451147422e+28,3.6024328797664307,2.2897191477286497e+38
2.1851021575076195,9.891984190275801,0.32629413488774756,0.019814062933448128,1.8745353004181019e+28,3.5713790095581337,2.2877558303995606e+38
2.1853492060630937,9.884736709988335,0.3265702914598326,0.019705301409444112,1.8574264646304518e+28,3.536783321509749,2.2862660576599976e+38
2.1852722888726372,9.872754109216244,0.32695514295265105,0.01986609598666125,1.861260453240654e+28,3.5447075051117984,2.2832551349422686e+38
2.1854186446917665,9.872120895843153,0.3269980131775895,0.019764607576758166,1.8511582166995325e+28,3.5242878062588576,2.2832571637359324e+38
2.1855430437028205,9.863582595620542,0.3272997049441376,0.019681764721929042,1.8354412221508288e+28,3.493370977409286,2.2812919783149346e+38
2.185482695083909,9.86079473662271,0.327383199453351,0.019736965743924112,1.837989379235119e+28,3.498703866672381,2.2805488096903115e+38
2.185595687130052,9.859721283145317,0.3274357704553082,0.019636489072071536,1.8276374535073893e+28,3.478099260800666,2.280392977999246e+38
2.185644811669813,9.863911482282925,0.327304031906808,0.019392384580806183,1.808756330160164e+28,3.4417805831167603,2.281462931372833e+38
2.185687783958087,9.851975110291878,0.3277070271046961,0.01955117874463604,1.8125604247354187e+28,3.44868014210198,2.2785685170930898e+38
2.1857265433935322,9.85389064756491,0.3276491330171356,0.01927918835584888,1.7890828631670085e+28,3.4037085980410153,2.279066160798516e+38
2.18575849159366,9.85002204378731,0.32778260851126023,0.01923048685155317,1.7810631107848414e+28,3.3882034860167507,2.278132327652593e+38
2.185809861198636,9.840864307404019,0.32809534798164786,0.01919629576681479,1.7696470948794566e+28,3.3660906732771823,2.2758953353739355e+38
2.185787103941214,9.831217746063666,0.32841386155559626,0.01953452858952688,1.7920186627768924e+28,3.4088216493075167,2.2735165551090135e+38
2.1858270643996716,9.830571481010153,0.3284414560342699,0.019221233899553047,1.762698796536265e+28,3.352742199358785,2.2733540765454148e+38
2.1858485904638085,9.822916842979401,0.3287006354061752,0.019140922158792407,1.748510367989031e+28,3.3255913355253757,2.2714355427232456e+38
2.1858403040960823,9.820613748675292,0.328776474704552,0.01934800246765799,1.7653560197342398e+28,3.3576946820746683,2.27088525697352e+38
2.185850766857678,9.811547299705403,0.32908185875630247,0.01932357732645178,1.755003778860257e+28,3.3379249055808993,2.2685970708143267e+38
2.1858476016233883,9.820714478822858,0.32877420009903996,0.0189928676109725,1.733041579146725e+28,3.296177821725708,2.2708273280159366e+38
2.185840526682719,9.801786193250953,0.3294080316441493,0.019164009081094245,1.7318708811299754e+28,3.2940045077694706,2.266102284663437e+38
2.185828022545061,9.811103100235,0.3290933336647057,0.019024021063254053,1.727406434818246e+28,3.28560714251783,2.2683601463738173e+38
2.1858110969717854,9.808689908721112,0.32917175023690637,0.018880644183800997,1.7122802603994457e+28,3.2569625539594935,2.267706983201308e+38
2.1857902778499154,9.792663982344369,0.32970730721482466,0.0190706984977919,1.7154334765965668e+28,3.263115747085495,2.263673049994055e+38
2.1857626070554166,9.788182180383835,0.3298540974216381,0.019054135209331975,1.7100250791673606e+28,3.2530337382241803,2.2624878162094507e+38
2.185733176942816,9.790677051585316,0.3297656034586684,0.018767245761000338,1.6864255986825835e+28,3.2083557027114797,2.2630343642845088e+38
2.185698002522719,9.778735372976307,0.33016299609158556,0.01892122970852001,1.6899188242963478e+28,3.215260124803609,2.2599833654388183e+38
2.1856596598683895,9.788933376468668,0.3298132500437189,0.018715365754286815,1.6802666197850548e+28,3.1971761458322594,2.2624326963986584e+38
2.1856180250157387,9.78421250539815,0.32996609887301326,0.018738630643710348,1.6783025387998604e+28,3.1937431117481516,2.2611689969233788e+38
2.1855702000549715,9.782825594618261,0.330005656922058,0.01857426586712074,1.662402680615059e+28,3.1638324472167887,2.2607235050035483e+38
2.185519424269354,9.763385532954509,0.330655055379134,0.018744615503875368,1.6610463387763324e+28,3.161618341126321,2.2557771740641605e+38
2.185464609127644,9.772220953594994,0.330347812428021,0.018657511990372917,1.6608221815888177e+28,3.161588142671382,2.2578696649366946e+38
2.1854058846310194,9.754024518648796,0.3309551933412746,0.018604157707752655,1.6407115839688685e+28,3.123724696923216,2.2532139764644838e+38
2.1853430127228486,9.752804278765371,0.3309870789673917,0.01862752815583953,1.6417453306663686e+28,3.1261424846752988,2.2527871588321604e+38
2.1852759272153417,9.760846338109856,0.33070422314145737,0.018532904790877554,1.6401512197562504e+28,3.1235864544148386,2.2546672303452707e+38
2.185205748758847,9.742617934613282,0.3313123293840176,0.01850507036918536,1.6224529686731194e+28,3.090377208704296,2.2499787165379323e+38
2.185130165264809,9.730257955168515,0.3317217087019097,0.018591303687329384,1.6197001841241043e+28,3.0856674352000506,2.2467402173548237e+38
2.1849684310013355,9.739727632768728,0.3313746557335119,0.018361736943426597,1.607499474039047e+28,3.0635576298420535,2.2488173468119347e+38
2.185052206451762,9.744044262992618,0.331240555974067,0.018372317270786375,1.611993159120134e+28,3.0715327688859833,2.2500511549972143e+38
2.1848820967882436,9.728755593909664,0.331735270003105,0.018409442809933497,1.6026184095682374e+28,3.054858824702386,2.2459109865704415e+38
2.184791368116297,9.738584422099933,0.33138669904519275,0.01826934357148401,1.59847234734623e+28,3.0475884494894423,2.2482114035509737e+38
2.1846979695881674,9.720520046665168,0.33198834702756036,0.018322253395880107,1.5882885448277755e+28,3.02881973287276,2.243514657303215e+38
2.1846003418294533,9.72344582710198,0.33187362076095944,0.018276407208680717,1.586700058477403e+28,3.026466695194718,2.244076777792334e+38
2.184498431565637,9.720266275099624,0.3319666916639069,0.01823235838759805,1.5802895806477817e+28,3.0149425304452575,2.2430990407540015e+38
2.1843938683743658,9.712528131262577,0.3322152728532261,0.018167766118026986,1.5684330896315595e+28,2.993038476444053,2.2409719446767353e+38
2.184285262462302,9.712495216404662,0.3321998812316246,0.018178045703424916,1.5692939405778049e+28,2.995425811059129,2.2407749695337505e+38
2.1841735385562626,9.692650143519353,0.3328630124893024,0.01828709051308874,1.562644966966451e+28,2.9834973659352997,2.2355839173866695e+38
2.1840589414089973,9.712670808136426,0.33215945580344675,0.01796337383708763,1.5509017018867063e+28,2.9618533228858412,2.2404284118324204e+38
2.183939135168352,9.709495973520887,0.3322498395932004,0.017936589333550718,1.5460598856802528e+28,2.9534165630496,2.2394245250709603e+38
2.1838184370285774,9.690772972464782,0.33287336326480005,0.018103566818273954,1.545465318296655e+28,2.9530967121016913,2.234503615765131e+38
2.1836944698823006,9.689598083248352,0.33289482677626514,0.0179847033653335,1.5343877145566274e+28,2.9327617868751297,2.2339969755248568e+38
2.183304720486137,9.69074450960841,0.33279603634096677,0.017729934226839578,1.5135468232355728e+28,2.8955104709892723,2.2336289950225542e+38
2.183568322433272,9.683120997346224,0.3330982582171733,0.01804933748990354,1.5347621363753144e+28,2.9343248914699163,2.232149422780385e+38
2.1834393064442796,9.695108497837817,0.3326667426858568,0.01777805230931343,1.5210747782621765e+28,2.9090152074043187,2.234955531743716e+38
2.183169948253056,9.663685316390527,0.33370729481394734,0.018092972594988963,1.5230944633640986e+28,2.9146751906400805,2.2265666674630253e+38
2.1830304337729505,9.65981444088868,0.3338196838585931,0.01806588685429694,1.5177709040092202e+28,2.9054159699293547,2.225353729881216e+38
2.1828903069928516,9.672573335048579,0.33335794980011035,0.017805696847306037,1.5058168336944018e+28,2.883458023766161,2.228350496622667e+38
2.1827450796418026,9.661094507288704,0.33373182438683263,0.017889020033234698,1.503907829256116e+28,2.8807606652843347,2.225205387199548e+38
2.182597506460757,9.649516873746418,0.33410965044033974,0.018006088915619334,1.5047011647203745e+28,2.883254850566182,2.2220268952919292e+38
2.1824471410121364,9.669913921125335,0.3333819334331431,0.01752443073630489,1.4799940765120218e+28,2.8368890797489397,2.2269441933880107e+38
2.1821377672964433,9.639753312761679,0.3343776035596824,0.017843608066347962,1.483594769803148e+28,2.845807448697792,2.218794100928439e+38
2.1822940661942303,9.641309061106726,0.33434759389685764,0.017914818669239326,1.4907178711412577e+28,2.8584470167876055,2.2194450184538146e+38
2.1819787416754757,9.642593168299646,0.33425476452841957,0.01773365340925491,1.476625800653244e+28,2.8334719960139227,2.2192556091053205e+38
2.1818157607226216,9.639507342099929,0.3343367922501771,0.01771594836848419,1.4727926748914109e+28,2.827172384398634,2.2182061028381705e+38
2.1816502667783326,9.6402322786344,0.3342862924013087,0.017573342209971192,1.4614867241682206e+28,2.806533721880783,2.218120651295389e+38
2.181311596235059,9.633251783612923,0.3344765937521056,0.01752359428053161,1.4520807382929036e+28,2.790636507946123,2.2157982682982855e+38
2.181482070923426,9.641016938453713,0.3342333156835761,0.017482529895568803,1.4545261255492457e+28,2.7942440451357227,2.2180462116020157e+38
2.181137116819818,9.629191668494503,0.3345908591462188,0.01753926963329324,1.4503194754346008e+28,2.7883666845545174,2.214483794326382e+38
2.1809606364494347,9.621117882304464,0.3348445437292093,0.01749853913794483,1.4408955157040606e+28,2.7713692985808063,2.2121454719134134e+38
2.180782570275388,9.623115927612988,0.3347476870762471,0.017422923963703825,1.436159406112788e+28,2.7633879371556915,2.212366836798325e+38
2.1806012161088555,9.619327069458985,0.33485168878543375,0.01742169053673149,1.4332329040815118e+28,2.7589038678427538,2.2111107629150206e+38
2.1804189336298876,9.602361540376085,0.33541526679167555,0.017602748241453713,1.4354027143845439e+28,2.764235804889896,2.2064957944559296e+38
2.1802330800073517,9.599290128590761,0.3354939879294522,0.017611619415209247,1.4338307795369542e+28,2.762385736096049,2.2054142978955013e+38
2.1798583724429115,9.592516580030315,0.33567318910101185,0.01756514824985272,1.4250090729364872e+28,2.74775044754924,2.203087027806422e+38
2.1800480559460387,9.604503934098219,0.33528340897582054,0.01736594826680195,1.4176734762446524e+28,2.732416670464259,2.2064489643050318e+38
2.1796678698599936,9.579742378221388,0.33609142149022525,0.01774534118785132,1.4300674488735466e+28,2.7587094157734904,2.1995176879668817e+38
2.1794777492542052,9.58516058541123,0.33587214011028327,0.017423629535989717,1.4081165794524548e+28,2.7175494896237424,2.200602144018334e+38
2.1792835692191006,9.59055970273513,0.3356531493762088,0.017204991362753025,1.3943674701872797e+28,2.692213933602767,2.201672383766364e+38
2.1790897241881693,9.59195136830112,0.33557459886306135,0.01724833578319611,1.3988948023430715e+28,2.702156763141431,2.2017196144148606e+38
2.1788929062272837,9.592487477760368,0.335525536311119,0.017050362751222157,1.383225049269966e+28,2.6730954581877615,2.2015435379545137e+38
2.1786946841668993,9.580954296295294,0.3358988681880228,0.017130304771632958,1.3813761369503363e+28,2.670737031496348,2.198284647935972e+38
2.1782922157789844,9.568053887657708,0.3362896196971932,0.0173146772049348,1.3868691249772694e+28,2.6838351095750665,2.194348747828177e+38
2.1780886941964317,9.579047760892113,0.33587227604066283,0.01696840253364906,1.366959566560609e+28,2.6465427446856147,2.1968385750711735e+38
2.178495314479059,9.583719244932833,0.33577123093814526,0.017075642102767758,1.37895620619132e+28,2.667278538343196,2.1986753348742465e+38
2.1778831245861197,9.559030497127594,0.3365438493089277,0.017193965158042883,1.3707185670427469e+28,2.6550731717170035,2.1913932894236515e+38
2.1776752105297317,9.570189527400437,0.336119341450588,0.017018705247140213,1.3646843996249699e+28,2.644647157734091,2.1939223454012354e+38
2.1774645026383146,9.560520991649605,0.33642670308242006,0.016966744660212283,1.3536591969157082e+28,2.6245507013961853,2.1911168050125093e+38
2.1772509075742,9.558473291928818,0.3364657670173381,0.016953896931097646,1.351186230591726e+28,2.6210412580586064,2.190256497311588e+38
2.1770364507146467,9.560866866729476,0.3363483991808616,0.01692901393317849,1.350893255903388e+28,2.6217638937449563,2.190532463451395e+38
2.1768173880886494,9.559628084140336,0.3363581356383567,0.016843876582508122,1.3432289708804078e+28,2.6082013087953224,2.189871035827709e+38
2.1765964641497484,9.539431590187775,0.3370360502444557,0.017012564229071082,1.342410327675458e+28,2.6079348370131945,2.1843487362246413e+38
2.1763740838839554,9.552592728631664,0.33653730979861496,0.01681835101123346,1.3362654522476866e+28,2.59732358672019,2.1873751643180147e+38
2.1761480450809665,9.541398469577,0.3368971517481151,0.016832872962419494,1.3296012956930785e+28,2.58571282909299,2.1841527994824076e+38
2.17591881379245,9.539025733680434,0.3369454545661237,0.01681434076063175,1.326486895448571e+28,2.5810152776212023,2.1831857659724773e+38
2.1756890473820882,9.541716900694992,0.33681485196116484,0.016784179505992734,1.3259763197318851e+28,2.581384443822052,2.1835170739376735e+38
2.1754562147880603,9.513650000700764,0.33777236280095,0.017072016872723143,1.3289960765067358e+28,2.5886480782803054,2.1759439434459856e+38
2.1752215273702733,9.520289357640007,0.33750039030322926,0.016929957716019562,1.322542487476207e+28,2.5774676155825067,2.1772878073120526e+38
2.1747462884244024,9.527754472851255,0.33716227573555885,0.016735731849700796,1.3125036231579367e+28,2.56069920736975,2.1784659701843283e+38
2.1745066217098046,9.517807741736092,0.3374774367347406,0.01671659639695436,1.3041739273567347e+28,2.5458504524842347,2.1755392149511652e+38
2.174985081473995,9.509041058181891,0.3378628918769321,0.017100912951622717,1.3280240090198561e+28,2.5895575205419297,2.174026089920096e+38
2.174267285011106,9.521485530658833,0.3373099519451558,0.016682969260530638,1.3040670621208582e+28,2.547043233972095,2.176112659904236e+38
2.174024413114966,9.519737430104744,0.33733420645013584,0.016619827125893986,1.2979392606371727e+28,2.5364910468401383,2.1752865142937835e+38
2.1737807902042756,9.50939435702392,0.3376632713396249,0.016635759424029853,1.2921410949644667e+28,2.526575344747428,2.172251416439371e+38
2.1735354668377327,9.488164115790005,0.33838061731608204,0.01702471444869159,1.3076568519059362e+28,2.5583572261170073,2.1664039700174742e+38
2.1732904210202713,9.508247924109929,0.3376278037703832,0.016609828180418364,1.2893494626385842e+28,2.523962291760666,2.171197333382055e+38
2.173044844333797,9.491229346396791,0.3381949794520351,0.016690609713598953,1.2840666257079348e+28,2.515041537369914,2.166438695401785e+38
2.1727956537600757,9.487843726948523,0.33827686431136206,0.0166533433298476,1.278916137326773e+28,2.506390268172967,2.165181651217923e+38
2.1725482122514292,9.501375919898944,0.3377566098785979,0.016492921350096258,1.2756546346443157e+28,2.5014224565936827,2.1682835926938243e+38
2.172296769961858,9.496437588121363,0.33789313890253664,0.016497305170949196,1.272681165969603e+28,2.4970364542416426,2.166625011591075e+38
2.1720480194192704,9.492599129102063,0.33799106257861344,0.0164766568629627,1.268521463729747e+28,2.4903005006179377,2.1652546452095223e+38
2.17179372876762,9.466213995036869,0.33889346318312646,0.016808315848530216,1.2761708125831954e+28,2.5067843900037285,2.158059708977425e+38
2.171541658113012,9.488815345449547,0.33804701474378,0.0164139577915232,1.2611777662676853e+28,2.4787716922685563,2.1635003961301807e+38
2.171286967640505,9.468934385938585,0.33871704643863954,0.016538937939189983,1.2575236764901836e+28,2.473039709967048,2.1579858097824122e+38
2.1710332464246753,9.48092519591007,0.3382491308313908,0.016371146104981322,1.2526671880642913e+28,2.4649287984252304,2.1606876403696497e+38
2.170775342799561,9.479425074991457,0.3382624708250853,0.016352565530404442,1.2502558831769092e+28,2.4616457513146384,2.1599046006758254e+38
2.170243891162823,9.428655802814143,0.3400006096042038,0.01652728510498045,1.2301368993693223e+28,2.425000214591104,2.14596886403792e+38
2.1705184985513406,9.451199846919138,0.3392325213218566,0.016921678434146246,1.274621346559282e+28,2.511104449318752,2.152227880517374e+38
2.169998650196855,9.468780527787723,0.3385215716703239,0.01626681008832155,1.236732191900185e+28,2.43937963999265,2.1559707723793195e+38
2.1697235528408245,9.422620783584833,0.34013680302405386,0.016493543318976404,1.2237016580151864e+28,2.4152082265051695,2.143612449688453e+38
2.1689456823375095,9.458925224131267,0.3387098440679098,0.016216486219632585,1.2265033418088543e+28,2.425081863860248,2.1518180796975272e+38
2.1694755101903977,9.43101515342513,0.33979520382410333,0.01702583655392037,1.2688307363070085e+28,2.5057109916428884,2.1454121896314626e+38
2.1692122016767144,9.461968086528882,0.3386425259664803,0.01623614178124963,1.2299663982395064e+28,2.4304355077952695,2.153010708366627e+38
2.168665238361013,9.41063079980969,0.3404040495834772,0.016428244381847045,1.2111218768034083e+28,2.3962178868701596,2.138894030910498e+38
2.1684121716395452,9.417557437468943,0.34011398818682204,-0.04255899957959819,-3.1490953892767976e+28,-6.234156233055532,2.140307561710059e+38
2.1681458626902645,9.442369406590547,0.3391786008556993,0.016245818266326175,1.218006323363484e+28,2.4127265869771346,2.1463259910088273e+38
2.1678601376381748,9.401764163489158,0.3405985869466148,0.016379420658383267,1.2018446071464526e+28,2.3822814459627613,2.1353722583034132e+38
2.167605525622995,9.431282502584974,0.3394926926477511,0.016170942341482124,1.2052915586380703e+28,2.3905174346157603,2.1426384584337755e+38
2.1673173341880387,9.396274632209163,0.3407122416966303,0.016338612747734543,1.1953544576899651e+28,2.3723853346437656,2.1331248584294034e+38
2.166773355976541,9.390790792744191,0.3408256379615503,0.016299017173262577,1.1889819510989438e+28,2.3627016075317235,2.130878881556266e+38
2.167060791299302,9.430096143248246,0.33945007514029407,0.01617102704979587,1.2045399919956728e+28,2.39203097308048,2.1415032190674555e+38
2.1662359206623805,9.420239201300705,0.3396759178451937,0.016110452069238362,1.1937692772630782e+28,2.375158957805157,2.137702163794177e+38
2.1656808351518877,9.421359219553718,0.33954850726195424,0.015954217459777285,1.1828953906151387e+28,2.3565416529911345,2.1371488484655956e+38
2.166511126129634,9.408984609770245,0.34012542756490816,0.016386197759741043,1.2069658991802552e+28,2.3998905145338654,2.1352054904026073e+38
2.1659573881972776,9.417204886721214,0.339741675449196,0.01608386358282279,1.1898809040880631e+28,2.3689451260376897,2.1364944262408877e+38
2.164555939370684,9.404440888444924,0.3399826604812429,0.01602017898878807,1.1771594312738267e+28,2.3512145715672923,2.1310692934241636e+38
2.1648398581478205,9.398692818589858,0.34023520955498593,0.016155023397400547,1.183444475539497e+28,2.362218451225753,2.130011223974109e+38
2.1654022732943896,9.412105445666304,0.3398386262952666,0.016063508517994995,1.185160982376227e+28,2.3625741677316996,2.1343345627587503e+38
2.165121583201831,9.410365504552907,0.3398574014772875,0.016050591993090467,1.1831138339441456e+28,2.36002244585556,2.13345905891423e+38
2.164273311035119,9.396500001409061,0.3402255469790461,0.016008271683986715,1.171326730750408e+28,2.341092547404673,2.128586903280694e+38
2.163705544679875,9.39126594231519,0.340325862700817,0.015927810471223124,1.162197112332681e+28,2.325894703625324,2.126374596592218e+38
2.1634195052045646,9.393164722786336,0.3402120859514342,0.015952231162839163,1.165156181501059e+28,2.333358591694422,2.126434424061885e+38
2.163990963773828,9.390444406424855,0.34040053362567774,0.01614420806307105,1.1774717406436232e+28,2.354910064563192,2.126592450034608e+38
2.1628318517806133,9.35145024098118,0.3416368623864741,0.0160691695655453,1.1478662517809794e+28,2.3018581196008143,2.114719977929572e+38
2.1631308290675126,9.396893498285845,0.3400317083777465,0.015733366446703576,1.1514529553971005e+28,2.3074553803696016,2.126962053296129e+38
2.16255519009872,9.383461627563491,0.3404278270135091,0.015840197930752028,1.1510098309494859e+28,2.309638879403132,2.122618382165834e+38
2.16226312909598,9.377105229301879,0.340612583453221,0.01586440287618427,1.1488694889382401e+28,2.3069013839014514,2.1205310818721555e+38
